95.0  255.00 0.0
95.0 69.53 255.00 0.0
95.0 69.64 255.00 0.0
95.0 69.66 255.00 0.0
95.0 
95.0 69.60 255.00 0.0
95.0 69.57 248.64 0.0
95.0 69.43 255.00 0.0
95.0 69.41 248.07 0.2
95.0 69.35 255.00 1.8
95.0 69.38 255.00 2.5
95.0 69.37 255.00 5.0
95.0 69.33 255.00 7.2
95.0 69.44 255.00 8.8
95.0 69.31 255.00 10.4
95.0 69.35 255.00 11.7
95.0 69.41 255.00 12.8
95.0 69.30 255.00 13.8
95.0 69.27 255.00 14.9
95.0 69.29 255.00 16.2
95.0 69.25 255.00 17.1
95.0 69.27 255.00 17.7
95.0 69.11 255.00 18.5
95.0 69.00 255.00 19.4
95.0 68.94 255.00 19.8
95.0 68.84 255.00 20.2
95.0 68.95 255.00 20.7
95.0 68.85 255.00 21.1
95.0 68.84 255.00 21.7
95.0 68.95 255.00 22.1
95.0 68.79 255.00 22.3
95.0 68.75 255.00 22.8
95.0 68.75 255.00 22.9
95.0 68.63 255.00 23.0
95.0 68.63 255.00 23.5
95.0 68.54 255.00 23.5
95.0 68.52 255.00 23.7
95.0 68.71 255.00 23.9
95.0 68.92 255.00 24.1
95.0 69.09 255.00 24.1
95.0 69.15 255.00 24.2
95.0 69.18 255.00 24.5
95.0 69.32 255.00 24.7
95.0 69.31 255.00 24.5
95.0 69.28 255.00 24.7
95.0 69.37 255.00 24.8
95.0 69.23 255.00 24.7
95.0 69.25 255.00 24.8
95.0 69.27 255.00 24.8
95.0 69.16 255.00 24.8
95.0 69.00 255.00 25.1
95.0 68.85 255.00 25.1
95.0 68.85 255.00 25.2
95.0 68.72 255.00 25.1
95.0 68.70 255.00 25.1
95.0 68.69 255.00 24.8
95.0 68.73 255.00 24.7
95.0 68.82 255.00 25.0
95.0 68.89 255.00 24.8
95.0 68.92 255.00 24.7
95.0 69.00 255.00 24.7
95.0 69.05 255.00 25.0
95.0 69.07 255.00 24.7
95.0 69.04 255.00 24.7
95.0 69.08 255.00 24.7
95.0 69.10 255.00 24.6
95.0 69.07 255.00 25.0
95.0 69.09 255.00 24.7
95.0 69.10 255.00 24.4
95.0 69.12 255.00 24.8
95.0 69.04 255.00 24.9
95.0 69.00 255.00 24.8
95.0 69.02 255.00 24.7
95.0 68.98 255.00 24.7
95.0 68.96 255.00 24.7
95.0 68.99 255.00 24.7
95.0 69.00 255.00 24.7
95.0 68.98 255.00 24.2
95.0 68.96 255.00 24.5
95.0 68.95 255.00 24.6
95.0 69.02 255.00 24.0
95.0 69.15 255.00 23.9
95.0 69.28 255.00 23.9
95.0 69.39 255.00 23.7
95.0 69.51 255.00 23.7
95.0 69.59 255.00 24.0
95.0 69.72 255.00 23.6
95.0 69.80 255.00 23.6
95.0 69.88 255.00 23.7
95.0 69.96 255.00 23.5
95.0 70.02 255.00 23.5
95.0 70.05 255.00 23.5
95.0 70.11 255.00 23.9
95.0 70.13 255.00 23.7
95.0 70.14 255.00 23.5
95.0 70.11 255.00 24.1
95.0 70.05 255.00 23.5
95.0 70.06 255.00 23.7
95.0 70.07 255.00 23.4
95.0 70.07 255.00 23.3
95.0 70.01 255.00 23.7
95.0 69.96 255.00 23.4
95.0 70.00 255.00 23.7
95.0 69.99 255.00 23.7
95.0 69.96 255.00 23.2
95.0 69.98 255.00 23.5
95.0 69.97 255.00 23.7
95.0 69.95 255.00 23.5
95.0 69.99 255.00 23.1
95.0 70.00 255.00 23.5
95.0 70.06 255.00 23.5
95.0 70.03 255.00 23.0
95.0 70.06 255.00 23.4
95.0 70.09 255.00 23.1
95.0 70.14 255.00 23.0
95.0 70.23 255.00 23.1
95.0 70.36 255.00 22.8
95.0 70.48 255.00 22.8
95.0 70.58 255.00 22.7
95.0 70.68 255.00 22.8
95.0 70.72 255.00 22.7
95.0 70.71 255.00 22.8
95.0 70.72 255.00 23.0
95.0 70.66 255.00 23.0
95.0 70.65 255.00 22.8
95.0 70.60 255.00 22.8
95.0 70.53 255.00 22.9
95.0 70.54 255.00 22.5
95.0 70.52 255.00 22.7
95.0 70.77 255.00 22.5
95.0 70.82 255.00 22.5
95.0 71.01 255.00 22.5
95.0 71.11 255.00 22.7
95.0 71.18 255.00 22.6
95.0 71.10 255.00 22.6
95.0 71.21 255.00 22.4
95.0 71.20 255.00 22.5
95.0 71.30 255.00 22.4
95.0 71.28 255.00 22.3
95.0 71.30 255.00 22.3
95.0 71.49 255.00 22.4
95.0 71.62 255.00 22.4
95.0 71.61 255.00 22.3
95.0 71.65 255.00 22.2
95.0 71.66 255.00 22.3
95.0 71.79 255.00 22.2
95.0 71.81 255.00 22.2
95.0 71.95 255.00 22.2
95.0 72.01 255.00 22.2
95.0 72.08 255.00 22.1
95.0 72.12 255.00 22.2
95.0 72.18 255.00 22.0
95.0 72.21 255.00 22.0
95.0 72.34 255.00 21.9
95.0 72.40 255.00 21.5
95.0 72.48 255.00 22.0
95.0 72.53 255.00 22.9
95.0 72.58 255.00 22.2
95.0 72.67 255.00 21.3
95.0 72.77 255.00 21.5
95.0 72.87 255.00 21.9
95.0 72.90 255.00 22.4
95.0 72.98 255.00 22.0
95.0 73.06 255.00 21.8
95.0 73.12 255.00 21.6
95.0 73.18 255.00 21.4
95.0 73.21 255.00 21.3
95.0 73.31 255.00 21.7
95.0 73.41 255.00 22.1
95.0 73.49 255.00 21.9
95.0 73.56 255.00 21.4
95.0 73.63 255.00 21.5
95.0 73.90 255.00 21.8
95.0 74.14 255.00 21.7
95.0 73.95 255.00 21.6
95.0 73.88 255.00 21.5
95.0 73.97 255.00 21.1
95.0 74.15 255.00 21.3
95.0 74.16 255.00 21.9
95.0 74.06 255.00 21.7
95.0 74.13 255.00 21.8
95.0 74.35 255.00 21.1
95.0 74.47 255.00 21.1
95.0 74.45 255.00 21.7
95.0 74.50 255.00 21.2
95.0 74.66 255.00 21.4
95.0 74.69 255.00 21.5
95.0 74.70 255.00 21.5
95.0 74.73 255.00 21.5
95.0 74.81 255.00 21.3
95.0 74.94 255.00 21.3
95.0 75.16 255.00 21.2
95.0 75.33 255.00 21.3
95.0 75.66 255.00 21.3
95.0 75.70 255.00 21.1
95.0 75.82 255.00 21.3
95.0 75.79 255.00 21.1
95.0 75.79 255.00 21.1
95.0 75.82 255.00 21.1
95.0 75.95 255.00 21.1
95.0 75.99 255.00 21.3
95.0 76.03 255.00 21.1
95.0 76.06 255.00 21.1
95.0 76.03 255.00 21.1
95.0 76.14 255.00 21.3
95.0 76.22 255.00 21.8
95.0 76.31 255.00 20.7
95.0 76.40 255.00 20.4
95.0 76.50 255.00 21.3
95.0 76.54 255.00 21.7
95.0 76.58 255.00 20.7
95.0 76.64 255.00 20.6
95.0 76.72 255.00 20.9
95.0 76.79 255.00 21.4
95.0 76.83 255.00 20.9
95.0 76.92 255.00 20.6
95.0 77.00 255.00 21.1
95.0 76.99 255.00 21.1
95.0 76.87 255.00 20.7
95.0 77.28 255.00 20.8
95.0 77.33 255.00 20.9
95.0 77.17 255.00 21.3
95.0 77.17 255.00 21.1
95.0 77.43 255.00 20.7
95.0 77.58 255.00 20.7
95.0 77.54 255.00 20.7
95.0 77.50 255.00 21.1
95.0 77.61 255.00 20.4
95.0 77.83 255.00 20.9
95.0 77.85 255.00 20.5
95.0 77.92 255.00 21.0
95.0 77.99 255.00 20.9
95.0 78.08 255.00 20.6
95.0 78.25 255.00 20.7
95.0 78.34 255.00 20.5
95.0 78.39 255.00 20.7
95.0 78.41 255.00 20.7
95.0 78.37 255.00 20.5
95.0 78.34 255.00 20.7
95.0 78.61 255.00 20.5
95.0 78.66 255.00 20.5
95.0 78.68 255.00 20.6
95.0 78.82 255.00 20.5
95.0 78.80 255.00 20.6
95.0 78.99 255.00 20.5
95.0 79.04 255.00 20.6
95.0 79.08 255.00 20.5
95.0 79.24 255.00 20.6
95.0 79.36 255.00 20.5
95.0 79.40 255.00 20.3
95.0 79.59 255.00 20.0
95.0 79.73 255.00 20.5
95.0 79.80 255.00 21.5
95.0 79.86 255.00 20.0
95.0 79.91 255.00 19.9
95.0 80.02 255.00 20.0
95.0 80.09 255.00 20.9
95.0 80.03 255.00 20.5
95.0 80.13 255.00 20.0
95.0 80.21 255.00 20.7
95.0 80.29 255.00 20.6
95.0 80.40 255.00 20.1
95.0 80.72 255.00 20.7
95.0 80.48 255.00 20.2
95.0 80.69 255.00 20.4
95.0 81.02 255.00 19.9
95.0 81.05 255.00 20.0
95.0 81.17 255.00 20.2
95.0 81.35 255.00 20.0
95.0 81.28 255.00 20.5
95.0 81.38 255.00 20.1
95.0 81.51 255.00 20.2
95.0 81.49 255.00 20.5
95.0 81.54 255.00 20.2
95.0 81.78 255.00 20.2
95.0 81.96 255.00 20.3
95.0 81.84 255.00 20.1
95.0 81.98 255.00 20.2
95.0 81.98 255.00 20.2
95.0 82.01 255.00 20.0
95.0 82.14 255.00 20.2
95.0 82.18 255.00 20.1
95.0 82.23 255.00 20.2
95.0 82.33 255.00 20.2
95.0 82.43 255.00 20.8
95.0 82.48 255.00 19.8
95.0 82.59 255.00 20.2
95.0 82.66 255.00 20.8
95.0 82.72 255.00 19.6
95.0 82.81 255.00 19.9
95.0 82.89 255.00 20.4
95.0 82.97 255.00 20.4
95.0 83.03 255.00 19.8
95.0 83.09 255.00 20.5
95.0 83.08 255.00 19.9
95.0 83.53 255.00 20.0
95.0 83.64 255.00 20.4
95.0 83.44 255.00 20.4
95.0 83.63 255.00 20.4
95.0 83.77 255.00 19.8
95.0 83.69 255.00 20.2
95.0 83.85 255.00 20.0
95.0 83.93 255.00 20.4
95.0 83.97 255.00 20.2
95.0 84.04 255.00 20.0
95.0 84.10 255.00 20.0
95.0 84.05 255.00 20.0
95.0 83.91 255.00 20.0
95.0 83.88 255.00 20.0
95.0 84.14 255.00 20.0
95.0 84.02 255.00 20.0
95.0 84.15 255.00 20.0
95.0 84.17 255.00 20.0
95.0 84.15 255.00 19.9
95.0 84.34 255.00 19.9
95.0 84.37 255.00 19.8
95.0 84.44 255.00 19.6
95.0 84.67 255.00 19.4
95.0 84.74 255.00 20.7
95.0 84.84 255.00 19.4
95.0 84.97 255.00 19.9
95.0 84.90 255.00 20.0
95.0 85.05 255.00 19.5
95.0 85.19 255.00 20.2
95.0 85.28 255.00 19.6
95.0 85.44 255.00 20.0
95.0 85.29 255.00 20.0
95.0 85.19 255.00 19.6
95.0 85.63 255.00 19.9
95.0 85.50 255.00 20.4
95.0 85.67 255.00 19.6
95.0 85.75 255.00 19.4
95.0 85.78 255.00 19.8
95.0 85.96 255.00 19.8
95.0 85.97 255.00 19.8
95.0 86.10 255.00 19.6
95.0 86.32 255.00 19.6
95.0 86.45 255.00 19.8
95.0 86.38 255.00 19.7
95.0 86.57 255.00 19.8
95.0 86.67 255.00 19.7
95.0 86.69 255.00 19.7
95.0 86.70 255.00 19.6
95.0 86.72 255.00 19.7
95.0 86.80 255.00 19.8
95.0 86.77 255.00 20.2
95.0 86.85 255.00 19.8
95.0 86.88 255.00 20.4
95.0 86.92 255.00 19.4
95.0 86.98 255.00 20.1
95.0 87.08 255.00 19.4
95.0 87.13 255.00 19.4
95.0 87.22 255.00 20.0
95.0 86.92 255.00 19.4
95.0 86.66 255.00 19.7
95.0 86.72 255.00 19.8
95.0 86.96 255.00 19.5
95.0 87.22 255.00 19.4
95.0 87.37 255.00 20.0
95.0 87.63 255.00 19.5
95.0 87.75 255.00 19.4
95.0 87.81 255.00 19.7
95.0 87.98 255.00 19.6
95.0 87.98 255.00 19.6
95.0 87.94 255.00 19.5
95.0 88.06 255.00 19.6
95.0 88.05 255.00 19.7
95.0 88.24 255.00 19.4
95.0 88.14 255.00 19.6
95.0 88.24 255.00 19.6
95.0 88.21 255.00 19.4
95.0 88.39 255.00 19.6
95.0 88.51 255.00 19.2
95.0 88.57 255.00 19.5
95.0 88.67 255.00 19.7
95.0 88.72 255.00 19.4
95.0 88.88 255.00 20.1
95.0 88.99 255.00 19.4
95.0 89.09 255.00 19.6
95.0 89.18 241.09 19.7
95.0 89.26 255.00 19.4
95.0 89.68 184.82 19.6
95.0 89.35 255.00 19.3
95.0 89.42 245.16 19.0
95.0 89.68 212.40 18.8
95.0 89.75 229.09 18.7
95.0 89.73 228.48 18.5
95.0 89.80 238.26 18.4
95.0 89.66 244.98 18.7
95.0 89.57 253.58 18.7
95.0 89.52 250.53 18.7
95.0 89.53 245.92 18.7
95.0 89.70 210.08 18.7
95.0 89.77 228.66 18.7
95.0 89.79 232.59 19.2
95.0 89.89 219.86 18.5
95.0 89.98 206.23 18.1
95.0 89.98 226.08 18.1
95.0 90.10 207.83 18.2
95.0 89.78 255.00 17.7
95.0 89.63 255.00 18.2
95.0 90.06 167.36 18.3
95.0 90.40 173.15 17.9
95.0 90.53 179.10 17.6
95.0 90.64 194.13 17.1
95.0 90.70 178.75 16.8
95.0 90.79 179.61 16.9
95.0 91.15 137.29 16.2
95.0 91.43 133.16 16.0
95.0 91.68 116.81 15.9
95.0 91.59 155.85 14.8
95.0 91.64 153.06 14.7
95.0 91.56 156.87 14.4
95.0 91.48 165.87 14.5
95.0 91.68 129.85 14.3
95.0 91.72 143.40 13.8
95.0 91.76 135.44 13.5
95.0 91.88 134.85 13.2
95.0 92.13 97.11 13.2
95.0 92.17 117.30 12.9
95.0 92.16 122.71 12.7
95.0 92.16 134.22 12.4
95.0 92.02 142.29 12.5
95.0 91.99 133.40 11.9
95.0 92.04 133.75 11.9
95.0 91.88 151.79 11.9
95.0 91.77 156.13 11.6
95.0 91.63 165.50 11.8
95.0 91.95 104.92 11.9
95.0 91.88 141.77 11.5
95.0 91.99 124.29 11.4
95.0 92.18 107.60 11.3
95.0 92.26 115.06 11.2
95.0 92.43 93.28 10.9
95.0 92.82 59.27 10.9
95.0 92.88 79.92 10.8
95.0 92.89 85.23 9.9
95.0 93.04 63.85 9.8
95.0 92.95 94.69 9.4
95.0 92.86 97.11 9.2
95.0 92.97 67.01 9.5
95.0 92.97 78.95 8.9
95.0 92.84 106.75 8.8
95.0 92.90 79.40 8.8
95.0 93.24 34.09 8.5
95.0 93.26 69.00 8.5
95.0 93.19 82.24 8.4
95.0 93.55 13.63 7.6
95.0 93.64 43.52 7.7
95.0 93.71 47.68 7.1
95.0 94.07 -6.54 7.4
95.0 94.01 47.55 6.9
95.0 93.91 54.58 6.7
95.0 94.10 15.61 6.5
95.0 94.13 32.69 6.7
95.0 94.35 -0.35 6.4
95.0 94.12 60.98 6.0
95.0 94.10 39.25 6.1
95.0 94.04 46.83 5.8
95.0 94.12 24.82 5.8
95.0 94.19 22.92 5.4
95.0 94.26 24.99 5.2
95.0 94.22 34.45 4.8
95.0 94.19 36.67 4.6
95.0 94.35 8.33 4.5
95.0 94.55 -7.98 4.8
95.0 94.68 -0.96 4.5
95.0 94.65 17.27 4.7
95.0 94.62 19.15 4.6
95.0 94.60 18.60 4.3
95.0 94.67 4.17 4.2
95.0 94.59 24.79 3.8
95.0 94.67 5.37 3.7
95.0 94.73 2.49 3.7
95.0 94.70 15.60 3.3
95.0 94.71 9.33 3.1
95.0 94.78 2.27 2.8
95.0 94.69 22.33 2.8
95.0 94.71 10.25 2.8
95.0 94.72 9.17 2.6
95.0 94.69 16.28 2.5
95.0 94.75 2.99 2.6
95.0 94.81 -0.25 2.2
95.0 94.86 -0.19 2.3
95.0 94.86 5.80 2.6
95.0 94.86 5.55 2.4
95.0 94.91 -2.52 2.4
95.0 94.90 4.62 2.4
95.0 95.04 -18.56 2.5
95.0 95.07 -6.46 2.3
95.0 95.05 0.20 2.6
95.0 95.08 -6.68 2.9
95.0 95.06 0.28 2.8
95.0 95.08 -6.83 2.8
95.0 95.06 0.15 2.8
95.0 95.19 -22.26 2.8
95.0 95.20 -10.54 3.5
95.0 95.03 18.34 3.0
95.0 95.06 -5.96 3.1
95.0 94.90 22.15 3.4
95.0 94.89 4.92 3.3
95.0 94.57 56.34 3.3
95.0 94.69 -2.86 3.1
95.0 94.86 -10.99 3.3
95.0 94.86 5.93 3.4
95.0 94.95 -9.58 3.3
95.0 95.04 -11.47 3.5
95.0 95.27 -36.65 4.3
95.0 95.23 -5.42 4.0
95.0 95.00 26.12 4.3
95.0 94.90 16.04 4.0
95.0 94.94 -2.81 3.8
95.0 94.84 18.17 3.9
95.0 94.89 -1.43 3.9
95.0 94.93 -1.76 3.7
95.0 94.97 -3.64 3.9
95.0 94.87 17.77 3.9
95.0 94.77 20.09 3.7
95.0 94.87 -6.60 3.9
95.0 95.17 -40.81 3.6
95.0 95.19 -10.14 4.1
95.0 95.20 -10.92 4.3
95.0 95.17 -4.07 4.6
95.0 95.19 -9.75 4.6
95.0 95.01 18.81 4.3
95.0 95.00 1.94 4.1
95.0 95.13 -20.99 4.1
95.0 95.20 -16.45 4.2
95.0 95.26 -18.44 4.3
95.0 95.27 -13.62 4.5
95.0 95.27 -12.84 4.6
95.0 95.28 -13.55 4.6
95.0 95.34 -21.15 4.7
95.0 95.24 -0.93 5.2
95.0 95.40 -35.40 4.8
95.0 95.44 -24.14 5.6
95.0 95.48 -26.84 5.0
95.0 95.56 -34.16 5.1
95.0 95.64 -37.39 5.3
95.0 95.66 -32.22 5.8
95.0 95.72 -40.31 6.0
95.0 95.73 -33.43 6.1
95.0 95.37 21.22 6.0
95.0 95.42 -23.36 6.1
95.0 95.31 -2.19 5.9
95.0 95.36 -21.69 5.8
95.0 95.36 -15.55 5.8
95.0 95.61 -54.31 5.5
95.0 95.35 13.77 6.1
95.0 95.30 -7.65 5.7
95.0 95.25 -6.23 5.6
95.0 95.12 10.81 5.6
95.0 95.24 -23.92 5.4
95.0 95.40 -35.18 5.4
95.0 95.64 -55.58 5.2
95.0 95.52 -8.71 5.6
95.0 95.45 -11.14 5.8
95.0 95.44 -19.95 5.7
95.0 95.58 -40.87 5.9
95.0 95.55 -22.93 5.9
95.0 95.48 -13.50 5.8
95.0 95.47 -21.03 5.9
95.0 95.46 -18.56 5.7
95.0 95.21 16.32 6.0
95.0 95.22 -10.80 5.6
95.0 95.28 -19.32 5.5
95.0 95.29 -13.78 5.4
95.0 95.29 -13.38 5.5
95.0 95.11 13.29 5.6
95.0 95.28 -31.97 5.4
95.0 95.38 -28.63 5.0
95.0 95.38 -16.13 5.1
95.0 95.63 -54.97 5.4
95.0 95.46 -2.85 5.6
95.0 95.44 -17.20 5.4
95.0 95.38 -12.53 5.8
95.0 95.38 -16.14 5.3
95.0 95.10 25.48 5.3
95.0 95.07 -0.13 5.2
95.0 95.15 -14.82 5.1
95.0 95.12 -2.29 5.2
95.0 95.24 -24.15 5.0
95.0 95.15 2.09 4.9
95.0 95.12 -1.59 4.8
95.0 95.09 -1.18 4.8
95.0 95.12 -7.82 4.8
95.0 94.95 21.57 4.5
95.0 94.99 -3.60 3.9
95.0 94.98 2.55 4.4
95.0 95.01 -4.73 4.1
95.0 95.09 -13.14 4.3
95.0 95.22 -23.16 4.3
95.0 95.18 -4.44 4.3
95.0 95.40 -42.04 4.0
95.0 95.34 -10.96 4.5
95.0 95.11 21.44 4.3
95.0 95.03 6.63 4.3
95.0 95.21 -30.93 4.2
95.0 95.13 2.85 3.9
95.0 95.56 -74.82 3.9
95.0 95.26 22.07 4.5
95.0 95.13 8.44 4.2
95.0 94.78 51.47 4.1
95.0 94.79 7.45 4.1
95.0 94.70 22.07 3.8
95.0 94.71 10.00 4.1
95.0 94.78 2.27 3.7
95.0 94.69 22.33 3.4
95.0 94.90 -21.38 3.1
95.0 94.85 11.98 3.4
95.0 94.76 20.58 3.0
95.0 94.63 29.91 3.4
95.0 94.75 -4.18 2.8
95.0 94.85 -5.06 3.5
95.0 94.85 5.73 3.3
95.0 94.76 20.74 3.1
95.0 94.67 22.83 3.0
95.0 94.46 45.81 2.8
95.0 94.41 30.52 2.5
95.0 94.31 38.22 2.9
95.0 94.36 20.05 3.1
95.0 94.37 25.89 3.2
95.0 94.32 31.92 2.9
95.0 94.05 68.34 3.1
95.0 93.99 48.04 2.9
95.0 93.94 49.61 3.3
95.0 93.89 49.12 3.5
95.0 93.84 50.26 3.5
95.0 93.80 55.59 3.6
95.0 93.82 44.99 3.7
95.0 93.82 47.16 4.2
95.0 93.74 58.91 3.9
95.0 93.85 34.71 4.0
95.0 93.86 46.21 3.9
95.0 93.91 36.41 4.1
95.0 93.77 67.17 4.0
95.0 93.69 60.11 4.1
95.0 93.67 57.30 4.2
95.0 93.47 83.34 4.3
95.0 93.61 41.73 3.9
95.0 93.50 73.31 4.1
95.0 93.45 66.46 4.5
95.0 93.36 77.38 5.0
95.0 93.32 72.89 5.1
95.0 93.16 91.46 5.1
95.0 93.23 64.16 5.5
95.0 93.07 93.58 5.5
95.0 92.98 97.28 6.0
95.0 93.31 26.51 6.0
95.0 93.19 84.87 6.1
95.0 93.12 84.08 5.9
95.0 93.07 85.75 6.0
95.0 92.84 113.69 6.0
95.0 92.77 99.83 6.3
95.0 92.74 99.39 7.1
95.0 92.77 84.13 6.7
95.0 92.66 104.38 7.1
95.0 92.65 102.45 7.3
95.0 92.42 134.77 7.1
95.0 92.13 153.37 7.6
95.0 92.17 111.32 8.4
95.0 92.08 140.85 8.4
95.0 92.22 98.94 9.1
95.0 92.16 117.26 8.9
95.0 92.11 129.49 9.2
95.0 91.86 162.07 9.1
95.0 91.84 138.09 9.7
95.0 91.91 118.99 10.2
95.0 91.88 142.76 10.1
95.0 91.86 143.51 10.1
95.0 91.84 144.18 10.6
95.0 91.74 151.24 10.9
95.0 91.64 166.65 11.9
95.0 91.48 169.17 11.6
95.0 91.54 142.31 11.9
95.0 91.46 173.16 12.0
95.0 91.53 142.63 12.3
95.0 91.37 178.86 12.9
95.0 91.44 145.24 12.8
95.0 91.51 157.81 13.0
95.0 91.53 147.83 13.0
95.0 91.33 184.89 13.6
95.0 91.36 160.40 13.6
95.0 91.66 120.00 13.8
95.0 91.62 149.91 13.7
95.0 91.54 170.48 13.1
95.0 91.68 127.32 13.8
95.0 91.55 161.89 13.6
95.0 91.44 172.06 14.2
95.0 91.42 163.36 13.8
95.0 91.35 170.17 13.9
95.0 91.22 177.31 14.1
95.0 91.05 201.43 15.3
95.0 90.94 185.88 14.6
95.0 90.89 190.71 14.7
95.0 90.59 227.42 14.7
95.0 90.79 170.02 15.3
95.0 90.59 211.24 15.6
95.0 90.52 207.60 15.9
95.0 90.51 203.46 16.1
95.0 90.46 209.91 16.4
95.0 90.41 202.63 16.5
95.0 90.45 200.93 17.4
95.0 90.52 193.55 17.0
95.0 90.47 200.68 17.4
95.0 90.38 217.09 17.4
95.0 90.97 121.80 17.5
95.0 90.71 219.12 17.1
95.0 90.52 213.43 17.0
95.0 90.38 230.14 17.2
95.0 90.26 216.86 17.5
95.0 90.27 211.61 17.8
95.0 90.28 211.22 17.8
95.0 90.29 210.87 18.1
95.0 90.26 207.27 18.0
95.0 90.15 220.25 18.3
95.0 90.09 236.41 18.4
95.0 90.04 219.03 17.8
95.0 90.03 224.35 18.2
95.0 89.94 236.37 18.9
95.0 89.90 233.17 19.2
95.0 89.83 230.26 19.0
95.0 89.76 252.65 19.0
95.0 89.70 234.27 18.8
95.0 89.65 246.40 19.0
95.0 89.60 237.52 19.3
95.0 89.51 255.00 19.4
95.0 89.44 247.21 19.9
95.0 89.41 243.42 20.6
95.0 89.38 255.00 20.8
95.0 89.36 244.93 20.6
95.0 89.38 250.92 20.1
95.0 89.36 245.02 20.0
95.0 89.30 255.00 20.1
95.0 89.28 247.35 20.2
95.0 89.39 241.32 21.5
95.0 89.37 255.00 21.7
95.0 89.35 255.00 21.9
95.0 89.29 251.86 22.1
95.0 89.27 255.00 20.4
95.0 89.22 253.91 20.9
95.0 89.18 255.00 21.2
95.0 89.17 255.00 21.3
95.0 89.05 255.00 21.4
95.0 89.02 255.00 21.6
95.0 89.16 236.84 21.6
95.0 89.16 255.00 21.4
95.0 89.00 255.00 21.5
95.0 88.90 255.00 21.5
95.0 89.05 253.05 21.7
95.0 89.14 254.54 21.4
95.0 89.31 227.35 21.6
95.0 89.17 255.00 21.5
95.0 89.09 255.00 21.4
95.0 89.06 255.00 21.5
95.0 89.27 223.35 21.5
95.0 89.47 229.31 21.2
95.0 89.24 255.00 21.2
95.0 89.08 255.00 21.1
95.0 89.21 247.59 21.3
95.0 89.12 255.00 21.1
95.0 88.86 255.00 21.1
95.0 88.69 255.00 21.3
95.0 88.70 255.00 20.9
95.0 88.82 252.18 21.5
95.0 88.90 255.00 21.5
95.0 88.84 255.00 21.3
95.0 88.76 255.00 21.1
95.0 88.92 244.36 21.0
95.0 89.07 239.77 21.5
95.0 89.24 254.20 20.9
95.0 89.35 230.75 20.9
95.0 89.46 239.16 21.3
95.0 89.55 236.02 20.4
95.0 89.59 239.21 21.1
95.0 89.51 244.99 20.7
95.0 89.32 255.00 20.7
95.0 89.14 255.00 20.4
95.0 89.02 255.00 20.7
95.0 88.96 255.00 20.4
95.0 89.19 251.66 21.0
95.0 89.22 244.50 20.9
95.0 88.95 255.00 21.1
95.0 88.97 255.00 20.7
95.0 89.41 193.02 20.6
95.0 89.68 212.43 20.9
95.0 89.40 255.00 20.4
95.0 89.22 255.00 20.6
95.0 89.09 255.00 20.4
95.0 88.86 255.00 20.4
95.0 89.06 247.97 20.0
95.0 88.95 255.00 20.1
95.0 89.01 251.14 20.2
95.0 88.75 255.00 20.6
95.0 88.68 255.00 20.7
95.0 88.76 255.00 20.4
95.0 88.84 255.00 20.2
95.0 88.96 255.00 20.5
95.0 89.02 255.00 21.1
95.0 89.07 249.25 20.2
95.0 89.04 255.00 20.1
95.0 89.13 242.54 20.5
95.0 89.17 255.00 20.9
95.0 89.21 255.00 21.2
95.0 89.25 255.00 20.3
95.0 89.28 242.74 19.5
95.0 89.31 253.40 21.1
95.0 89.33 252.55 21.0
95.0 89.48 233.72 20.8
95.0 89.53 230.15 20.8
95.0 89.53 245.79 20.5
95.0 89.62 233.74 20.6
95.0 89.61 232.35 20.0
95.0 89.65 248.22 19.9
95.0 89.72 219.28 19.9
95.0 89.79 227.98 19.7
95.0 89.89 209.10 19.6
95.0 89.98 227.24 19.8
95.0 89.94 222.12 19.8
95.0 90.02 215.25 19.9
95.0 90.02 224.72 18.1
95.0 90.06 218.87 18.3
95.0 90.13 201.53 18.9
95.0 90.20 199.42 19.5
95.0 90.30 211.04 18.5
95.0 90.39 188.30 18.9
95.0 90.39 207.44 17.9
95.0 90.35 213.49 18.0
95.0 90.52 183.90 17.7
95.0 90.82 149.12 18.0
95.0 90.82 196.79 17.3
95.0 90.81 180.10 16.6
95.0 90.86 182.33 17.0
95.0 90.73 197.43 16.2
95.0 90.73 199.76 16.4
95.0 90.83 169.70 16.3
95.0 90.87 173.48 16.2
95.0 91.17 150.99 16.2
95.0 91.13 170.09 15.9
95.0 90.86 214.19 15.8
95.0 90.85 187.21 15.9
95.0 90.85 187.37 15.8
95.0 90.93 166.52 15.3
95.0 90.96 178.86 15.5
95.0 91.03 171.69 15.7
95.0 91.05 175.80 15.3
95.0 91.20 147.78 15.3
95.0 91.42 146.72 15.0
95.0 91.49 143.81 14.4
95.0 91.92 95.09 14.3
95.0 91.99 116.73 14.0
95.0 91.91 146.61 13.6
95.0 91.89 142.66 13.6
95.0 91.95 124.21 13.4
95.0 92.01 134.92 13.1
95.0 91.89 146.46 12.9
95.0 91.91 136.96 12.9
95.0 91.84 148.92 12.9
95.0 91.91 131.97 12.7
95.0 91.89 136.51 12.3
95.0 92.18 97.09 12.3
95.0 92.36 95.54 12.1
95.0 92.33 112.33 11.8
95.0 92.26 129.85 11.4
95.0 92.08 150.41 11.4
95.0 92.12 124.85 11.5
95.0 92.12 124.11 11.7
95.0 91.99 154.10 11.3
95.0 92.04 121.31 11.4
95.0 92.01 138.60 11.2
95.0 92.20 100.57 11.2
95.0 92.27 120.51 11.2
95.0 92.30 113.23 11.2
95.0 92.70 63.14 10.8
95.0 92.69 101.15 10.6
95.0 92.67 101.61 10.3
95.0 92.62 113.06 10.4
95.0 92.61 103.64 9.5
95.0 92.74 88.79 9.9
95.0 93.15 24.17 9.8
95.0 93.41 35.24 9.4
95.0 93.46 57.49 8.7
95.0 93.28 88.15 8.7
95.0 93.30 67.90 8.3
95.0 93.31 64.01 8.2
95.0 93.67 20.40 8.4
95.0 93.60 62.61 7.6
95.0 93.72 38.39 7.3
95.0 93.70 54.12 6.9
95.0 93.67 57.26 6.9
95.0 93.65 57.91 6.8
95.0 93.67 48.64 6.9
95.0 93.79 36.43 6.9
95.0 93.95 26.05 5.9
95.0 93.72 76.89 6.0
95.0 93.78 42.54 6.0
95.0 93.75 54.99 5.9
95.0 93.86 34.48 5.8
95.0 93.77 58.07 5.6
95.0 93.79 48.24 5.9
95.0 93.89 33.53 5.3
95.0 93.76 64.33 5.3
95.0 93.77 48.63 5.5
95.0 93.83 38.39 5.5
95.0 93.84 49.05 5.7
95.0 93.89 36.80 4.9
95.0 93.85 50.13 4.7
95.0 93.90 39.14 4.6
95.0 93.64 85.65 4.5
95.0 93.76 37.44 4.4
95.0 93.82 38.76 4.6
95.0 93.87 37.32 4.6
95.0 93.97 33.89 4.5
95.0 94.01 33.73 4.5
95.0 94.00 42.06 4.3
95.0 94.04 35.20 4.2
95.0 94.12 27.00 4.2
95.0 94.24 15.26 4.0
95.0 94.12 49.15 3.9
95.0 94.10 41.05 4.1
95.0 94.12 30.84 3.3
95.0 94.20 24.82 3.7
95.0 94.26 21.04 3.8
95.0 94.42 6.46 3.5
95.0 94.41 23.32 3.1
95.0 94.46 15.97 3.2
95.0 94.50 16.20 3.1
95.0 94.68 -7.16 2.8
95.0 94.70 10.49 3.4
95.0 94.71 9.37 3.0
95.0 94.78 1.45 3.0
95.0 94.88 -7.68 2.8
95.0 94.93 -2.45 3.0
95.0 94.97 -3.18 3.0
95.0 95.00 -4.25 3.2
95.0 94.94 9.68 3.4
95.0 94.98 -3.87 3.3
95.0 95.02 -4.84 3.3
95.0 95.00 1.74 3.3
95.0 95.18 -30.13 3.3
95.0 95.20 -10.39 3.5
95.0 95.31 -26.09 3.9
95.0 95.08 20.82 3.8
95.0 95.30 -38.52 4.1
95.0 95.31 -13.86 4.2
95.0 95.31 -15.16 4.5
95.0 95.36 -21.63 4.3
95.0 95.31 -8.01 4.8
95.0 95.51 -45.14 4.6
95.0 95.45 -13.62 5.1
95.0 95.49 -26.29 4.8
95.0 95.62 -42.16 5.4
95.0 95.64 -31.60 5.6
95.0 95.56 -17.53 6.0
95.0 95.64 -37.32 6.0
95.0 95.66 -30.95 6.0
95.0 95.77 -47.89 6.4
95.0 95.68 -21.64 6.8
95.0 95.65 -24.60 6.5
95.0 95.66 -32.43 6.4
95.0 95.63 -25.58 6.6
95.0 95.85 -62.77 6.7
95.0 95.85 -37.13 6.9
95.0 95.85 -38.76 7.1
95.0 95.90 -46.20 7.3
95.0 95.94 -46.03 7.5
95.0 95.83 -26.75 7.4
95.0 95.83 -38.10 7.5
95.0 95.78 -30.68 7.4
95.0 95.88 -50.56 7.4
95.0 95.78 -27.19 7.4
95.0 95.99 -66.64 7.6
95.0 95.69 2.98 7.2
95.0 95.70 -31.12 7.6
95.0 95.76 -41.70 7.6
95.0 95.97 -66.89 7.5
95.0 95.86 -25.48 7.6
95.0 95.71 -17.20 7.6
95.0 95.40 15.15 7.7
95.0 95.44 -23.49 7.1
95.0 95.63 -48.96 6.9
95.0 95.65 -31.91 7.0
95.0 95.57 -17.81 7.2
95.0 95.64 -36.73 7.1
95.0 95.71 -39.90 6.8
95.0 95.58 -12.57 6.9
95.0 95.70 -44.83 7.0
95.0 95.77 -41.72 6.5
95.0 95.77 -36.11 7.1
95.0 95.83 -43.81 7.3
95.0 96.14 -84.48 7.3
95.0 95.91 -18.58 8.0
95.0 95.81 -25.98 7.7
95.0 95.76 -30.00 7.5
95.0 95.67 -19.38 7.3
95.0 95.73 -40.67 7.1
95.0 95.84 -50.32 7.3
95.0 96.21 -93.47 7.5
95.0 96.17 -49.75 7.5
95.0 95.94 -19.58 8.1
95.0 95.98 -49.11 7.9
95.0 96.01 -48.45 8.0
95.0 96.15 -68.32 8.5
95.0 96.27 -68.98 8.8
95.0 96.22 -48.88 8.2
95.0 96.23 -57.74 8.3
95.0 96.24 -58.05 8.6
95.0 96.30 -65.96 8.7
95.0 96.73 -123.86 8.9
95.0 96.79 -92.06 9.0
95.0 96.65 -60.36 9.7
95.0 96.61 -67.38 10.2
95.0 96.58 -73.11 9.9
95.0 96.56 -68.89 10.3
95.0 96.48 -63.92 10.0
95.0 96.32 -43.60 10.3
95.0 96.32 -66.07 9.9
95.0 96.22 -42.84 10.0
95.0 96.33 -75.22 9.4
95.0 96.23 -43.21 9.8
95.0 96.19 -53.19 9.7
95.0 96.06 -31.71 9.3
95.0 95.89 -20.52 9.5
95.0 95.93 -49.15 8.8
95.0 95.92 -39.41 9.0
95.0 95.91 -40.98 9.0
95.0 96.00 -54.36 8.9
95.0 95.94 -38.32 8.8
95.0 95.83 -24.43 8.8
95.0 95.59 0.47 8.6
95.0 95.61 -28.55 8.0
95.0 95.59 -24.04 7.7
95.0 95.56 -23.17 7.3
95.0 95.54 -21.19 7.6
95.0 95.52 -22.84 7.2
95.0 95.45 -12.48 6.7
95.0 95.39 -11.71 6.9
95.0 95.29 -1.50 6.6
95.0 95.15 8.66 6.5
95.0 95.17 -9.31 6.2
95.0 95.29 -25.54 5.9
95.0 95.15 7.70 5.4
95.0 95.22 -17.02 5.6
95.0 95.13 3.52 5.6
95.0 95.20 -16.60 5.2
95.0 95.17 -3.97 5.1
95.0 95.28 -25.24 4.8
95.0 95.29 -13.22 4.5
95.0 95.20 0.56 5.0
95.0 95.36 -34.27 4.6
95.0 95.31 -7.94 4.1
95.0 95.31 -13.99 4.4
95.0 95.22 0.80 4.4
95.0 95.13 3.46 4.3
95.0 95.11 -0.71 4.1
95.0 95.08 -0.39 3.9
95.0 95.06 0.00 3.8
95.0 95.04 0.86 3.6
95.0 94.97 8.90 4.0
95.0 95.06 -12.93 3.2
95.0 95.04 0.49 3.3
95.0 94.92 16.26 3.0
95.0 94.87 11.55 3.0
95.0 95.01 -16.76 2.8
95.0 95.10 -12.91 2.8
95.0 95.02 6.49 2.8
95.0 94.96 9.61 3.1
95.0 94.95 3.25 2.7
95.0 94.84 17.95 2.4
95.0 94.75 20.74 2.8
95.0 94.67 23.04 2.6
95.0 94.59 24.89 2.6
95.0 94.57 20.04 2.4
95.0 94.55 20.59 2.0
95.0 94.58 12.81 2.0
95.0 94.51 27.43 2.3
95.0 94.55 14.80 2.2
95.0 94.39 42.05 2.2
95.0 94.49 10.60 2.5
95.0 94.47 22.74 2.2
95.0 94.33 44.11 2.3
95.0 94.43 10.47 2.5
95.0 94.42 24.25 2.3
95.0 94.37 31.51 2.6
95.0 94.42 16.99 2.5
95.0 94.32 38.62 2.3
95.0 94.23 40.17 2.4
95.0 94.25 30.81 2.7
95.0 94.21 34.64 2.2
95.0 94.23 28.09 2.6
95.0 94.20 36.45 2.6
95.0 94.12 44.30 2.5
95.0 94.10 39.22 2.6
95.0 94.13 30.72 2.8
95.0 94.11 40.72 2.8
95.0 94.04 45.17 3.0
95.0 93.80 74.68 2.8
95.0 93.77 54.50 3.2
95.0 93.74 55.42 3.6
95.0 93.66 63.18 3.6
95.0 93.55 69.76 3.1
95.0 93.54 58.20 4.1
95.0 93.72 36.20 4.2
95.0 93.65 61.38 4.3
95.0 93.58 65.49 4.2
95.0 93.80 20.21 5.0
95.0 93.68 68.23 4.3
95.0 93.61 64.65 4.4
95.0 93.55 63.92 4.3
95.0 93.68 39.70 5.0
95.0 93.61 64.66 4.8
95.0 93.41 86.65 4.9
95.0 93.28 82.45 5.0
95.0 93.21 81.68 5.2
95.0 92.68 153.14 5.4
95.0 92.67 97.11 5.9
95.0 92.70 90.64 6.7
95.0 92.64 103.39 6.9
95.0 92.54 111.60 6.9
95.0 92.54 105.65 7.1
95.0 92.59 93.91 7.9
95.0 92.54 110.97 7.4
95.0 92.50 107.60 7.6
95.0 92.50 107.02 8.0
95.0 92.46 113.46 8.0
95.0 92.42 114.59 8.6
95.0 92.44 103.84 8.4
95.0 92.40 110.28 8.6
95.0 92.33 127.67 8.8
95.0 92.18 132.75 8.9
95.0 92.17 122.61 8.9
95.0 92.16 122.83 9.7
95.0 92.20 116.45 10.1
95.0 92.32 101.96 10.1
95.0 92.44 104.17 9.6
95.0 92.36 121.75 9.9
95.0 92.29 118.92 10.4
95.0 92.23 131.12 10.1
95.0 92.08 145.46 10.3
95.0 92.13 124.60 10.3
95.0 91.95 149.33 10.6
95.0 91.93 141.30 11.0
95.0 92.12 109.61 11.6
95.0 92.03 142.40 11.3
95.0 91.87 152.00 11.4
95.0 91.89 143.89 11.4
95.0 91.66 168.24 11.7
95.0 91.45 174.81 12.2
95.0 91.38 176.09 12.7
95.0 91.33 164.09 12.7
95.0 91.23 178.99 12.7
95.0 91.19 168.38 13.5
95.0 91.15 184.59 13.2
95.0 91.12 170.67 13.8
95.0 90.92 203.23 14.1
95.0 90.95 179.12 14.2
95.0 91.15 152.64 14.6
95.0 91.04 182.94 14.8
95.0 91.01 189.61 15.7
95.0 91.03 168.24 15.7
95.0 90.97 187.89 15.1
95.0 90.95 175.77 15.6
95.0 90.69 219.73 15.9
95.0 90.62 204.31 15.5
95.0 90.68 179.28 16.3
95.0 90.53 224.69 16.1
95.0 90.39 212.64 16.5
95.0 90.52 188.98 16.6
95.0 90.55 188.48 16.9
95.0 90.84 168.05 16.8
95.0 90.63 209.89 16.8
95.0 90.65 194.17 17.2
95.0 90.58 205.75 17.1
95.0 90.64 189.53 17.2
95.0 90.58 197.34 17.5
95.0 90.68 183.35 17.3
95.0 90.74 186.30 17.1
95.0 90.42 230.01 17.4
95.0 90.38 212.54 17.6
95.0 90.30 219.87 17.8
95.0 90.22 222.37 18.1
95.0 90.16 215.28 17.9
95.0 90.35 200.05 18.3
95.0 90.15 229.46 18.3
95.0 90.30 196.31 18.6
95.0 90.03 250.83 18.3
95.0 89.86 247.87 18.3
95.0 89.64 254.68 18.6
95.0 89.71 219.59 18.7
95.0 89.78 239.05 19.0
95.0 89.71 233.82 19.6
95.0 89.82 222.04 19.7
95.0 89.88 224.81 19.7
95.0 89.81 240.93 19.6
95.0 89.82 220.90 19.7
95.0 89.96 223.30 20.0
95.0 89.65 255.00 20.0
95.0 89.56 253.73 20.0
95.0 89.36 255.00 19.7
95.0 89.18 255.00 20.1
95.0 89.43 213.34 20.4
95.0 89.45 248.71 19.8
95.0 89.54 236.36 19.9
95.0 89.58 228.46 20.7
95.0 89.62 238.21 20.5
95.0 89.70 220.01 20.4
95.0 89.60 255.00 20.5
95.0 89.52 244.67 20.7
95.0 89.60 234.15 20.5
95.0 89.72 225.41 20.4
95.0 90.01 196.56 20.7
95.0 90.40 156.89 20.3
95.0 90.39 216.56 20.2
95.0 90.57 172.77 19.6
95.0 90.46 214.16 19.7
95.0 90.46 196.23 19.8
95.0 90.49 199.42 19.0
95.0 90.40 216.42 18.8
95.0 90.08 245.26 19.0
95.0 90.28 202.59 19.4
95.0 90.29 201.42 19.0
95.0 90.30 210.58 19.1
95.0 90.27 216.31 18.5
95.0 90.28 211.30 19.5
95.0 90.25 207.62 19.0
95.0 90.26 211.89 18.7
95.0 90.32 205.38 18.7
95.0 90.54 178.53 18.7
95.0 90.61 181.62 18.5
95.0 90.54 206.94 18.1
95.0 90.44 214.83 18.1
95.0 90.44 196.79 18.2
95.0 90.43 206.06 18.1
95.0 90.27 229.85 17.9
95.0 90.32 205.26 18.0
95.0 90.33 200.33 18.1
95.0 90.37 212.90 17.9
95.0 90.64 160.14 17.5
95.0 90.61 200.07 18.0
95.0 90.67 188.57 17.7
95.0 90.56 210.91 17.7
95.0 90.54 193.52 17.6
95.0 90.70 168.60 17.6
95.0 90.58 218.39 17.0
95.0 90.65 180.31 17.2
95.0 90.75 181.13 17.3
95.0 90.84 178.04 17.1
95.0 90.97 168.92 16.8
95.0 90.91 182.08 16.7
95.0 90.90 193.79 17.0
95.0 90.93 171.47 15.9
95.0 90.75 208.87 17.2
95.0 90.72 188.09 16.5
95.0 90.73 200.09 17.0
95.0 90.78 176.34 17.2
95.0 90.82 183.52 16.3
95.0 90.82 188.31 16.2
95.0 90.90 167.29 16.8
95.0 90.89 185.79 16.2
95.0 90.80 198.21 16.1
95.0 90.68 206.97 16.1
95.0 90.37 231.76 16.5
95.0 90.41 202.14 16.4
95.0 90.49 194.64 16.2
95.0 90.52 198.31 16.0
95.0 90.55 188.32 17.0
95.0 90.62 199.42 17.2
95.0 90.77 166.43 17.1
95.0 90.81 183.76 16.4
95.0 90.86 173.85 16.5
95.0 90.98 168.49 15.9
95.0 90.96 183.47 15.7
95.0 91.03 163.27 15.9
95.0 91.05 183.69 16.1
95.0 91.16 154.26 15.8
95.0 91.12 178.08 15.5
95.0 91.18 166.72 15.4
95.0 91.45 132.49 15.4
95.0 91.56 136.51 14.7
95.0 91.57 153.41 14.9
95.0 91.76 127.20 14.6
95.0 91.70 153.62 14.4
95.0 91.74 135.91 14.1
95.0 91.73 147.76 14.7
95.0 91.73 148.01 13.8
95.0 91.55 166.81 13.5
95.0 91.56 160.53 13.4
95.0 91.71 126.64 13.6
95.0 91.61 161.34 13.7
95.0 91.66 138.39 12.9
95.0 91.80 137.94 13.1
95.0 91.78 139.77 13.2
95.0 91.86 133.78 13.2
95.0 91.88 137.89 12.7
95.0 91.95 130.74 12.7
95.0 91.75 160.58 12.7
95.0 91.66 153.77 12.8
95.0 91.57 169.30 12.6
95.0 91.49 158.84 12.7
95.0 91.26 191.71 13.8
95.0 91.34 156.15 13.1
95.0 91.42 153.60 13.1
95.0 91.62 123.92 13.1
95.0 91.50 176.39 13.1
95.0 91.69 121.70 12.7
95.0 91.78 136.52 12.8
95.0 91.90 120.58 12.5
95.0 92.01 130.22 12.5
95.0 92.15 107.33 12.7
95.0 92.24 116.00 12.1
95.0 92.31 113.44 12.1
95.0 92.25 125.26 11.7
95.0 92.28 119.64 11.6
95.0 92.35 112.22 11.4
95.0 92.37 116.56 11.2
95.0 92.43 103.98 11.5
95.0 92.40 120.49 10.9
95.0 92.50 101.95 10.7
95.0 92.64 92.05 10.6
95.0 92.68 91.38 10.6
95.0 92.75 93.39 10.3
95.0 92.82 81.57 9.7
95.0 92.89 75.14 9.8
95.0 93.23 34.43 9.7
95.0 93.16 83.07 9.4
95.0 93.19 71.08 9.7
95.0 92.99 101.33 8.6
95.0 92.99 86.34 8.7
95.0 92.99 82.33 8.8
95.0 92.99 78.32 8.4
95.0 93.08 68.38 8.4
95.0 93.17 66.02 9.3
95.0 93.15 77.85 8.2
95.0 93.22 60.30 8.0
95.0 93.07 93.73 7.8
95.0 93.06 84.21 7.6
95.0 93.19 55.02 7.8
95.0 93.04 97.41 7.7
95.0 93.03 77.24 7.4
95.0 93.03 85.17 7.5
95.0 93.07 70.31 7.6
95.0 93.20 54.76 7.6
95.0 93.37 48.61 7.0
95.0 93.52 44.35 6.8
95.0 93.60 47.76 6.8
95.0 93.63 49.73 6.6
95.0 93.71 44.74 6.6
95.0 93.87 28.25 6.3
95.0 93.97 28.69 6.1
95.0 94.06 28.86 5.6
95.0 94.09 33.81 5.6
95.0 94.26 8.35 5.3
95.0 94.37 11.97 5.2
95.0 94.47 9.47 4.8
95.0 94.46 23.25 4.5
95.0 94.45 22.43 4.2
95.0 94.44 22.61 4.3
95.0 94.34 38.03 3.9
95.0 94.35 26.44 4.1
95.0 94.35 26.35 3.9
95.0 94.26 39.53 3.5
95.0 94.22 35.73 3.5
95.0 94.29 22.26 3.5
95.0 94.30 26.41 3.9
95.0 94.71 -33.40 3.5
95.0 94.77 3.34 3.7
95.0 94.68 22.51 3.6
95.0 94.85 -13.29 3.5
95.0 94.80 13.45 3.9
95.0 94.85 0.69 3.4
95.0 95.05 -26.68 3.3
95.0 95.03 0.68 3.3
95.0 95.11 -14.32 3.3
95.0 95.13 -8.61 3.5
95.0 95.01 13.98 3.7
95.0 95.04 -5.61 3.9
95.0 95.17 -21.72 3.5
95.0 95.19 -10.33 3.8
95.0 95.25 -18.25 3.7
95.0 95.56 -59.73 4.5
95.0 95.59 -30.95 4.6
95.0 95.57 -22.02 4.9
95.0 95.54 -21.30 5.0
95.0 95.52 -21.81 5.2
95.0 95.55 -28.57 5.6
95.0 95.53 -22.10 5.6
95.0 95.76 -59.48 5.6
95.0 95.77 -37.54 6.0
95.0 95.93 -58.21 6.1
95.0 95.68 -5.10 6.2
95.0 95.69 -30.83 6.3
95.0 95.61 -19.16 6.5
95.0 95.68 -38.80 6.7
95.0 95.85 -55.67 6.8
95.0 95.75 -25.91 6.7
95.0 95.75 -34.07 6.8
95.0 95.76 -35.78 6.9
95.0 95.72 -26.90 6.6
95.0 95.78 -42.20 7.1
95.0 95.99 -67.33 7.1
95.0 96.02 -48.64 7.6
95.0 96.10 -59.15 7.6
95.0 96.17 -61.64 7.4
95.0 96.19 -56.24 8.0
95.0 96.57 -111.92 8.4
95.0 96.65 -89.79 9.0
95.0 96.33 -22.90 9.1
95.0 96.54 -90.46 8.8
95.0 96.51 -67.41 8.6
95.0 96.45 -59.23 9.5
95.0 96.43 -64.62 10.3
95.0 96.47 -71.87 9.9
95.0 96.61 -91.22 9.8
95.0 96.58 -66.41 9.9
95.0 96.82 -106.01 10.3
95.0 97.19 -145.76 10.4
95.0 97.01 -82.74 10.6
95.0 96.94 -86.26 11.5
95.0 96.88 -79.90 11.6
95.0 96.77 -78.62 11.0
95.0 96.73 -74.74 11.6
95.0 96.64 -69.58 11.9
95.0 96.61 -73.94 12.3
95.0 96.63 -80.36 11.6
95.0 96.60 -70.27 11.2
95.0 96.57 -72.61 11.2
95.0 96.40 -49.94 11.6
95.0 96.29 -51.38 11.4
95.0 96.25 -52.36 11.9
95.0 96.35 -78.16 11.1
95.0 96.35 -61.82 10.9
95.0 96.35 -61.72 10.4
95.0 96.35 -67.04 10.9
95.0 96.34 -61.55 11.0
95.0 96.34 -64.17 11.4
95.0 96.29 -53.89 11.0
95.0 96.15 -43.61 10.8
95.0 96.16 -55.38 11.0
95.0 96.13 -50.84 10.5
95.0 96.41 -95.64 10.5
95.0 96.40 -66.36 10.8
95.0 96.34 -55.72 10.9
95.0 96.10 -31.79 10.4
95.0 96.17 -61.59 10.1
95.0 96.24 -63.83 9.7
95.0 96.20 -50.69 9.6
95.0 96.16 -49.42 9.8
95.0 96.18 -55.79 9.9
95.0 96.04 -31.21 9.8
95.0 96.23 -76.98 9.5
95.0 96.23 -55.41 9.3
95.0 96.29 -65.76 10.3
95.0 96.35 -67.59 10.4
95.0 96.40 -71.77 9.6
95.0 96.29 -48.14 9.9
95.0 96.24 -49.52 9.1
95.0 96.20 -53.47 9.7
95.0 96.07 -31.93 9.4
95.0 96.09 -52.91 9.1
95.0 96.11 -51.61 9.0
95.0 96.09 -49.22 9.1
95.0 96.11 -51.44 8.4
95.0 96.23 -67.90 8.9
95.0 96.19 -50.53 9.1
95.0 96.15 -49.27 8.9
95.0 96.27 -71.05 8.9
95.0 96.28 -56.78 9.2
95.0 96.28 -62.01 9.5
95.0 96.09 -26.88 9.1
95.0 96.22 -67.41 8.7
95.0 96.13 -42.64 9.0
95.0 96.10 -47.32 8.9
95.0 96.17 -61.54 8.8
95.0 96.14 -46.16 8.2
95.0 96.16 -57.30 8.8
95.0 96.17 -53.41 8.6
95.0 95.95 -19.66 8.7
95.0 96.30 -96.35 8.5
95.0 96.25 -52.56 8.7
95.0 96.16 -43.69 8.7
95.0 96.03 -30.74 8.7
95.0 95.77 -11.16 8.6
95.0 95.54 2.15 8.0
95.0 95.57 -27.18 7.7
95.0 95.59 -28.94 7.6
95.0 95.33 12.10 7.3
95.0 95.59 -53.84 6.8
95.0 95.56 -21.87 6.7
95.0 95.59 -29.77 6.9
95.0 95.71 -45.75 7.2
95.0 96.03 -81.36 6.3
95.0 95.87 -19.75 6.9
95.0 95.72 -17.34 7.1
95.0 95.68 -27.23 6.6
95.0 95.79 -47.70 6.5
95.0 95.42 19.37 6.7
95.0 95.42 -17.30 6.5
95.0 95.51 -32.83 6.3
95.0 95.69 -50.72 6.2
95.0 95.80 -49.94 6.2
95.0 95.43 22.12 6.5
95.0 95.33 -1.33 6.3
95.0 95.28 -7.04 5.9
95.0 95.29 -13.17 5.7
95.0 95.29 -13.88 5.4
95.0 95.06 22.90 5.2
95.0 95.04 0.78 5.2
95.0 95.07 -6.33 5.0
95.0 95.05 0.56 4.7
95.0 95.03 1.12 4.5
95.0 95.01 1.78 3.9
95.0 95.30 -45.94 3.9
95.0 95.25 -6.89 3.7
95.0 95.12 10.89 4.1
95.0 95.14 -8.68 3.9
95.0 95.16 -8.96 3.7
95.0 95.08 5.15 4.0
95.0 94.87 30.88 3.4
95.0 94.77 19.93 3.1
95.0 95.08 -37.96 3.3
95.0 95.11 -7.58 3.5
95.0 95.08 -0.81 3.4
95.0 94.87 28.42 3.6
95.0 94.82 12.70 3.7
95.0 94.88 -0.56 3.0
95.0 94.78 20.01 3.2
95.0 94.74 15.48 3.0
95.0 94.66 23.21 3.2
95.0 94.58 25.49 3.1
95.0 94.47 34.45 3.4
95.0 94.46 22.19 3.0
95.0 94.36 37.61 2.8
95.0 94.22 46.48 3.1
95.0 94.28 24.15 3.0
95.0 94.34 19.03 3.0
95.0 94.49 2.47 2.9
95.0 94.38 36.27 2.8
95.0 94.38 25.35 4.3
95.0 94.20 53.29 2.9
95.0 94.22 28.44 2.9
95.0 94.19 35.36 3.0
95.0 94.21 32.16 3.0
95.0 94.27 20.85 3.0
95.0 94.19 42.45 3.1
95.0 94.21 28.71 3.0
95.0 94.22 31.59 2.8
95.0 94.24 27.87 3.3
95.0 94.16 42.10 3.1
95.0 94.09 46.71 3.1
95.0 93.93 59.78 3.1
95.0 93.84 58.06 3.4
95.0 93.75 58.56 3.7
95.0 93.77 48.73 3.3
95.0 93.74 55.36 3.9
95.0 93.57 74.92 4.0
95.0 93.47 74.18 3.7
95.0 93.25 96.80 4.3
95.0 93.18 82.62 4.8
95.0 93.16 74.04 5.7
95.0 93.05 88.46 5.2
95.0 93.05 84.69 5.4
95.0 93.09 69.95 6.0
95.0 93.08 79.94 6.0
95.0 93.02 87.02 6.0
95.0 93.02 77.62 5.8
95.0 93.06 74.71 6.2
95.0 92.97 90.68 6.3
95.0 93.06 73.50 6.2
95.0 93.05 76.75 7.0
95.0 92.87 107.56 6.9
95.0 92.88 85.48 6.8
95.0 93.08 56.85 7.3
95.0 93.07 80.09 7.0
95.0 92.97 90.48 7.1
95.0 93.02 75.90 6.9
95.0 92.84 108.40 7.1
95.0 92.86 86.23 7.1
95.0 92.83 92.67 7.0
95.0 92.75 100.23 8.0
95.0 92.73 99.78 7.8
95.0 92.67 98.40 8.0
95.0 92.66 97.54 8.2
95.0 92.64 97.87 8.2
95.0 92.59 100.44 7.6
95.0 92.77 77.15 8.5
95.0 92.66 104.39 8.4
95.0 92.47 132.30 8.4
95.0 92.35 122.55 8.3
95.0 92.24 130.63 9.5
95.0 92.31 107.66 10.0
95.0 92.33 112.20 9.2
95.0 92.22 131.00 9.6
95.0 92.35 95.23 9.7
95.0 92.28 124.27 9.7
95.0 92.22 121.00 9.9
95.0 92.20 121.46 10.0
95.0 92.11 139.94 10.0
95.0 92.02 142.92 10.3
95.0 91.94 139.89 10.7
95.0 91.96 129.23 11.2
95.0 91.93 147.27 11.1
95.0 91.90 136.10 11.3
95.0 91.88 142.97 11.6
95.0 91.77 156.13 11.8
95.0 91.85 134.20 11.8
95.0 91.78 144.76 12.6
95.0 91.73 159.03 12.1
95.0 91.39 190.62 12.4
95.0 91.33 170.89 13.2
95.0 91.16 183.99 13.4
95.0 90.80 231.49 14.0
95.0 90.88 167.88 14.2
95.0 91.19 132.13 14.0
95.0 91.46 140.50 14.2
95.0 91.31 174.36 14.1
95.0 91.22 179.48 14.4
95.0 91.13 175.02 14.5
95.0 91.02 198.28 14.7
95.0 91.00 174.42 14.9
95.0 90.93 189.06 14.9
95.0 91.05 166.06 15.4
95.0 90.90 199.34 15.1
95.0 90.81 190.06 15.2
95.0 91.17 146.24 15.7
95.0 91.30 144.49 15.9
95.0 90.93 220.30 16.1
95.0 91.14 144.43 15.6
95.0 91.06 184.76 15.9
95.0 90.99 187.06 16.0
95.0 91.10 155.89 16.4
95.0 90.71 238.60 15.9
95.0 90.64 195.35 16.4
95.0 90.57 205.95 16.3
95.0 90.64 189.71 17.1
95.0 90.49 217.80 16.8
95.0 90.61 176.58 17.0
95.0 90.80 169.64 17.1
95.0 90.80 188.94 17.0
95.0 90.89 176.50 17.0
95.0 91.10 145.68 17.0
95.0 91.03 185.98 16.8
95.0 90.96 188.16 16.6
95.0 90.82 194.46 16.8
95.0 90.99 171.94 16.9
95.0 90.85 193.56 16.7
95.0 90.85 187.43 16.9
95.0 90.68 203.73 16.8
95.0 90.65 207.39 16.7
95.0 90.54 203.32 17.2
95.0 90.52 203.03 17.0
95.0 90.47 209.52 17.4
95.0 90.59 186.67 17.4
95.0 90.74 167.37 17.4
95.0 90.79 175.99 17.6
95.0 90.83 191.72 17.3
95.0 90.83 179.67 17.2
95.0 90.83 188.08 16.8
95.0 90.66 212.08 16.7
95.0 90.39 234.36 16.8
95.0 90.70 152.92 17.2
95.0 90.66 206.76 18.1
95.0 90.72 178.06 17.0
95.0 90.77 185.19 17.4
95.0 91.04 142.17 17.2
95.0 90.85 212.98 16.9
95.0 90.80 185.35 17.1
95.0 90.72 192.82 17.1
95.0 90.95 168.85 17.0
95.0 90.77 200.85 16.9
95.0 90.69 202.04 17.1
95.0 90.53 216.28 17.3
95.0 90.78 165.33 17.2
95.0 90.78 181.10 16.8
95.0 90.66 207.53 17.2
95.0 90.63 199.31 17.4
95.0 90.48 217.98 17.1
95.0 90.74 157.00 17.4
95.0 90.74 199.47 17.1
95.0 90.75 182.18 17.2
95.0 90.75 190.52 16.7
95.0 90.63 208.41 17.2
95.0 90.45 215.60 17.2
95.0 90.48 199.74 17.0
95.0 90.51 189.50 17.4
95.0 90.59 200.66 17.1
95.0 90.57 192.81 17.4
95.0 90.72 177.33 17.2
95.0 90.56 215.35 17.4
95.0 90.59 196.20 17.2
95.0 90.74 167.37 17.0
95.0 91.01 152.53 17.1
95.0 91.03 176.41 16.8
95.0 91.23 150.20 16.2
95.0 91.18 168.53 16.3
95.0 91.28 158.45 16.3
95.0 91.14 186.55 15.8
95.0 91.33 138.40 16.1
95.0 91.28 179.99 15.9
95.0 91.23 167.11 15.7
95.0 91.32 157.07 15.5
95.0 91.31 159.68 15.6
95.0 91.34 168.51 15.1
95.0 91.33 158.93 15.3
95.0 91.32 166.55 15.3
95.0 91.31 166.87 15.1
95.0 91.22 179.42 15.1
95.0 91.14 174.96 15.1
95.0 91.15 180.28 15.4
95.0 91.24 151.63 15.2
95.0 91.15 174.37 15.1
95.0 91.25 159.35 15.1
95.0 91.29 162.82 14.7
95.0 91.42 148.79 15.0
95.0 91.35 163.21 15.1
95.0 91.34 173.12 14.7
95.0 91.29 165.28 14.6
95.0 91.46 142.35 14.2
95.0 91.52 142.81 14.5
95.0 91.71 136.09 14.3
95.0 91.71 142.07 13.9
95.0 91.70 148.78 14.6
95.0 91.83 129.65 14.2
95.0 91.86 132.25 13.7
95.0 91.88 137.86 13.2
95.0 91.78 155.90 13.4
95.0 92.04 107.38 13.3
95.0 92.00 133.02 12.9
95.0 92.01 133.63 13.0
95.0 92.06 126.90 12.7
95.0 92.07 131.70 12.4
95.0 91.98 138.59 12.7
95.0 92.27 101.03 12.4
95.0 92.30 113.40 12.4
95.0 92.28 124.55 12.1
95.0 92.21 131.49 11.7
95.0 92.25 114.92 12.1
95.0 92.23 126.03 12.2
95.0 92.54 73.01 11.7
95.0 92.50 117.02 11.5
95.0 92.69 79.72 11.0
95.0 92.37 145.87 11.2
95.0 92.39 115.76 10.9
95.0 92.50 102.13 11.1
95.0 92.68 79.79 10.8
95.0 92.58 114.76 10.5
95.0 92.91 61.80 9.9
95.0 93.20 35.94 10.0
95.0 92.79 137.45 9.6
95.0 92.86 85.20 9.9
95.0 92.78 99.36 9.5
95.0 92.80 83.22 9.4
95.0 92.40 151.65 9.3
95.0 92.41 109.74 9.5
95.0 92.47 97.28 9.9
95.0 92.26 135.45 9.5
95.0 92.38 94.25 9.6
95.0 92.14 148.41 9.6
95.0 92.18 111.18 9.6
95.0 92.26 109.26 9.8
95.0 92.33 106.97 10.2
95.0 92.35 111.58 9.6
95.0 92.42 104.33 9.8
95.0 92.52 90.22 9.6
95.0 92.57 99.64 9.5
95.0 92.66 81.10 9.9
95.0 92.69 91.02 9.3
95.0 92.76 83.23 9.5
95.0 92.93 61.92 9.1
95.0 92.93 84.05 9.0
95.0 92.85 93.70 8.7
95.0 92.82 97.05 8.4
95.0 92.66 109.97 8.5
95.0 92.83 75.18 8.9
95.0 92.99 60.37 8.3
95.0 92.99 82.51 8.5
95.0 93.22 46.84 8.0
95.0 93.24 65.85 8.0
95.0 93.26 68.93 7.5
95.0 93.33 61.38 7.6
95.0 93.43 48.77 7.8
95.0 93.34 77.80 7.4
95.0 93.35 66.34 7.4
95.0 93.50 44.68 7.0
95.0 93.28 93.97 6.9
95.0 93.16 85.67 6.7
95.0 93.23 68.06 7.0
95.0 93.12 86.67 6.6
95.0 93.15 72.11 6.8
95.0 93.28 52.86 6.8
95.0 93.20 85.04 6.3
95.0 93.72 -11.15 7.0
95.0 93.69 56.63 6.9
95.0 93.76 43.18 6.7
95.0 93.55 82.73 6.7
95.0 93.59 53.96 6.8
95.0 93.62 50.07 6.3
95.0 93.65 49.32 6.5
95.0 93.87 25.86 5.8
95.0 93.96 28.77 6.0
95.0 94.01 36.18 6.0
95.0 94.14 20.54 5.3
95.0 94.16 31.69 5.1
95.0 94.18 29.30 5.0
95.0 94.02 57.56 5.2
95.0 94.15 22.65 4.9
95.0 94.08 44.14 4.8
95.0 94.21 18.61 4.8
95.0 94.13 42.86 4.5
95.0 94.25 17.33 4.5
95.0 94.36 14.23 4.6
95.0 94.41 17.26 4.1
95.0 94.60 -4.85 4.0
95.0 94.58 19.80 3.9
95.0 94.65 5.80 3.6
95.0 94.72 1.78 3.1
95.0 94.78 1.25 3.3
95.0 94.94 -15.64 3.3
95.0 95.23 -42.57 3.3
95.0 95.24 -12.14 3.5
95.0 95.20 -5.17 3.9
95.0 95.26 -18.40 4.3
95.0 95.32 -20.61 4.7
95.0 95.27 -6.82 4.1
95.0 95.38 -28.42 4.6
95.0 95.42 -23.56 4.5
95.0 95.27 3.47 4.9
95.0 95.43 -36.22 4.6
95.0 95.42 -17.35 4.6
95.0 95.41 -17.96 4.6
95.0 95.40 -16.86 5.0
95.0 95.54 -40.38 5.2
95.0 95.67 -43.84 5.3
95.0 95.50 -4.25 5.5
95.0 95.48 -18.27 5.4
95.0 95.42 -12.59 5.6
95.0 95.31 -3.46 5.7
95.0 95.36 -21.32 5.6
95.0 95.22 4.06 4.9
95.0 95.28 -18.75 4.8
95.0 95.19 0.80 5.0
95.0 95.30 -26.26 5.0
95.0 95.35 -21.81 5.5
95.0 95.16 12.55 5.0
95.0 95.38 -41.62 4.9
95.0 95.48 -31.77 5.2
95.0 95.41 -12.45 5.4
95.0 95.41 -17.82 5.2
95.0 95.55 -39.89 5.0
95.0 95.48 -14.67 5.3
95.0 95.56 -34.76 5.5
95.0 95.59 -28.82 5.8
95.0 95.42 -1.66 5.9
95.0 95.41 -17.18 5.6
95.0 95.50 -32.72 5.2
95.0 95.54 -27.13 5.7
95.0 95.52 -22.73 5.6
95.0 95.60 -35.18 5.8
95.0 95.67 -37.48 5.8
95.0 95.49 -4.12 6.0
95.0 95.33 2.90 5.9
95.0 95.43 -29.80 5.8
95.0 95.14 25.80 5.5
95.0 95.11 -1.39 5.2
95.0 95.19 -16.01 5.2
95.0 95.20 -10.48 5.1
95.0 95.17 -3.96 5.2
95.0 95.23 -17.52 5.0
95.0 95.24 -12.22 5.0
95.0 95.25 -12.09 5.1
95.0 95.21 -5.53 4.7
95.0 95.22 -11.22 5.0
95.0 95.23 -11.57 5.0
95.0 95.24 -12.32 4.7
95.0 95.21 -5.33 4.8
95.0 95.22 -11.06 4.7
95.0 95.59 -67.16 4.6
95.0 95.76 -53.60 5.4
95.0 95.82 -43.60 5.4
95.0 95.97 -59.66 5.8
95.0 96.06 -57.65 5.9
95.0 96.08 -50.64 6.2
95.0 96.06 -48.20 6.4
95.0 96.03 -42.94 6.7
95.0 95.96 -37.02 6.7
95.0 95.85 -27.56 6.8
95.0 96.05 -68.69 6.5
95.0 96.08 -52.55 7.1
95.0 96.01 -36.00 7.4
95.0 96.09 -60.46 7.3
95.0 96.11 -51.52 7.3
95.0 96.13 -54.33 7.4
95.0 96.41 -94.40 7.5
95.0 96.45 -71.24 8.5
95.0 96.34 -46.62 8.2
95.0 96.34 -58.74 8.3
95.0 96.34 -64.05 8.4
95.0 96.24 -43.32 8.7
95.0 96.40 -81.49 8.4
95.0 96.39 -63.23 8.8
95.0 96.39 -62.99 9.3
95.0 96.38 -59.97 8.9
95.0 96.27 -47.64 8.8
95.0 96.28 -59.35 9.0
95.0 96.28 -56.95 8.8
95.0 96.29 -59.63 9.3
95.0 96.24 -49.47 8.9
95.0 96.30 -68.25 8.9
95.0 96.30 -57.53 8.9
95.0 96.30 -60.19 9.0
95.0 96.41 -75.65 9.1
95.0 96.35 -52.89 9.4
95.0 96.35 -61.65 9.3
95.0 96.55 -90.95 9.2
95.0 96.19 -21.75 9.6
95.0 96.41 -86.63 8.9
95.0 96.21 -34.25 9.6
95.0 96.22 -57.38 9.3
95.0 96.23 -57.72 8.9
95.0 96.19 -47.89 9.3
95.0 96.41 -86.52 8.9
95.0 96.26 -44.66 9.1
95.0 96.16 -40.96 9.4
95.0 96.13 -48.39 9.1
95.0 96.10 -47.34 9.1
95.0 96.07 -46.40 8.9
95.0 95.72 7.61 9.0
95.0 95.68 -22.41 8.4
95.0 95.85 -57.21 7.3
95.0 95.79 -29.30 7.8
95.0 95.75 -29.61 7.8
95.0 95.66 -19.05 7.3
95.0 95.63 -26.85 7.4
95.0 95.55 -15.57 8.0
95.0 95.73 -51.95 6.8
95.0 95.84 -51.23 7.0
95.0 95.74 -21.60 7.1
95.0 95.80 -42.84 6.7
95.0 95.90 -51.07 6.8
95.0 95.89 -42.12 7.4
95.0 95.74 -15.79 7.1
95.0 95.70 -27.97 6.8
95.0 95.66 -26.71 6.7
95.0 95.49 -1.99 7.1
95.0 95.38 -4.26 6.4
95.0 95.33 -7.48 6.1
95.0 95.33 -15.10 5.9
95.0 95.28 -7.00 5.8
95.0 95.59 -60.53 5.6
95.0 95.56 -22.00 5.6
95.0 95.64 -37.42 5.6
95.0 95.81 -55.16 5.7
95.0 95.48 15.06 5.9
95.0 95.28 8.58 5.6
95.0 95.29 -12.10 5.2
95.0 95.24 -6.57 5.2
95.0 95.16 3.65 5.2
95.0 95.08 5.90 4.8
95.0 95.01 7.93 4.6
95.0 95.04 -5.70 4.1
95.0 95.07 -6.34 3.9
95.0 95.00 7.68 4.1
95.0 94.99 2.38 3.9
95.0 94.97 2.65 3.6
95.0 94.96 2.96 3.5
95.0 95.25 -43.24 3.1
95.0 95.31 -19.93 3.0
95.0 95.41 -29.28 3.6
95.0 95.71 -63.76 3.5
95.0 95.48 3.95 3.9
95.0 95.37 -2.58 3.7
95.0 95.32 -7.30 3.6
95.0 95.22 -0.42 3.6
95.0 95.00 26.23 3.5
95.0 94.94 9.73 3.9
95.0 94.88 11.18 3.3
95.0 94.98 -9.52 3.3
95.0 95.01 -4.54 3.3
95.0 94.90 16.80 3.0
95.0 94.85 12.04 3.0
95.0 94.80 13.47 2.6
95.0 94.81 6.92 2.5
95.0 94.86 -0.76 2.5
95.0 94.91 -1.99 2.6
95.0 94.90 4.62 2.6
95.0 94.85 12.04 2.4
95.0 94.71 27.85 2.4
95.0 94.63 24.38 2.2
95.0 94.56 25.75 1.8
95.0 94.59 12.64 2.4
95.0 94.43 41.22 2.1
95.0 94.42 24.25 2.4
95.0 94.32 38.54 2.7
95.0 94.28 32.86 2.6
95.0 94.20 42.13 2.8
95.0 94.22 30.13 2.8
95.0 94.19 35.37 2.6
95.0 94.07 51.55 2.8
95.0 93.91 60.29 2.7
95.0 93.96 39.83 2.9
95.0 93.91 48.60 2.8
95.0 94.00 27.77 3.3
95.0 93.73 83.98 3.9
95.0 93.65 61.20 3.3
95.0 93.77 37.00 3.4
95.0 93.69 60.12 3.8
95.0 93.86 31.82 4.3
95.0 93.82 50.98 4.0
95.0 93.78 51.94 4.1
95.0 93.70 62.02 4.0
95.0 93.82 35.74 4.2
95.0 93.69 67.93 4.1
95.0 93.85 25.35 4.3
95.0 93.72 65.27 4.2
95.0 93.52 85.51 4.4
95.0 93.33 86.93 4.7
95.0 93.39 59.66 5.0
95.0 93.26 83.06 5.2
95.0 92.85 133.82 5.2
95.0 92.77 103.63 5.8
95.0 92.84 81.05 5.8
95.0 92.86 90.62 6.5
95.0 92.78 95.49 6.1
95.0 92.71 101.39 7.1
95.0 92.74 89.57 6.5
95.0 92.55 122.12 7.8
95.0 92.50 112.15 7.3
95.0 92.60 88.07 7.9
95.0 92.59 99.40 7.6
95.0 92.59 99.54 7.8
95.0 92.58 99.66 8.0
95.0 92.81 58.76 8.3
95.0 92.74 100.66 8.2
95.0 92.95 65.94 8.4
95.0 92.86 93.32 8.2
95.0 92.97 71.70 8.2
95.0 92.97 82.96 8.6
95.0 92.97 82.90 8.2
95.0 92.89 92.77 8.0
95.0 92.85 87.87 8.3
95.0 92.78 103.58 8.2
95.0 92.66 108.16 8.0
95.0 92.88 68.00 8.3
95.0 92.85 92.00 9.1
95.0 92.73 102.51 8.6
95.0 92.67 106.98 8.7
95.0 92.52 117.53 8.7
95.0 92.48 117.62 8.8
95.0 92.36 122.33 9.4
95.0 92.29 124.01 9.0
95.0 92.27 114.13 9.6
95.0 91.96 168.12 10.0
95.0 91.97 128.79 10.1
95.0 91.94 134.87 10.4
95.0 92.00 135.29 10.4
95.0 91.92 140.44 10.8
95.0 91.94 135.94 10.8
95.0 91.91 141.75 11.2
95.0 91.72 167.14 11.6
95.0 91.50 173.15 11.8
95.0 91.31 185.59 12.0
95.0 91.34 161.04 12.3
95.0 91.55 134.07 11.8
95.0 91.65 133.56 12.8
95.0 91.65 157.23 13.4
95.0 91.79 124.09 12.3
95.0 91.69 152.75 13.0
95.0 91.69 156.04 13.1
95.0 91.68 142.88 12.9
95.0 91.64 155.84 13.4
95.0 91.64 144.23 13.4
95.0 91.60 163.76 12.9
95.0 91.52 158.03 13.6
95.0 91.49 160.83 13.6
95.0 91.60 142.69 13.4
95.0 91.52 164.68 13.8
95.0 91.53 147.65 13.6
95.0 91.63 141.46 13.6
95.0 91.59 157.40 14.1
95.0 91.56 151.93 13.8
95.0 91.48 165.90 13.1
95.0 91.63 136.49 14.9
95.0 91.68 144.82 13.8
95.0 91.72 136.61 14.4
95.0 91.54 179.07 12.7
95.0 91.56 146.85 14.2
95.0 91.52 159.70 14.0
95.0 91.54 147.44 14.2
95.0 91.51 167.12 14.2
95.0 91.44 160.63 14.2
95.0 91.37 169.54 14.4
95.0 91.23 183.58 14.5
95.0 91.19 175.75 14.7
95.0 91.24 156.85 14.5
95.0 91.46 137.30 15.1
95.0 91.11 209.98 14.7
95.0 91.04 178.07 15.0
95.0 91.10 169.31 14.3
95.0 91.16 167.40 15.3
95.0 91.04 190.23 15.3
95.0 91.06 167.57 15.5
95.0 90.95 200.85 15.3
95.0 90.98 170.09 15.4
95.0 91.18 151.89 15.9
95.0 91.10 176.16 15.6
95.0 91.07 187.60 15.9
95.0 91.08 166.68 15.7
95.0 91.14 159.83 15.7
95.0 91.19 173.95 15.4
95.0 91.15 169.45 15.3
95.0 91.04 190.24 15.5
95.0 91.14 162.97 15.7
95.0 91.19 166.08 16.1
95.0 91.11 175.67 16.2
95.0 91.12 173.22 15.6
95.0 91.09 179.04 15.9
95.0 91.06 180.02 15.9
95.0 91.08 166.80 15.9
95.0 91.10 182.10 15.9
95.0 91.07 172.23 15.6
95.0 91.08 166.74 15.6
95.0 91.10 182.03 15.7
95.0 91.03 178.41 15.8
95.0 90.92 194.17 15.9
95.0 90.91 177.16 15.9
95.0 90.94 187.74 15.9
95.0 90.93 176.59 15.8
95.0 90.96 178.90 15.9
95.0 90.98 177.98 16.2
95.0 90.97 183.32 16.1
95.0 90.67 217.89 16.1
95.0 90.68 201.72 16.1
95.0 90.74 177.61 15.3
95.0 90.70 188.60 16.5
95.0 90.84 173.23 16.2
95.0 90.88 181.56 16.3
95.0 90.83 192.64 16.4
95.0 90.87 173.41 16.6
95.0 91.13 157.49 16.5
95.0 91.18 158.62 16.3
95.0 91.14 177.34 15.8
95.0 91.11 170.89 16.3
95.0 91.12 181.17 15.8
95.0 91.09 171.51 16.0
95.0 91.06 180.13 15.8
95.0 91.03 181.00 16.4
95.0 91.01 181.78 16.0
95.0 90.83 199.04 16.1
95.0 90.78 194.25 16.3
95.0 91.24 123.80 16.4
95.0 91.24 161.92 15.6
95.0 91.19 175.64 16.1
95.0 91.24 164.53 15.7
95.0 91.41 143.82 15.5
95.0 91.48 144.03 15.5
95.0 91.25 198.42 14.9
95.0 91.29 155.15 15.3
95.0 91.24 173.96 15.1
95.0 90.99 205.16 15.0
95.0 91.06 170.61 15.3
95.0 91.21 147.44 15.3
95.0 91.34 143.27 15.3
95.0 91.37 167.39 15.1
95.0 91.32 164.38 15.1
95.0 91.35 160.75 14.7
95.0 91.21 184.25 14.9
95.0 91.30 157.58 15.2
95.0 91.38 147.22 14.7
95.0 91.41 158.79 14.6
95.0 91.43 157.94 14.9
95.0 91.29 181.71 14.2
95.0 91.60 113.83 14.7
95.0 91.56 165.18 14.5
95.0 91.61 139.94 14.1
95.0 91.41 176.08 14.1
95.0 91.66 133.25 14.2
95.0 91.70 137.17 14.0
95.0 91.61 161.43 13.7
95.0 91.71 131.89 13.9
95.0 91.74 149.26 14.2
95.0 91.57 166.32 13.7
95.0 91.71 133.84 13.4
95.0 91.88 122.89 13.4
95.0 91.73 162.01 13.8
95.0 92.05 94.23 13.2
95.0 91.68 186.42 13.4
95.0 91.90 109.82 13.2
95.0 91.96 123.80 13.3
95.0 92.07 121.74 13.1
95.0 92.11 125.12 12.6
95.0 92.16 123.67 12.7
95.0 91.90 160.78 12.3
95.0 92.34 82.90 12.3
95.0 92.10 145.15 12.2
95.0 92.33 97.41 11.8
95.0 92.68 56.32 11.9
95.0 92.62 112.86 11.4
95.0 92.61 103.47 11.1
95.0 92.65 97.04 11.2
95.0 92.68 100.78 11.0
95.0 92.72 95.01 10.8
95.0 92.74 94.15 10.5
95.0 92.86 74.81 10.3
95.0 92.87 94.42 10.3
95.0 92.98 71.47 10.1
95.0 92.89 100.04 9.4
95.0 92.94 82.53 9.5
95.0 92.90 86.49 9.7
95.0 92.78 104.85 9.3
95.0 92.85 80.90 9.6
95.0 92.82 97.13 9.1
95.0 92.66 110.03 9.4
95.0 92.83 75.24 8.9
95.0 92.85 82.13 9.0
95.0 92.81 92.97 8.9
95.0 92.92 72.96 8.8
95.0 93.02 65.54 8.6
95.0 92.97 92.16 8.1
95.0 93.07 64.37 8.2
95.0 93.20 54.84 7.9
95.0 93.36 48.69 8.0
95.0 93.37 65.82 7.4
95.0 93.38 65.61 7.3
95.0 93.62 24.89 7.4
95.0 93.61 59.11 6.7
95.0 93.54 66.50 7.4
95.0 93.36 86.26 6.9
95.0 93.46 51.86 6.8
95.0 93.37 74.48 6.8
95.0 93.47 55.25 7.3
95.0 93.56 45.51 6.5
95.0 93.46 72.14 6.0
95.0 93.50 59.66 6.5
95.0 93.54 52.05 6.5
95.0 93.53 61.21 6.3
95.0 93.62 43.99 6.3
95.0 93.55 68.74 6.0
95.0 93.59 50.82 6.0
95.0 93.72 35.21 6.0
95.0 93.78 42.58 5.5
95.0 93.89 33.64 5.0
95.0 93.94 38.12 5.3
95.0 94.03 27.09 5.3
95.0 94.36 -14.01 5.2
95.0 94.32 35.33 5.4
95.0 94.23 40.31 5.0
95.0 94.24 29.37 5.0
95.0 94.35 14.42 4.9
95.0 94.26 40.33 4.2
95.0 94.37 11.98 4.5
95.0 94.42 17.03 4.6
95.0 94.46 18.60 4.0
95.0 94.50 14.89 3.9
95.0 94.30 50.29 3.7
95.0 94.17 47.71 4.3
95.0 94.24 23.57 3.8
95.0 94.30 21.82 3.5
95.0 94.13 54.80 3.5
95.0 94.20 24.78 3.4
95.0 94.31 15.57 3.5
95.0 94.27 33.15 3.3
95.0 94.24 35.38 3.1
95.0 94.39 7.17 3.4
95.0 94.49 8.88 3.2
95.0 94.52 13.03 3.0
95.0 94.56 14.50 2.8
95.0 94.73 -8.70 2.3
95.0 94.94 -22.41 3.0
95.0 94.93 3.78 3.1
95.0 94.88 11.46 3.0
95.0 95.07 -23.89 2.8
95.0 95.05 0.20 2.9
95.0 95.08 -6.73 3.0
95.0 95.11 -7.47 3.1
95.0 95.18 -15.79 3.3
95.0 95.19 -10.54 3.4
95.0 95.16 -3.21 3.4
95.0 95.18 -9.98 3.7
95.0 95.05 12.83 3.8
95.0 95.23 -30.46 3.4
95.0 95.39 -34.66 3.8
95.0 95.43 -24.44 3.2
95.0 95.52 -33.31 4.2
95.0 95.60 -35.33 4.1
95.0 95.57 -23.60 4.9
95.0 95.80 -60.99 5.0
95.0 95.85 -43.37 5.4
95.0 95.95 -54.02 5.6
95.0 95.94 -41.86 6.1
95.0 95.88 -34.06 6.1
95.0 95.87 -37.83 6.1
95.0 95.87 -39.44 6.1
95.0 95.96 -54.45 6.5
95.0 95.95 -42.25 6.1
95.0 95.94 -39.87 6.0
95.0 95.88 -34.02 6.5
95.0 96.18 -86.51 6.6
95.0 95.91 -9.59 7.6
95.0 95.95 -46.40 7.4
95.0 95.89 -34.41 7.3
95.0 95.93 -47.44 6.8
95.0 95.97 -47.06 7.3
95.0 96.21 -80.25 7.3
95.0 96.17 -52.48 8.3
95.0 96.29 -69.74 8.0
95.0 96.20 -44.92 8.2
95.0 95.97 -20.39 8.3
95.0 95.95 -42.32 7.9
95.0 95.99 -47.64 8.0
95.0 95.88 -25.90 7.4
95.0 96.07 -71.41 8.2
95.0 96.10 -51.11 8.2
95.0 96.22 -69.32 8.2
95.0 96.13 -42.83 8.4
95.0 96.01 -32.79 8.6
95.0 96.04 -49.17 8.6
95.0 96.02 -44.51 8.2
95.0 96.00 -43.86 8.1
95.0 96.13 -64.70 8.2
95.0 96.15 -54.93 8.0
95.0 96.22 -63.16 8.2
95.0 96.33 -73.00 8.6
95.0 96.38 -66.24 8.9
95.0 96.23 -40.37 8.8
95.0 96.19 -50.37 8.4
95.0 96.05 -34.42 8.8
95.0 96.23 -74.39 8.4
95.0 96.29 -65.74 9.0
95.0 96.50 -91.22 8.9
95.0 96.29 -33.16 9.1
95.0 96.29 -59.84 9.2
95.0 96.06 -23.43 9.0
95.0 96.08 -52.57 9.3
95.0 96.11 -51.33 9.3
95.0 96.13 -52.01 8.7
95.0 96.20 -64.47 8.5
95.0 96.42 -86.70 8.4
95.0 96.41 -63.74 9.2
95.0 96.40 -63.44 9.3
95.0 96.39 -63.18 9.5
95.0 96.38 -60.13 9.5
95.0 96.48 -78.13 9.2
95.0 96.78 -113.38 9.7
95.0 96.78 -82.57 9.7
95.0 96.59 -52.85 10.1
95.0 96.77 -102.99 9.8
95.0 96.73 -78.36 10.4
95.0 96.64 -65.76 10.3
95.0 96.65 -84.57 10.4
95.0 96.62 -71.09 10.6
95.0 96.59 -73.40 10.8
95.0 96.56 -69.14 10.4
95.0 96.54 -74.71 10.4
95.0 96.47 -60.04 10.3
95.0 96.31 -46.58 10.4
95.0 96.26 -55.61 10.4
95.0 96.27 -58.87 10.1
95.0 96.27 -61.57 10.0
95.0 96.28 -59.24 9.9
95.0 96.33 -69.40 10.1
95.0 96.23 -46.17 9.7
95.0 96.29 -65.66 9.8
95.0 96.15 -37.63 10.0
95.0 96.16 -57.65 9.6
95.0 96.18 -53.69 9.3
95.0 96.05 -31.34 9.3
95.0 96.08 -54.35 9.1
95.0 96.00 -35.82 9.1
95.0 95.98 -43.38 9.3
95.0 96.17 -73.64 8.5
95.0 96.19 -56.16 8.9
95.0 95.73 18.00 8.8
95.0 95.95 -65.28 8.3
95.0 95.89 -34.29 8.4
95.0 95.60 5.95 8.2
95.0 95.93 -78.23 7.8
95.0 95.92 -41.16 7.7
95.0 96.11 -71.63 7.7
95.0 96.13 -52.21 8.1
95.0 95.73 8.89 8.1
95.0 95.64 -16.66 8.0
95.0 95.66 -31.10 7.3
95.0 95.68 -32.87 6.9
95.0 96.00 -80.22 7.2
95.0 95.98 -45.48 7.5
95.0 95.73 -3.95 7.5
95.0 95.74 -33.61 7.2
95.0 95.70 -27.92 6.8
95.0 95.66 -25.13 6.7
95.0 95.83 -55.87 7.1
95.0 95.88 -44.17 6.9
95.0 95.73 -19.99 6.7
95.0 95.69 -25.98 6.6
95.0 95.61 -19.08 6.6
95.0 95.34 11.67 6.5
95.0 95.34 -14.33 6.0
95.0 95.34 -15.68 6.0
95.0 95.34 -14.97 5.4
95.0 95.34 -16.32 5.4
95.0 95.15 14.37 5.5
95.0 94.94 26.64 5.2
95.0 95.07 -19.43 5.2
95.0 95.15 -14.68 5.1
95.0 95.22 -17.05 4.9
95.0 95.13 3.48 4.6
95.0 95.06 5.87 4.6
95.0 95.13 -14.96 4.3
95.0 95.30 -31.78 4.1
95.0 95.03 29.49 4.1
95.0 94.96 8.77 4.1
95.0 94.95 3.19 4.0
95.0 94.80 26.18 3.7
95.0 94.81 7.38 4.0
95.0 95.11 -40.62 3.6
95.0 95.39 -47.55 3.3
95.0 95.43 -24.40 4.0
95.0 95.19 18.91 4.1
95.0 95.35 -33.38 3.9
95.0 95.35 -15.18 3.9
95.0 95.30 -8.54 4.1
95.0 95.21 1.14 4.1
95.0 95.37 -35.01 3.7
95.0 95.32 -9.16 3.7
95.0 95.00 38.05 4.1
95.0 94.98 2.32 3.9
95.0 95.02 -5.08 3.7
95.0 95.05 -5.67 3.3
95.0 94.93 15.97 3.7
95.0 94.79 25.33 3.1
95.0 94.94 -14.58 3.2
95.0 94.74 32.13 3.3
95.0 94.71 16.44 3.7
95.0 94.67 16.58 3.0
95.0 94.60 24.70 3.1
95.0 94.72 -2.18 3.2
95.0 94.64 23.81 3.0
95.0 94.47 39.86 3.0
95.0 94.42 29.36 2.9
95.0 94.14 65.80 2.9
95.0 94.31 9.57 2.6
95.0 94.13 54.17 3.1
95.0 94.02 52.91 3.0
95.0 94.01 39.99 3.4
95.0 93.95 50.98 4.1
95.0 94.04 26.77 3.5
95.0 93.98 46.69 3.5
95.0 94.02 35.72 3.5
95.0 94.06 34.70 3.6
95.0 94.04 40.91 3.7
95.0 94.12 24.65 3.5
95.0 94.15 32.08 3.3
95.0 94.17 31.43 3.3
95.0 94.29 14.08 3.3
95.0 94.20 41.99 3.5
95.0 94.13 44.16 3.0
95.0 94.01 53.05 3.5
95.0 94.00 40.10 3.5
95.0 93.68 88.98 3.5
95.0 93.85 32.12 2.8
95.0 93.67 72.32 4.2
95.0 93.61 64.76 4.1
95.0 93.88 11.83 4.6
95.0 93.93 38.43 4.5
95.0 93.74 71.81 4.1
95.0 93.90 24.05 4.5
95.0 93.81 60.69 4.2
95.0 93.64 73.18 4.6
95.0 93.58 65.62 5.1
95.0 93.70 35.55 4.6
95.0 93.97 13.33 5.0
95.0 93.91 50.32 4.5
95.0 93.82 56.83 4.5
95.0 94.02 17.86 4.5
95.0 93.96 48.87 4.4
95.0 93.87 55.65 4.4
95.0 93.78 59.79 4.2
95.0 93.98 15.57 4.9
95.0 93.88 58.43 4.2
95.0 93.71 71.49 4.6
95.0 93.82 32.51 4.6
95.0 93.69 69.69 4.6
95.0 93.53 75.97 4.4
95.0 93.71 32.73 4.8
95.0 93.42 95.76 4.6
95.0 93.57 46.64 5.2
95.0 93.51 64.95 5.1
95.0 93.32 87.13 5.2
95.0 93.29 73.81 5.7
95.0 93.22 81.50 5.2
95.0 93.02 103.38 6.5
95.0 92.97 88.55 6.0
95.0 92.93 85.91 6.3
95.0 92.84 101.45 6.4
95.0 92.95 72.22 7.1
95.0 92.91 90.27 6.8
95.0 92.83 98.06 7.1
95.0 92.94 72.62 6.5
95.0 92.85 93.62 7.1
95.0 92.69 109.18 6.9
95.0 92.50 131.30 7.5
95.0 92.33 128.27 7.8
95.0 92.22 131.08 8.2
95.0 92.17 122.45 8.6
95.0 92.20 122.11 8.7
95.0 92.06 135.96 9.1
95.0 92.02 126.53 9.1
95.0 92.03 132.88 9.5
95.0 91.87 146.81 9.8
95.0 91.80 144.21 10.2
95.0 91.58 170.78 10.4
95.0 91.67 147.14 10.4
95.0 91.90 109.89 11.7
95.0 92.01 123.76 11.1
95.0 92.11 120.43 11.2
95.0 91.89 161.25 11.4
95.0 91.70 162.18 11.4
95.0 91.70 155.68 12.1
95.0 91.65 149.01 12.1
95.0 91.74 130.87 12.3
95.0 91.73 147.91 12.1
95.0 91.77 141.80 12.8
95.0 91.76 147.02 12.5
95.0 91.58 165.98 12.7
95.0 91.54 165.80 13.2
95.0 91.55 146.91 13.7
95.0 91.61 147.16 13.1
95.0 91.66 138.56 13.5
95.0 91.62 163.17 13.4
95.0 91.45 169.97 13.6
95.0 91.34 175.20 13.6
95.0 91.33 166.19 13.8
95.0 91.28 165.55 14.4
95.0 91.32 161.89 14.6
95.0 91.31 166.99 14.2
95.0 91.48 141.72 14.7
95.0 91.45 155.16 14.4
95.0 91.30 181.17 14.9
95.0 91.17 185.69 14.6
95.0 91.49 125.84 15.1
95.0 91.46 154.77 14.5
95.0 91.27 193.27 14.6
95.0 91.68 100.00 14.7
95.0 91.55 168.19 14.6
95.0 91.23 201.50 14.7
95.0 91.15 174.62 15.0
95.0 91.24 159.60 14.9
95.0 91.16 174.33 15.5
95.0 91.08 191.66 15.3
95.0 91.05 172.69 15.5
95.0 91.07 175.11 15.7
95.0 91.13 168.31 16.1
95.0 91.14 172.76 15.4
95.0 91.15 164.70 15.5
95.0 91.38 140.03 16.2
95.0 91.36 165.16 15.3
95.0 91.48 146.59 15.4
95.0 91.33 173.76 15.3
95.0 91.28 172.80 15.3
95.0 91.40 149.21 15.6
95.0 91.34 163.55 15.4
95.0 91.37 167.35 15.1
95.0 91.23 176.73 14.9
95.0 91.23 169.53 15.2
95.0 91.11 180.71 15.5
95.0 91.16 175.08 14.8
95.0 91.13 170.33 15.5
95.0 90.85 214.42 15.5
95.0 90.80 193.52 15.5
95.0 90.89 176.41 15.9
95.0 90.84 184.27 16.0
95.0 90.96 177.67 16.1
95.0 90.91 182.14 16.1
95.0 90.77 196.01 16.2
95.0 90.73 195.91 16.2
95.0 90.74 191.00 17.0
95.0 90.96 159.07 16.6
95.0 90.95 175.90 16.2
95.0 90.81 210.18 15.9
95.0 90.77 186.50 16.4
95.0 90.53 225.39 16.5
95.0 90.64 184.86 16.1
95.0 90.45 223.55 16.8
95.0 90.57 177.66 17.3
95.0 90.68 183.46 17.4
95.0 90.57 210.63 17.1
95.0 90.68 174.35 17.1
95.0 90.73 186.49 17.2
95.0 90.78 184.81 16.9
95.0 90.74 195.56 17.3
95.0 91.15 122.13 17.0
95.0 91.12 178.15 16.7
95.0 91.26 154.03 16.5
95.0 91.17 180.98 16.3
95.0 91.05 182.41 16.6
95.0 90.90 206.77 16.3
95.0 91.02 158.44 16.4
95.0 90.84 206.07 16.6
95.0 90.96 169.08 16.4
95.0 90.82 194.44 16.5
95.0 90.91 175.85 16.2
95.0 90.98 164.86 17.0
95.0 91.14 166.69 16.2
95.0 90.86 207.28 16.1
95.0 90.94 174.70 16.0
95.0 90.97 178.51 16.2
95.0 91.08 165.03 16.2
95.0 91.10 166.30 15.8
95.0 91.11 181.58 16.4
95.0 91.16 159.11 15.7
95.0 91.26 159.05 15.5
95.0 91.48 128.46 16.3
95.0 91.37 174.39 15.4
95.0 91.40 159.20 15.5
95.0 91.42 151.02 15.2
95.0 91.49 158.50 15.3
95.0 91.42 161.08 15.0
95.0 91.32 176.07 14.6
95.0 91.40 146.75 14.9
95.0 91.51 153.09 14.5
95.0 91.53 147.81 14.2
95.0 91.76 121.79 14.5
95.0 92.17 86.74 14.4
95.0 92.12 129.23 13.8
95.0 92.30 97.35 13.6
95.0 92.32 112.57 13.4
95.0 92.58 83.80 12.8
95.0 92.44 119.88 12.7
95.0 92.28 138.90 12.4
95.0 92.22 131.46 12.2
95.0 92.38 100.76 12.5
95.0 92.31 123.19 11.8
95.0 92.38 116.67 12.2
95.0 92.40 110.26 11.9
95.0 92.37 121.49 11.5
95.0 92.25 130.10 12.1
95.0 92.33 118.62 11.5
95.0 92.22 131.22 11.7
95.0 92.39 94.60 11.4
95.0 92.40 115.37 11.8
95.0 92.46 103.00 11.1
95.0 92.61 93.29 11.8
95.0 92.60 103.92 10.7
95.0 92.59 108.88 10.6
95.0 92.59 104.26 10.7
95.0 92.45 128.24 10.4
95.0 92.46 113.36 10.1
95.0 92.61 93.27 10.5
95.0 92.64 92.31 10.3
95.0 92.63 102.82 10.0
95.0 92.62 107.81 9.9
95.0 92.62 98.65 9.7
95.0 92.65 92.03 10.1
95.0 92.64 102.55 10.1
95.0 92.59 113.98 9.8
95.0 92.63 92.76 9.6
95.0 92.62 103.27 9.6
95.0 92.66 91.95 10.2
95.0 92.78 77.04 9.7
95.0 92.85 80.84 9.7
95.0 92.91 79.12 9.2
95.0 92.92 84.51 9.1
95.0 92.83 94.08 9.0
95.0 92.90 74.87 8.8
95.0 92.82 102.31 8.7
95.0 92.88 79.96 8.8
95.0 93.03 64.17 8.9
95.0 93.07 74.47 8.0
95.0 93.20 59.23 8.2
95.0 93.18 73.45 7.8
95.0 93.54 13.85 7.2
95.0 93.49 70.79 7.6
95.0 93.44 66.72 7.4
95.0 93.35 77.64 7.3
95.0 93.36 62.85 7.1
95.0 93.32 72.87 7.3
95.0 93.43 52.74 7.2
95.0 93.48 53.79 6.9
95.0 93.57 48.78 6.7
95.0 93.79 24.43 6.5
95.0 93.85 40.63 6.3
95.0 94.00 21.58 6.1
95.0 93.94 49.45 5.4
95.0 93.99 36.72 5.7
95.0 94.03 33.40 5.6
95.0 94.11 27.36 5.8
95.0 94.09 39.59 5.0
95.0 94.07 38.37 5.0
95.0 94.01 47.60 4.8
95.0 93.95 47.48 4.8
95.0 94.19 9.93 5.0
95.0 94.16 34.55 4.8
95.0 94.23 21.89 5.0
95.0 94.15 43.49 4.3
95.0 94.13 38.48 4.4
95.0 94.11 39.11 4.6
95.0 94.13 30.63 4.1
95.0 94.45 -13.22 3.9
95.0 94.45 24.64 4.1
95.0 94.58 0.01 4.1
95.0 94.38 48.23 3.9
95.0 94.43 18.25 4.3
95.0 94.52 9.69 3.9
95.0 94.55 12.43 3.9
95.0 94.53 20.24 3.4
95.0 94.42 36.18 3.1
95.0 94.56 0.50 3.1
95.0 94.36 48.67 3.1
95.0 94.41 17.19 3.1
95.0 94.41 24.65 3.3
95.0 94.55 2.72 2.8
95.0 94.35 49.19 2.7
95.0 94.40 19.03 2.8
95.0 94.54 2.95 3.0
95.0 94.72 -10.02 2.6
95.0 94.69 16.70 2.7
95.0 94.75 2.09 2.8
95.0 95.01 -29.18 2.6
95.0 94.99 2.00 2.2
95.0 95.18 -29.01 2.6
95.0 95.19 -10.53 3.0
95.0 95.16 -3.21 2.9
95.0 95.38 -40.82 3.1
95.0 95.32 -8.45 3.6
95.0 95.68 -69.44 3.9
95.0 95.60 -17.22 4.4
95.0 95.57 -23.64 4.3
95.0 95.65 -36.89 4.6
95.0 95.62 -25.13 4.8
95.0 95.69 -39.08 5.1
95.0 95.51 -2.68 5.0
95.0 95.40 -6.34 5.1
95.0 95.39 -15.69 4.9
95.0 95.43 -24.55 5.4
95.0 95.42 -17.57 5.0
95.0 95.46 -26.30 5.4
95.0 95.50 -26.03 5.1
95.0 95.44 -11.97 5.6
95.0 95.52 -34.03 5.4
95.0 95.76 -59.31 5.4
95.0 95.57 -6.89 5.9
95.0 95.50 -12.56 5.8
95.0 95.44 -14.45 5.3
95.0 95.52 -32.93 5.6
95.0 95.46 -12.66 5.8
95.0 95.35 -4.70 5.6
95.0 95.35 -15.15 5.4
95.0 95.35 -15.81 5.6
95.0 95.07 28.26 5.4
95.0 95.14 -14.52 5.3
95.0 95.21 -16.84 5.2
95.0 95.08 10.94 5.0
95.0 95.11 -7.48 4.9
95.0 95.28 -31.35 4.8
95.0 95.38 -28.57 4.8
95.0 95.33 -8.60 5.0
95.0 95.38 -22.64 5.0
95.0 95.33 -8.50 4.9
95.0 95.38 -21.66 5.0
95.0 95.42 -24.09 4.8
95.0 95.46 -25.47 5.1
95.0 95.50 -26.72 4.8
95.0 95.68 -50.47 5.2
95.0 95.70 -33.53 5.4
95.0 95.71 -33.97 6.1
95.0 95.67 -25.40 5.5
95.0 95.84 -56.13 5.9
95.0 95.89 -45.88 5.9
95.0 95.74 -17.96 6.1
95.0 95.65 -18.68 6.1
95.0 95.67 -32.47 5.9
95.0 95.63 -25.61 6.0
95.0 95.86 -62.79 6.0
95.0 95.90 -44.87 6.1
95.0 95.99 -55.48 6.4
95.0 96.23 -81.98 6.2
95.0 96.24 -55.66 7.1
95.0 96.20 -50.84 7.3
95.0 96.21 -57.07 7.3
95.0 96.71 -130.84 7.6
95.0 96.67 -72.76 8.0
95.0 96.64 -75.02 8.4
95.0 96.86 -107.53 8.8
95.0 96.86 -85.21 8.9
95.0 96.38 -13.57 9.3
95.0 96.28 -47.82 9.2
95.0 96.33 -67.15 9.0
95.0 96.33 -58.52 9.0
95.0 96.43 -78.89 8.9
95.0 96.47 -69.19 9.3
95.0 96.77 -113.18 9.2
95.0 96.78 -82.39 9.7
95.0 97.05 -122.62 10.1
95.0 96.93 -84.65 10.3
95.0 96.82 -71.94 10.4
95.0 96.87 -98.41 10.9
95.0 96.81 -77.68 10.8
95.0 96.92 -102.56 10.7
95.0 96.86 -83.26 11.1
95.0 96.61 -56.89 11.4
95.0 96.48 -54.79 10.6
95.0 96.42 -61.44 10.7
95.0 96.31 -52.01 10.2
95.0 96.12 -34.24 10.8
95.0 95.99 -32.22 10.6
95.0 96.07 -59.89 9.9
95.0 96.10 -53.13 9.8
95.0 96.02 -36.48 9.5
95.0 96.05 -51.54 9.3
95.0 96.18 -67.87 9.0
95.0 96.25 -64.09 9.5
95.0 96.20 -48.27 9.2
95.0 96.27 -66.98 9.7
95.0 96.22 -48.85 8.9
95.0 96.13 -40.00 9.1
95.0 96.10 -47.45 8.9
95.0 96.17 -61.66 8.8
95.0 96.04 -34.03 8.9
95.0 95.97 -34.89 8.7
95.0 96.06 -57.63 8.6
95.0 96.03 -45.11 8.5
95.0 96.06 -51.92 8.0
95.0 96.09 -50.78 8.0
95.0 96.06 -46.09 8.4
95.0 96.09 -52.79 8.2
95.0 96.01 -36.20 8.1
95.0 96.04 -51.27 8.8
95.0 96.02 -44.70 8.4
95.0 95.95 -36.62 8.0
95.0 95.75 -10.22 8.0
95.0 95.86 -50.75 7.7
95.0 95.95 -54.08 7.5
95.0 95.99 -47.67 7.5
95.0 95.97 -43.06 7.7
95.0 96.16 -73.34 7.6
95.0 96.23 -63.53 7.6
95.0 96.14 -40.21 7.5
95.0 96.16 -57.40 7.6
95.0 96.12 -45.78 7.6
95.0 96.05 -37.23 7.8
95.0 95.93 -30.05 7.6
95.0 95.63 1.80 7.6
95.0 95.80 -53.83 7.2
95.0 95.81 -35.68 6.7
95.0 95.76 -29.94 6.9
95.0 95.72 -28.49 6.7
95.0 95.73 -33.20 6.7
95.0 95.74 -34.92 6.4
95.0 95.80 -42.75 6.9
95.0 96.00 -67.83 6.5
95.0 95.94 -33.74 6.9
95.0 95.88 -33.94 7.2
95.0 95.77 -24.79 6.6
95.0 95.54 2.08 6.7
95.0 95.47 -11.71 6.2
95.0 95.51 -27.03 5.8
95.0 95.39 -6.22 5.8
95.0 95.25 7.17 5.6
95.0 95.21 -4.03 5.5
95.0 95.17 -3.58 4.9
95.0 95.09 5.50 4.9
95.0 94.97 14.97 4.5
95.0 95.01 -4.65 4.2
95.0 95.09 -12.76 4.1
95.0 95.02 7.08 4.0
95.0 94.91 17.28 3.9
95.0 94.86 11.84 3.8
95.0 94.95 -8.81 3.6
95.0 94.99 -3.86 3.5
95.0 94.93 9.98 3.7
95.0 94.92 4.07 3.3
95.0 94.96 -3.79 3.1
95.0 94.90 10.63 3.0
95.0 94.90 4.71 2.9
95.0 94.89 4.67 2.8
95.0 94.99 -11.17 2.6
95.0 94.93 9.59 2.6
95.0 94.87 11.62 2.5
95.0 94.97 -8.61 2.5
95.0 95.10 -20.24 2.4
95.0 95.27 -30.79 2.4
95.0 95.09 16.27 2.9
95.0 95.02 7.04 3.0
95.0 95.15 -21.64 2.7
95.0 95.12 -2.00 2.4
95.0 95.24 -23.95 3.1
95.0 95.35 -27.43 2.5
95.0 95.25 -1.35 3.0
95.0 95.03 25.52 3.0
95.0 94.96 8.81 2.8
95.0 95.20 -36.33 2.7
95.0 94.89 39.01 2.8
95.0 94.70 33.44 3.0
95.0 94.62 24.37 3.0
95.0 94.41 47.38 2.9
95.0 94.41 24.64 3.2
95.0 94.41 23.56 3.1
95.0 94.36 32.94 3.0
95.0 94.36 24.79 3.3
95.0 94.31 33.17 3.1
95.0 94.18 47.51 3.3
95.0 94.15 37.74 3.0
95.0 94.08 45.47 3.4
95.0 94.07 38.51 3.7
95.0 94.00 49.37 3.2
95.0 93.95 47.60 3.5
95.0 93.81 63.07 3.3
95.0 93.77 54.40 3.7
95.0 93.69 62.26 3.8
95.0 93.76 43.18 4.3
95.0 93.78 46.01 4.1
95.0 93.88 30.87 4.2
95.0 93.62 87.35 3.9
95.0 93.34 97.98 4.2
95.0 93.30 73.46 4.6
95.0 93.18 85.08 5.0
95.0 93.21 74.26 5.0
95.0 93.10 87.27 5.4
95.0 93.23 54.16 5.7
95.0 93.20 79.79 5.6
95.0 93.18 73.44 5.8
95.0 92.86 123.46 5.8
95.0 92.78 99.34 6.2
95.0 92.59 124.67 6.5
95.0 92.76 71.75 7.2
95.0 92.83 76.50 6.7
95.0 92.89 79.53 7.1
95.0 92.69 118.14 7.2
95.0 92.58 114.73 7.7
95.0 92.67 85.98 7.7
95.0 92.94 55.02 8.0
95.0 92.85 97.38 7.5
95.0 92.82 88.64 7.6
95.0 92.79 93.60 8.0
95.0 92.77 94.32 8.2
95.0 92.66 108.36 8.2
95.0 92.65 97.82 8.2
95.0 92.68 86.42 8.4
95.0 92.49 127.58 8.4
95.0 92.32 128.50 8.8
95.0 92.35 111.86 8.9
95.0 92.32 117.82 9.9
95.0 92.25 125.00 9.5
95.0 92.51 73.04 9.2
95.0 92.47 103.46 9.4
95.0 92.52 106.22 9.2
95.0 92.48 107.98 9.3
95.0 92.44 113.97 9.4
95.0 92.50 96.49 9.9
95.0 92.46 113.51 9.4
95.0 92.29 129.38 10.0
95.0 92.27 119.29 9.9
95.0 92.30 118.81 10.5
95.0 92.28 119.09 10.3
95.0 92.35 112.10 10.4
95.0 92.03 161.31 10.4
95.0 92.08 132.27 10.7
95.0 92.17 111.99 11.9
95.0 92.17 128.29 11.4
95.0 92.16 128.52 11.6
95.0 92.11 135.07 11.2
95.0 91.94 149.89 11.3
95.0 91.82 160.10 11.4
95.0 91.85 132.52 11.9
95.0 91.83 138.23 11.9
95.0 91.69 163.57 12.1
95.0 91.60 161.89 12.6
95.0 91.78 126.27 12.0
95.0 91.81 133.65 12.5
95.0 91.76 158.03 12.7
95.0 91.70 147.29 13.1
95.0 91.45 185.31 12.8
95.0 91.47 156.73 13.2
95.0 91.53 149.74 13.4
95.0 91.72 120.72 13.6
95.0 91.72 148.33 13.3
95.0 91.67 154.78 13.5
95.0 91.85 124.13 13.8
95.0 91.58 175.52 13.5
95.0 91.54 159.06 13.6
95.0 91.47 166.30 13.8
95.0 91.81 101.68 14.0
95.0 91.71 158.23 13.1
95.0 91.62 161.29 13.8
95.0 91.62 151.61 14.1
95.0 91.54 157.42 14.2
95.0 91.51 167.06 14.0
95.0 91.48 154.28 14.2
95.0 91.59 143.00 14.0
95.0 91.59 152.53 13.7
95.0 91.51 164.73 13.7
95.0 91.53 147.69 14.3
95.0 91.63 134.23 15.1
95.0 91.63 157.93 14.1
95.0 91.59 150.74 14.4
95.0 91.56 158.58 14.3
95.0 91.57 153.43 14.4
95.0 91.45 171.64 14.3
95.0 91.43 155.95 14.6
95.0 91.63 139.21 14.2
95.0 91.59 150.88 14.5
95.0 91.51 164.88 14.3
95.0 91.44 160.53 14.5
95.0 91.73 125.55 14.5
95.0 91.64 154.25 14.3
95.0 91.64 144.15 14.2
95.0 91.52 175.71 14.2
95.0 91.36 172.74 15.1
95.0 91.26 177.91 14.6
95.0 91.18 180.89 14.4
95.0 91.22 165.05 14.6
95.0 91.22 162.27 14.8
95.0 91.02 199.91 14.7
95.0 91.04 176.13 14.8
95.0 90.93 193.77 14.9
95.0 91.00 164.12 14.9
95.0 91.07 178.44 15.4
95.0 91.04 172.93 15.0
95.0 91.06 167.36 15.4
95.0 91.21 155.75 15.5
95.0 91.21 170.26 16.1
95.0 91.21 170.20 15.3
95.0 91.35 143.12 15.3
95.0 91.33 173.37 16.0
95.0 91.28 165.47 15.3
95.0 91.41 149.05 15.3
95.0 91.48 151.64 14.6
95.0 91.63 136.59 14.9
95.0 91.46 169.60 14.9
95.0 91.53 149.98 14.6
95.0 91.58 148.04 14.9
95.0 91.86 113.25 14.7
95.0 91.71 156.84 14.4
95.0 91.75 142.28 14.6
95.0 91.83 134.69 14.3
95.0 91.95 119.05 14.0
95.0 91.96 141.32 14.0
95.0 91.60 184.03 13.8
95.0 91.48 170.57 13.8
95.0 91.59 135.61 14.6
95.0 91.77 133.98 13.5
95.0 91.85 127.38 13.5
95.0 91.83 144.51 14.0
95.0 91.73 157.51 13.5
95.0 92.04 101.94 13.8
95.0 92.00 132.89 13.5
95.0 91.93 140.36 13.2
95.0 91.94 142.06 12.8
95.0 91.83 148.36 13.0
95.0 91.77 151.40 12.3
95.0 91.71 153.23 13.1
95.0 91.58 167.14 13.2
95.0 91.55 152.21 13.3
95.0 91.65 148.17 13.4
95.0 91.74 130.95 13.4
95.0 91.68 154.24 13.3
95.0 91.82 123.19 13.2
95.0 91.93 132.96 13.2
95.0 91.91 135.92 13.1
95.0 92.11 103.36 12.7
95.0 91.98 154.54 12.5
95.0 91.99 128.23 12.8
95.0 91.91 146.54 12.8
95.0 91.68 173.08 12.6
95.0 91.76 137.01 12.7
95.0 91.80 134.21 12.6
95.0 91.78 146.12 12.8
95.0 91.60 171.07 12.8
95.0 91.65 145.72 13.0
95.0 91.48 168.94 12.9
95.0 91.77 124.13 13.0
95.0 91.68 153.15 12.9
95.0 91.76 137.04 12.9
95.0 92.02 107.79 12.9
95.0 91.99 133.36 13.2
95.0 92.18 107.71 12.7
95.0 92.17 122.49 12.3
95.0 92.12 140.21 12.3
95.0 92.25 104.17 11.8
95.0 92.61 71.83 11.8
95.0 92.65 97.12 11.4
95.0 92.59 109.28 11.5
95.0 92.68 90.85 11.7
95.0 92.66 101.86 11.4
95.0 92.88 73.36 10.9
95.0 92.76 105.37 10.8
95.0 92.61 122.95 10.4
95.0 92.74 88.78 10.6
95.0 92.72 100.18 10.2
95.0 92.75 94.07 10.6
95.0 92.77 93.30 10.1
95.0 92.75 99.27 9.9
95.0 92.96 60.34 10.1
95.0 92.92 90.06 9.5
95.0 92.92 84.30 9.5
95.0 93.16 48.45 9.3
95.0 93.19 67.16 9.1
95.0 93.13 84.00 8.6
95.0 93.21 64.89 8.6
95.0 93.23 66.21 8.2
95.0 93.16 83.05 9.1
95.0 93.19 67.25 7.6
95.0 93.31 60.24 8.2
95.0 93.46 41.79 8.2
95.0 93.51 56.25 7.8
95.0 93.41 73.35 7.4
95.0 93.32 78.38 7.1
95.0 93.62 23.12 7.3
95.0 93.61 56.46 6.8
95.0 93.64 55.46 7.0
95.0 93.71 41.59 7.0
95.0 93.73 47.20 6.6
95.0 93.61 70.15 6.3
95.0 93.46 79.96 6.7
95.0 93.50 56.32 6.7
95.0 93.45 66.37 6.1
95.0 93.59 42.13 6.0
95.0 93.58 59.91 5.8
95.0 93.47 71.68 6.2
95.0 93.38 76.73 6.1
95.0 93.39 62.11 6.5
95.0 93.22 94.92 6.1
95.0 93.06 93.95 6.3
95.0 93.14 62.38 6.3
95.0 93.13 82.06 6.9
95.0 93.21 60.75 6.5
95.0 93.28 62.84 6.3
95.0 93.34 57.30 6.3
95.0 93.54 41.79 6.2
95.0 93.67 36.38 6.2
95.0 93.56 69.52 6.0
95.0 93.74 32.09 6.0
95.0 93.75 49.21 5.4
95.0 93.86 34.40 5.4
95.0 93.82 50.87 6.1
95.0 93.92 29.81 5.3
95.0 93.88 53.34 5.3
95.0 93.97 28.52 5.1
95.0 93.92 50.09 5.2
95.0 93.97 37.29 4.7
95.0 94.06 26.42 5.0
95.0 94.09 33.83 4.3
95.0 94.07 38.39 4.3
95.0 94.25 13.98 3.7
95.0 94.26 27.37 4.3
95.0 94.37 14.03 4.1
95.0 94.41 17.10 4.0
95.0 94.46 17.34 3.9
95.0 94.50 16.21 3.5
95.0 94.58 6.47 3.5
95.0 94.51 26.86 3.5
95.0 94.55 14.77 3.4
95.0 94.53 20.30 3.3
95.0 94.38 42.66 3.2
95.0 94.42 16.85 3.3
95.0 94.37 32.40 2.9
95.0 94.37 24.39 2.8
95.0 94.47 9.38 2.9
95.0 94.51 15.92 2.8
95.0 94.54 13.80 2.7
95.0 94.67 -0.74 2.0
95.0 94.69 10.00 2.6
95.0 94.71 10.96 2.6
95.0 94.77 1.63 2.6
95.0 94.68 22.51 2.4
95.0 94.75 3.10 2.2
95.0 94.90 -14.81 2.2
95.0 94.95 -2.29 2.4
95.0 95.09 -19.75 2.4
95.0 95.06 -0.14 3.0
95.0 95.09 -6.98 2.8
95.0 95.11 -7.67 2.6
95.0 95.09 -0.96 2.8
95.0 95.11 -7.70 3.2
95.0 95.09 -0.92 3.0
95.0 95.16 -15.42 3.2
95.0 95.18 -9.76 3.5
95.0 95.05 11.02 3.5
95.0 94.94 15.92 3.3
95.0 94.93 3.88 3.3
95.0 94.97 -3.93 2.6
95.0 95.01 -4.31 3.1
95.0 94.90 16.46 3.0
95.0 94.94 -2.82 3.1
95.0 95.03 -11.08 3.0
95.0 95.06 -5.94 3.3
95.0 95.09 -6.87 3.0
95.0 95.11 -7.60 3.4
95.0 95.09 -0.89 3.2
95.0 95.16 -15.23 3.3
95.0 95.18 -9.74 3.5
95.0 95.14 -2.76 3.5
95.0 95.02 12.82 3.5
95.0 95.05 -5.89 3.4
95.0 95.13 -14.28 3.2
95.0 95.25 -24.20 3.5
95.0 95.51 -50.60 3.7
95.0 95.59 -35.03 4.1
95.0 95.61 -30.73 4.6
95.0 95.64 -31.45 5.1
95.0 95.65 -30.90 4.5
95.0 95.57 -17.98 4.9
95.0 95.55 -21.56 5.0
95.0 95.58 -30.48 4.6
95.0 95.65 -36.97 4.9
95.0 95.67 -32.61 5.2
95.0 95.89 -63.45 5.4
95.0 95.88 -41.71 5.5
95.0 96.08 -69.51 5.9
95.0 96.05 -43.57 6.0
95.0 96.03 -47.22 6.1
95.0 96.38 -98.81 6.3
95.0 96.37 -62.48 6.9
95.0 96.32 -51.84 6.7
95.0 96.22 -48.65 7.4
95.0 96.08 -32.41 7.4
95.0 95.96 -28.52 7.3
95.0 95.99 -51.39 7.3
95.0 96.13 -64.63 7.6
95.0 96.25 -70.26 7.6
95.0 96.21 -48.42 7.8
95.0 96.22 -59.67 7.6
95.0 96.13 -39.93 8.0
95.0 96.20 -62.55 7.8
95.0 96.21 -57.06 8.0
95.0 96.17 -47.34 8.6
95.0 96.19 -56.24 8.7
95.0 96.25 -62.20 8.2
95.0 96.31 -68.62 8.2
95.0 96.31 -57.82 8.1
95.0 96.31 -60.48 8.4
95.0 96.26 -52.99 8.5
95.0 96.22 -51.49 8.4
95.0 96.18 -47.54 8.6
95.0 96.19 -54.13 8.6
95.0 96.01 -30.43 8.6
95.0 95.85 -19.18 8.8
95.0 95.85 -38.69 7.6
95.0 95.89 -44.62 7.8
95.0 96.09 -72.02 7.9
95.0 96.27 -75.45 8.0
95.0 96.17 -41.32 8.2
95.0 96.24 -66.03 8.4
95.0 96.45 -87.91 8.0
95.0 96.34 -49.98 8.2
95.0 96.34 -58.76 8.6
95.0 96.24 -49.47 8.9
95.0 96.35 -71.62 8.2
95.0 96.40 -69.32 8.8
95.0 96.34 -55.63 9.1
95.0 96.29 -50.98 8.8
95.0 96.45 -83.07 8.8
95.0 96.59 -85.57 8.9
95.0 96.88 -118.95 9.3
95.0 96.82 -77.93 9.5
95.0 96.67 -61.29 9.7
95.0 96.64 -71.63 9.8
95.0 96.56 -63.03 9.5
95.0 96.48 -57.13 9.1
95.0 96.04 2.76 9.9
95.0 96.02 -42.55 9.2
95.0 95.91 -26.84 8.9
95.0 95.90 -40.43 9.0
95.0 95.99 -55.34 8.7
95.0 95.92 -35.65 8.5
95.0 95.87 -31.55 7.7
95.0 95.72 -15.00 8.3
95.0 95.73 -36.01 7.8
95.0 95.79 -41.24 7.5
95.0 95.65 -14.88 7.3
95.0 95.66 -31.20 7.4
95.0 95.68 -34.25 6.9
95.0 95.50 -2.44 7.1
95.0 95.54 -26.26 6.8
95.0 95.52 -22.72 6.7
95.0 95.60 -35.18 6.7
95.0 95.77 -53.79 6.3
95.0 95.58 -5.01 6.3
95.0 95.92 -77.45 6.4
95.0 95.91 -38.96 7.5
95.0 95.80 -23.61 6.5
95.0 95.81 -38.88 6.5
95.0 95.91 -51.29 6.9
95.0 95.66 -4.52 6.9
95.0 95.63 -22.57 6.9
95.0 95.60 -25.84 6.1
95.0 95.57 -22.28 6.2
95.0 95.45 -8.27 5.9
95.0 95.64 -49.16 6.0
95.0 95.61 -24.89 6.0
95.0 95.63 -31.35 5.8
95.0 95.46 -1.09 5.7
95.0 95.31 2.30 5.6
95.0 95.31 -12.70 5.2
95.0 95.31 -14.58 5.2
95.0 95.22 0.81 4.7
95.0 95.13 4.28 4.7
95.0 95.15 -8.82 4.4
95.0 95.12 -1.64 4.2
95.0 95.00 13.42 4.1
95.0 95.08 -12.85 3.7
95.0 95.06 -0.11 3.7
95.0 94.95 15.03 3.7
95.0 94.94 3.64 3.5
95.0 94.98 -3.77 3.3
95.0 95.16 -28.55 3.2
95.0 95.18 -9.79 2.9
95.0 95.19 -10.59 3.5
95.0 95.16 -3.25 3.3
95.0 95.08 5.10 3.1
95.0 95.06 0.51 3.3
95.0 95.09 -6.88 2.8
95.0 95.06 0.10 3.0
95.0 94.99 8.78 2.7
95.0 94.98 2.44 2.6
95.0 95.22 -36.84 2.6
95.0 95.13 2.75 2.8
95.0 95.06 7.17 2.6
95.0 94.94 16.50 2.3
95.0 95.03 -10.68 2.0
95.0 95.01 1.43 2.4
95.0 95.04 -5.67 2.2
95.0 94.98 8.72 2.0
95.0 94.92 10.27 2.0
95.0 94.77 25.75 1.8
95.0 94.64 29.69 2.0
95.0 94.61 19.43 2.2
95.0 94.59 18.81 1.8
95.0 94.66 4.35 1.8
95.0 94.73 2.61 1.9
95.0 94.60 30.63 2.0
95.0 94.58 19.74 1.4
95.0 94.61 12.12 2.0
95.0 94.58 18.93 1.8
95.0 94.71 -0.50 1.9
95.0 94.49 45.33 1.9
95.0 94.43 29.72 2.1
95.0 94.47 15.54 2.1
95.0 94.28 51.24 2.2
95.0 94.15 48.24 2.4
95.0 94.08 44.11 2.7
95.0 94.11 33.15 2.6
95.0 94.04 46.55 2.5
95.0 93.94 55.19 2.8
95.0 93.84 56.22 3.0
95.0 93.71 67.19 3.1
95.0 93.88 28.06 3.2
95.0 93.79 57.70 3.3
95.0 93.66 68.66 3.5
95.0 93.64 58.11 3.3
95.0 93.53 72.43 4.1
95.0 93.66 36.58 4.3
95.0 93.60 62.66 4.3
95.0 93.63 55.73 4.3
95.0 93.66 49.13 4.3
95.0 93.54 72.07 4.1
95.0 93.53 58.31 4.6
95.0 93.53 61.43 4.8
95.0 93.47 68.59 4.9
95.0 93.42 67.13 5.0
95.0 93.52 53.64 5.1
95.0 93.00 138.58 5.1
95.0 92.91 99.28 6.0
95.0 92.97 73.05 6.0
95.0 92.97 83.02 6.1
95.0 93.11 61.87 6.5
95.0 93.24 53.88 6.2
95.0 93.21 76.05 6.1
95.0 93.14 83.52 6.5
95.0 93.22 60.40 6.4
95.0 93.15 83.28 6.5
95.0 93.47 22.39 6.7
95.0 93.56 52.35 6.7
95.0 93.46 72.10 6.5
95.0 93.28 88.27 6.3
95.0 93.16 91.51 6.2
95.0 93.10 81.43 6.1
95.0 93.09 79.59 6.6
95.0 92.90 103.68 6.9
95.0 92.87 99.63 6.9
95.0 92.75 102.10 7.1
95.0 92.59 115.49 7.4
95.0 92.29 148.46 7.5
95.0 92.41 99.37 8.4
95.0 92.46 97.46 8.5
95.0 92.47 97.68 8.5
95.0 92.43 114.24 8.7
95.0 92.49 96.72 8.8
95.0 92.32 124.30 8.7
95.0 92.57 77.64 9.0
95.0 92.53 106.68 9.1
95.0 92.53 106.12 9.2
95.0 92.53 101.13 9.2
95.0 92.49 112.62 9.4
95.0 92.45 113.83 9.5
95.0 92.46 103.22 9.4
95.0 92.84 52.04 10.1
95.0 92.86 90.54 9.3
95.0 93.01 64.71 9.2
95.0 92.92 91.89 9.3
95.0 92.88 91.06 8.6
95.0 93.08 56.88 9.1
95.0 92.98 90.30 8.9
95.0 92.89 96.22 8.8
95.0 92.86 87.70 9.1
95.0 92.87 90.16 8.9
95.0 92.54 134.93 8.8
95.0 92.37 131.54 9.0
95.0 92.30 123.72 9.5
95.0 92.28 113.89 9.7
95.0 92.35 106.55 9.7
95.0 91.83 187.02 9.8
95.0 91.73 157.45 10.3
95.0 91.47 178.81 10.7
95.0 91.53 149.68 10.4
95.0 91.50 160.36 11.6
95.0 91.35 179.58 11.8
95.0 91.38 152.32 12.2
95.0 91.45 144.96 12.4
95.0 91.47 163.74 12.3
95.0 91.45 155.24 12.7
95.0 91.56 143.94 13.2
95.0 91.57 153.37 13.0
95.0 91.76 127.17 13.1
95.0 91.84 127.83 13.8
95.0 91.77 157.36 13.2
95.0 91.68 153.09 13.2
95.0 91.72 143.41 12.9
95.0 91.76 135.44 13.4
95.0 91.79 147.55 13.3
95.0 91.78 139.90 13.1
95.0 91.90 127.39 13.2
95.0 92.01 123.69 13.3
95.0 92.02 127.30 13.4
95.0 91.90 151.80 13.1
95.0 91.83 143.34 13.1
95.0 91.86 145.19 13.3
95.0 91.79 144.47 13.2
95.0 91.69 158.63 12.9
95.0 91.78 136.46 13.8
95.0 91.86 133.87 13.4
95.0 92.06 104.77 13.8
95.0 91.89 162.00 13.3
95.0 91.96 123.98 13.2
95.0 92.06 121.92 13.2
95.0 92.29 92.03 13.1
95.0 92.02 156.95 12.7
95.0 91.90 151.75 12.5
95.0 91.87 136.90 13.1
95.0 92.22 97.69 12.8
95.0 92.00 148.22 12.5
95.0 91.92 146.32 12.7
95.0 91.94 129.84 12.8
95.0 91.74 171.98 12.7
95.0 91.69 147.76 13.0
95.0 91.86 123.52 12.7
95.0 91.67 168.59 13.1
95.0 91.63 156.09 12.5
95.0 91.30 193.39 13.6
95.0 91.43 148.40 13.3
95.0 91.68 124.81 13.5
95.0 91.72 136.70 13.2
95.0 91.71 148.54 14.0
95.0 91.66 154.96 13.5
95.0 91.62 156.43 13.2
95.0 91.58 151.12 13.4
95.0 91.30 200.90 14.2
95.0 91.29 160.19 13.5
95.0 91.20 180.05 14.4
95.0 91.25 164.30 14.5
95.0 91.47 137.00 14.2
95.0 91.57 136.00 14.2
95.0 91.58 146.02 14.4
95.0 91.63 153.28 13.7
95.0 91.59 150.73 14.0
95.0 91.47 170.83 14.0
95.0 91.45 162.25 14.2
95.0 91.34 175.26 14.1
95.0 91.37 152.57 14.4
95.0 91.54 147.43 14.7
95.0 92.01 78.01 14.9
95.0 91.98 133.63 13.6
95.0 91.95 134.62 13.6
95.0 91.96 141.34 13.7
95.0 91.89 141.49 13.4
95.0 92.09 103.84 13.4
95.0 92.09 136.63 13.8
95.0 92.14 118.39 12.9
95.0 91.96 154.28 12.9
95.0 91.97 128.64 13.4
95.0 91.90 152.78 12.9
95.0 91.83 143.23 12.9
95.0 91.82 145.00 12.7
95.0 92.03 112.94 12.9
95.0 91.86 157.67 12.7
95.0 91.76 150.65 12.9
95.0 91.88 134.93 12.9
95.0 92.04 110.97 12.8
95.0 92.04 126.54 12.3
95.0 91.96 144.90 12.7
95.0 92.06 121.83 12.6
95.0 92.11 125.21 12.5
95.0 92.02 137.28 12.3
95.0 92.08 132.54 12.4
95.0 92.26 98.59 12.0
95.0 92.29 113.69 11.9
95.0 92.22 125.95 11.9
95.0 92.21 132.26 11.4
95.0 92.20 121.58 11.9
95.0 92.32 107.92 11.8
95.0 92.30 123.67 11.3
95.0 91.87 180.25 11.7
95.0 91.89 137.58 12.5
95.0 91.91 136.88 11.9
95.0 91.93 136.25 12.2
95.0 91.95 129.49 12.0
95.0 92.10 115.62 12.4
95.0 92.19 117.66 11.9
95.0 92.22 121.45 11.8
95.0 92.21 121.28 11.8
95.0 91.86 180.29 12.2
95.0 91.93 124.80 11.8
95.0 92.04 122.71 11.9
95.0 92.13 119.48 11.1
95.0 92.13 123.79 11.8
95.0 92.17 123.19 11.8
95.0 92.03 141.92 11.2
95.0 92.04 138.48 11.8
95.0 91.92 145.60 11.8
95.0 92.02 123.17 11.4
95.0 92.12 119.90 11.9
95.0 92.03 142.48 11.7
95.0 92.04 126.65 11.4
95.0 92.04 132.40 11.8
95.0 92.18 112.68 11.8
95.0 92.27 115.01 11.6
95.0 92.20 126.56 11.4
95.0 92.19 132.89 11.5
95.0 92.10 134.96 11.4
95.0 92.23 104.81 12.6
95.0 92.26 125.68 11.4
95.0 92.34 106.89 11.4
95.0 92.49 97.08 11.2
95.0 92.50 102.04 11.1
95.0 92.55 110.58 10.8
95.0 92.64 92.13 11.0
95.0 93.11 31.88 11.0
95.0 93.19 69.50 10.3
95.0 93.21 74.10 9.9
95.0 92.93 114.01 9.5
95.0 92.98 77.00 9.5
95.0 92.85 106.36 9.4
95.0 92.96 72.05 9.1
95.0 92.91 90.12 9.5
95.0 92.97 77.42 9.1
95.0 92.84 99.73 9.1
95.0 92.68 113.14 8.9
95.0 92.49 123.76 9.0
95.0 92.92 50.10 9.0
95.0 92.98 72.81 9.4
95.0 93.07 68.83 8.9
95.0 93.44 16.46 8.8
95.0 93.59 42.36 8.1
95.0 93.48 73.89 7.8
95.0 93.52 52.55 7.9
95.0 93.43 75.48 7.1
95.0 93.34 78.01 7.3
95.0 93.30 70.29 7.3
95.0 93.32 67.42 7.4
95.0 93.38 60.02 7.3
95.0 93.48 51.36 7.1
95.0 93.43 67.04 7.2
95.0 93.38 71.12 6.9
95.0 93.34 72.25 6.9
95.0 93.26 77.15 6.8
95.0 93.38 54.24 6.9
95.0 93.43 55.01 6.9
95.0 93.43 67.31 6.0
95.0 93.48 53.73 6.5
95.0 93.17 107.83 6.3
95.0 93.15 81.38 6.6
95.0 93.27 57.16 6.8
95.0 93.34 61.13 6.3
95.0 93.35 63.14 6.5
95.0 93.50 48.73 6.3
95.0 93.45 66.51 6.3
95.0 93.49 53.33 6.3
95.0 93.58 48.32 6.1
95.0 93.66 46.04 6.0
95.0 93.78 36.76 5.6
95.0 93.70 59.93 5.9
95.0 93.77 40.06 5.8
95.0 93.83 43.91 5.1
95.0 94.03 14.38 5.7
95.0 94.11 27.27 5.0
95.0 94.28 7.81 4.9
95.0 94.34 19.04 4.9
95.0 94.39 19.26 4.6
95.0 94.30 38.54 4.6
95.0 94.40 14.85 4.5
95.0 94.54 1.07 3.9
95.0 94.57 12.98 3.9
95.0 94.60 12.25 3.5
95.0 94.58 19.75 3.5
95.0 94.70 -1.70 3.5
95.0 94.97 -29.74 3.4
95.0 94.91 10.15 3.6
95.0 94.90 4.60 3.5
95.0 94.85 12.11 3.3
95.0 94.80 13.34 3.1
95.0 94.86 -0.65 3.0
95.0 94.58 47.08 2.9
95.0 94.61 12.10 3.0
95.0 94.68 5.02 2.9
95.0 94.75 1.22 2.6
95.0 94.80 0.68 2.7
95.0 94.86 -0.69 2.4
95.0 94.86 5.63 2.8
95.0 94.58 49.98 2.4
95.0 94.66 6.83 1.8
95.0 94.58 24.83 2.4
95.0 94.66 5.69 2.4
95.0 94.58 25.10 2.2
95.0 94.61 13.02 2.1
95.0 94.73 -3.80 2.2
95.0 94.79 1.03 2.1
95.0 94.85 0.29 2.2
95.0 94.94 -10.15 2.0
95.0 94.93 3.78 2.3
95.0 95.07 -20.27 2.1
95.0 95.10 -7.33 2.7
95.0 95.12 -8.03 2.1
95.0 95.14 -8.55 2.6
95.0 95.16 -9.30 2.8
95.0 95.08 5.01 2.6
95.0 95.11 -7.52 2.8
95.0 95.08 -0.84 2.8
95.0 95.16 -15.35 2.9
95.0 95.22 -17.46 2.7
95.0 95.24 -11.60 3.1
95.0 95.39 -34.91 3.3
95.0 95.44 -24.67 3.9
95.0 95.33 -2.81 3.9
95.0 95.33 -14.65 3.7
95.0 95.33 -14.66 3.5
95.0 95.33 -16.00 3.9
95.0 95.28 -7.19 4.2
95.0 95.60 -60.70 4.1
95.0 95.67 -38.37 4.4
95.0 95.68 -31.82 4.7
95.0 95.75 -41.10 4.9
95.0 95.76 -34.09 5.2
95.0 95.76 -37.28 5.5
95.0 95.67 -19.43 5.4
95.0 95.74 -40.72 5.3
95.0 95.75 -33.77 5.7
95.0 95.66 -22.55 6.1
95.0 95.72 -39.19 5.7
95.0 95.83 -48.92 5.9
95.0 95.88 -47.22 5.9
95.0 95.83 -30.32 5.8
95.0 95.88 -45.53 5.8
95.0 95.92 -45.48 6.1
95.0 95.91 -42.79 6.4
95.0 95.95 -46.47 6.5
95.0 95.89 -32.33 6.7
95.0 95.79 -27.39 6.5
95.0 95.79 -35.22 6.8
95.0 95.79 -36.89 6.6
95.0 95.61 -5.69 6.2
95.0 95.58 -23.77 6.6
95.0 95.65 -36.99 6.2
95.0 95.57 -17.93 6.1
95.0 95.36 5.82 6.3
95.0 95.56 -47.07 5.9
95.0 95.63 -37.23 6.2
95.0 95.75 -46.42 6.7
95.0 95.81 -44.59 6.2
95.0 95.81 -35.89 6.1
95.0 95.81 -37.55 6.3
95.0 95.72 -20.88 6.1
95.0 95.83 -49.78 6.4
95.0 95.88 -45.57 6.1
95.0 95.97 -53.34 6.5
95.0 96.06 -59.33 6.7
95.0 96.40 -99.56 6.5
95.0 96.39 -63.21 6.5
95.0 96.34 -52.45 7.4
95.0 96.28 -56.54 7.1
95.0 96.34 -64.92 7.8
95.0 96.44 -74.42 8.0
95.0 96.43 -67.33 8.5
95.0 96.42 -61.16 8.4
95.0 96.41 -63.73 8.8
95.0 96.45 -68.42 8.5
95.0 96.49 -75.14 8.5
95.0 96.00 9.44 8.8
95.0 95.89 -21.17 8.2
95.0 95.88 -41.72 8.0
95.0 96.13 -77.73 8.2
95.0 96.15 -54.99 8.0
95.0 96.22 -61.16 8.1
95.0 95.81 2.45 8.2
95.0 95.76 -24.50 8.3
95.0 95.97 -66.03 7.4
95.0 95.96 -42.43 7.4
95.0 95.85 -27.28 7.4
95.0 95.94 -53.74 7.8
95.0 95.98 -47.39 7.1
95.0 95.97 -44.79 7.4
95.0 96.00 -48.02 7.6
95.0 95.93 -35.98 7.6
95.0 96.34 -104.68 8.0
95.0 96.20 -42.45 8.2
95.0 96.47 -96.33 7.8
95.0 96.50 -70.18 8.2
95.0 96.75 -108.09 8.2
95.0 96.65 -66.41 8.5
95.0 96.52 -56.15 8.8
95.0 96.50 -63.88 8.9
95.0 96.48 -69.45 9.6
95.0 96.42 -55.09 9.0
95.0 96.17 -23.48 9.0
95.0 96.04 -36.58 9.0
95.0 96.06 -50.02 8.6
95.0 95.90 -23.45 8.5
95.0 95.84 -30.72 8.4
95.0 95.69 -18.66 7.9
95.0 95.71 -32.55 7.9
95.0 95.92 -64.51 7.4
95.0 95.96 -50.18 7.5
95.0 95.66 3.76 7.6
95.0 95.68 -30.48 7.1
95.0 95.65 -24.60 7.0
95.0 95.71 -41.02 6.8
95.0 95.72 -33.13 6.5
95.0 95.84 -48.99 6.5
95.0 95.88 -45.78 6.8
95.0 95.78 -25.06 6.7
95.0 95.74 -29.17 6.5
95.0 95.75 -33.77 6.3
95.0 95.75 -36.94 6.1
95.0 95.62 -11.79 6.5
95.0 96.00 -86.70 6.3
95.0 95.98 -41.32 6.1
95.0 95.92 -35.44 6.6
95.0 95.86 -33.44 6.6
95.0 95.81 -29.71 6.5
95.0 95.86 -46.39 6.4
95.0 95.81 -29.68 7.2
95.0 95.66 -15.49 6.3
95.0 95.73 -39.42 6.6
95.0 95.74 -36.43 6.4
95.0 95.75 -33.85 6.1
95.0 95.56 -4.37 6.1
95.0 95.49 -13.78 6.0
95.0 95.48 -20.28 5.8
95.0 95.41 -12.49 5.6
95.0 95.36 -9.52 5.4
95.0 95.45 -31.06 5.3
95.0 95.35 -3.29 5.2
95.0 95.20 8.40 5.0
95.0 95.27 -18.45 5.0
95.0 95.08 15.31 4.8
95.0 95.06 -0.09 4.5
95.0 94.95 15.70 4.2
95.0 94.94 3.59 3.7
95.0 95.07 -18.68 3.9
95.0 95.05 0.17 3.9
95.0 95.13 -14.53 3.6
95.0 95.10 -1.77 3.3
95.0 95.03 6.76 3.5
95.0 95.01 1.74 3.3
95.0 94.90 17.44 3.1
95.0 94.90 4.97 2.6
95.0 94.94 -3.27 3.0
95.0 94.88 11.02 2.9
95.0 94.88 5.02 2.8
95.0 94.98 -10.14 2.5
95.0 94.82 23.73 2.6
95.0 94.92 -8.77 2.4
95.0 94.87 11.47 2.4
95.0 94.87 5.65 2.5
95.0 94.87 5.17 2.3
95.0 94.82 12.91 2.2
95.0 94.73 21.39 2.2
95.0 94.84 -4.49 2.0
95.0 94.89 -1.41 2.0
95.0 94.83 12.43 2.0
95.0 94.84 6.85 2.0
95.0 94.84 5.79 1.8
95.0 94.79 13.54 1.8
95.0 94.70 21.96 1.5
95.0 94.72 9.89 1.9
95.0 94.55 38.05 1.9
95.0 94.48 27.70 1.6
95.0 94.52 15.60 1.8
95.0 94.46 29.01 2.1
95.0 94.40 30.59 2.0
95.0 94.40 23.69 1.5
95.0 94.13 66.30 2.4
95.0 94.10 40.80 2.4
95.0 94.08 38.00 2.5
95.0 93.98 54.16 2.4
95.0 93.92 48.24 2.5
95.0 93.92 44.39 2.9
95.0 93.70 78.61 2.8
95.0 93.58 68.96 3.0
95.0 93.34 95.92 3.7
95.0 93.50 40.94 3.9
95.0 93.49 59.45 3.7
95.0 93.44 69.49 4.1
95.0 93.44 63.85 4.6
95.0 93.49 56.81 4.5
95.0 93.53 52.39 4.5
95.0 93.71 32.82 4.4
95.0 93.68 56.89 5.0
95.0 93.53 76.16 4.8
95.0 93.91 2.44 4.7
95.0 93.82 55.29 4.6
95.0 93.73 63.17 4.9
95.0 93.61 68.08 4.7
95.0 93.46 77.81 4.8
95.0 93.46 63.29 5.0
95.0 93.32 83.84 5.2
95.0 93.25 80.61 5.4
95.0 93.27 65.27 5.7
95.0 93.28 71.89 5.8
95.0 93.25 71.52 5.6
95.0 93.23 72.20 5.6
95.0 93.39 47.93 5.8
95.0 93.26 85.64 5.8
95.0 93.23 75.40 6.1
95.0 93.21 72.68 6.1
95.0 93.28 58.87 6.3
95.0 93.25 78.25 6.3
95.0 93.14 86.27 5.9
95.0 93.03 92.22 6.5
95.0 93.03 77.40 6.6
95.0 92.98 88.26 6.6
95.0 92.89 96.26 6.9
95.0 92.81 94.67 7.0
95.0 92.92 77.84 7.3
95.0 92.93 79.98 7.6
95.0 92.89 90.82 7.2
95.0 92.90 80.72 7.3
95.0 92.73 111.52 7.4
95.0 92.85 80.06 7.6
95.0 92.78 95.62 8.8
95.0 92.58 121.21 7.6
95.0 92.66 91.27 8.2
95.0 92.65 93.01 8.1
95.0 92.87 62.78 8.2
95.0 92.98 66.75 7.9
95.0 92.89 100.05 8.0
95.0 92.90 85.02 8.6
95.0 92.86 91.59 8.2
95.0 92.88 85.68 8.9
95.0 92.71 108.64 8.4
95.0 92.69 100.94 8.4
95.0 92.72 90.03 8.6
95.0 92.66 107.15 8.6
95.0 92.48 124.15 8.5
95.0 92.44 114.15 8.9
95.0 92.36 116.87 9.0
95.0 92.33 117.40 9.2
95.0 92.31 118.14 9.8
95.0 92.20 126.72 9.7
95.0 92.24 120.98 10.0
95.0 92.18 127.38 9.9
95.0 92.13 129.00 10.3
95.0 92.12 123.97 10.3
95.0 92.03 147.90 10.1
95.0 91.95 139.45 10.7
95.0 91.88 147.58 10.8
95.0 92.38 68.62 10.6
95.0 92.05 156.59 11.1
95.0 91.97 144.53 11.2
95.0 91.94 140.79 11.8
95.0 92.00 128.97 11.2
95.0 92.01 127.53 11.5
95.0 92.11 120.32 11.9
95.0 92.06 136.61 11.9
95.0 91.94 150.41 11.9
95.0 91.82 148.50 12.0
95.0 91.94 132.67 12.1
95.0 91.79 154.64 12.5
95.0 92.00 113.88 12.3
95.0 91.96 140.00 12.2
95.0 91.85 147.76 12.2
95.0 91.83 144.56 12.7
95.0 91.90 125.79 12.5
95.0 91.83 155.23 13.1
95.0 91.61 169.90 12.5
95.0 91.79 126.05 12.7
95.0 91.65 164.85 12.9
95.0 91.74 137.85 13.4
95.0 91.73 141.40 13.2
95.0 91.64 160.56 13.1
95.0 91.51 169.48 13.2
95.0 91.48 161.04 13.6
95.0 91.46 154.96 13.6
95.0 91.15 204.30 13.5
95.0 91.16 172.13 14.2
95.0 91.16 164.18 14.3
95.0 91.26 167.00 13.8
95.0 91.25 161.34 14.6
95.0 91.38 149.88 14.6
95.0 91.20 182.57 14.5
95.0 91.16 184.21 14.4
95.0 91.25 151.18 15.0
95.0 91.25 168.90 14.9
95.0 91.29 162.72 14.8
95.0 91.33 161.47 14.5
95.0 91.36 152.90 15.3
95.0 91.44 160.48 14.9
95.0 91.29 174.99 14.9
95.0 91.33 154.04 15.0
95.0 91.45 147.68 14.5
95.0 91.43 163.00 14.9
95.0 91.41 163.67 15.2
95.0 91.39 157.14 14.9
95.0 91.17 201.51 14.8
95.0 91.26 151.05 15.2
95.0 91.48 136.64 15.0
95.0 91.67 122.28 14.9
95.0 91.50 180.57 14.8
95.0 91.48 154.40 14.4
95.0 91.05 220.53 14.7
95.0 90.66 233.57 15.1
95.0 90.76 171.66 15.6
95.0 91.22 124.34 15.7
95.0 91.27 163.67 15.3
95.0 91.18 180.86 15.3
95.0 91.14 169.93 15.3
95.0 91.24 159.82 15.4
95.0 91.23 169.49 15.0
95.0 91.23 169.51 15.3
95.0 91.19 168.31 15.5
95.0 91.24 172.33 15.7
95.0 91.60 108.17 15.3
95.0 91.69 139.36 15.3
95.0 91.78 136.49 14.7
95.0 91.72 146.66 14.3
e 74.74807810783386