95.0 07.74 0.0
95.0 34.79 207.86 0.0
95.0 34.80 221.68 0.0
95.0 34.82 218.10 0.0
95.0 34.82 211.09 0.0
95.0 
95.0 34.79 255.00 0.0
95.0 34.78 117.77 0.0
95.0 34.78 54.06 0.0
95.0 34.79 23.75 0.2
95.0 34.73 255.00 0.2
95.0 34.79 207.93 2.0
95.0 34.76 222.24 4.1
95.0 34.76 214.97 5.9
95.0 34.76 235.91 7.4
95.0 34.76 214.97 9.1
95.0 34.75 228.97 10.4
95.0 34.77 218.45 12.4
95.0 34.79 239.70 13.2
95.0 34.80 221.71 14.4
95.0 34.79 235.55 15.4
95.0 34.79 235.59 16.3
95.0 34.78 239.02 17.2
95.0 34.79 218.27 18.0
95.0 34.78 249.22 18.3
95.0 34.84 204.04 19.7
95.0 34.82 228.43 20.4
95.0 34.80 238.70 20.8
95.0 34.80 235.48 21.4
95.0 34.80 232.13 21.8
95.0 34.80 225.14 22.2
95.0 34.79 245.87 22.6
95.0 34.76 235.77 23.2
95.0 34.73 246.07 23.0
95.0 34.81 197.26 24.1
95.0 34.80 248.95 24.1
95.0 34.80 221.65 24.2
95.0 34.82 228.67 24.5
95.0 34.81 235.31 24.6
95.0 34.82 221.55 24.8
95.0 34.82 231.94 25.0
95.0 34.83 228.50 25.0
95.0 34.84 231.76 25.5
95.0 34.84 221.38 25.9
95.0 34.83 235.11 25.4
95.0 34.77 252.11 25.0
95.0 34.78 232.39 25.7
95.0 34.80 218.23 25.5
95.0 34.87 219.54 26.3
95.0 34.89 214.03 26.3
95.0 34.99 196.92 25.9
95.0 35.04 206.24 25.2
95.0 34.98 237.51 24.1
95.0 34.88 255.00 26.0
95.0 34.87 224.56 25.6
95.0 34.83 254.67 25.6
95.0 34.82 224.95 25.8
95.0 34.84 228.46 25.8
95.0 34.85 228.32 25.9
95.0 34.82 241.78 25.6
95.0 34.83 217.96 25.9
95.0 34.83 242.13 25.8
95.0 34.88 207.21 26.0
95.0 34.89 224.50 25.8
95.0 34.91 213.89 25.8
95.0 34.91 237.79 25.6
95.0 34.95 206.64 25.5
95.0 34.93 224.12 25.2
95.0 34.94 234.25 25.4
95.0 34.93 220.63 25.2
95.0 34.96 217.09 25.1
95.0 34.98 209.84 25.2
95.0 35.02 223.62 25.0
95.0 35.01 216.53 24.8
95.0 35.01 226.47 24.9
95.0 35.01 223.13 25.0
95.0 35.04 216.26 24.8
95.0 35.04 212.88 24.8
95.0 35.09 216.26 24.7
95.0 35.08 212.50 24.5
95.0 35.09 208.98 24.7
95.0 35.09 222.25 24.3
95.0 35.10 215.46 24.3
95.0 35.14 208.44 24.5
95.0 35.16 201.49 23.9
95.0 35.17 224.50 23.6
95.0 35.19 201.28 23.9
95.0 35.20 211.00 23.9
95.0 35.23 207.40 23.7
95.0 35.25 207.14 23.4
95.0 35.28 193.57 23.5
95.0 35.30 206.60 23.2
95.0 35.23 233.69 22.3
95.0 35.25 197.26 22.4
95.0 35.27 206.86 23.2
95.0 35.29 206.66 22.4
95.0 35.30 209.90 22.7
95.0 35.34 186.08 22.8
95.0 35.36 202.51 22.6
95.0 35.44 181.60 22.6
95.0 35.47 194.59 22.6
95.0 35.48 191.98 22.1
95.0 35.51 203.56 22.2
95.0 35.54 181.00 22.0
95.0 35.59 183.20 21.8
95.0 35.63 186.12 21.7
95.0 35.62 190.88 21.5
95.0 35.62 196.17 21.5
95.0 35.63 183.77 20.9
95.0 35.69 188.11 21.3
95.0 35.73 168.94 20.9
95.0 35.79 170.79 20.7
95.0 35.84 173.61 20.6
95.0 35.86 180.06 20.9
95.0 35.88 171.30 19.9
95.0 35.94 174.71 20.2
95.0 35.98 159.95 20.0
95.0 36.02 164.73 19.5
95.0 36.07 155.70 19.6
95.0 36.10 172.13 19.2
95.0 36.17 144.24 19.0
95.0 36.23 143.78 19.2
95.0 36.27 163.19 18.5
95.0 36.31 146.69 18.5
95.0 36.35 150.78 18.2
95.0 36.43 136.28 18.2
95.0 36.48 145.97 17.6
95.0 36.50 141.60 17.6
95.0 36.50 159.20 17.3
95.0 36.54 141.79 17.2
95.0 36.56 148.31 17.0
95.0 36.67 111.68 16.9
95.0 36.70 143.67 16.5
95.0 36.71 139.97 17.1
95.0 36.80 110.65 16.3
95.0 36.83 131.64 16.1
95.0 36.88 124.21 16.2
95.0 36.96 113.02 15.7
95.0 36.97 127.18 15.4
95.0 37.01 129.26 15.1
95.0 37.06 112.17 14.6
95.0 37.09 121.83 14.9
95.0 37.10 128.56 14.6
95.0 37.22 89.41 14.5
95.0 37.27 93.23 14.4
95.0 37.33 89.17 13.9
95.0 37.38 104.78 13.6
95.0 37.42 98.52 13.2
95.0 37.46 94.54 13.2
95.0 37.55 79.34 12.8
95.0 37.61 82.48 12.9
95.0 37.65 84.09 11.8
95.0 37.71 78.03 11.8
95.0 37.72 96.13 12.0
95.0 37.76 75.95 11.5
95.0 37.81 80.91 11.1
95.0 37.87 73.15 11.2
95.0 37.91 76.46 10.6
95.0 38.03 40.04 10.5
95.0 38.08 67.82 10.3
95.0 38.10 74.96 10.0
95.0 38.13 71.07 9.7
95.0 38.17 58.41 9.7
95.0 38.20 58.41 8.9
95.0 38.25 59.12 9.0
95.0 38.31 46.13 9.0
95.0 38.32 66.07 8.6
95.0 38.37 50.39 8.4
95.0 38.41 46.15 8.4
95.0 38.44 53.98 7.6
95.0 38.48 46.17 7.9
95.0 38.52 49.62 7.9
95.0 38.55 46.19 7.6
95.0 38.63 29.84 7.3
95.0 38.69 29.71 7.1
95.0 38.72 41.19 6.7
95.0 38.76 37.13 6.9
95.0 38.82 25.59 6.6
95.0 38.84 40.72 6.3
95.0 38.88 32.76 6.1
95.0 38.94 21.46 5.7
95.0 39.05 0.54 5.6
95.0 39.09 21.50 5.4
95.0 39.15 15.99 5.3
95.0 39.17 25.67 4.7
95.0 39.20 21.52 4.3
95.0 39.25 14.12 5.4
95.0 39.27 21.53 4.4
95.0 39.30 19.33 4.3
95.0 39.38 -3.53 3.7
95.0 39.44 5.16 3.9
95.0 39.49 -1.51 3.9
95.0 39.53 4.89 3.7
95.0 39.52 21.59 3.7
95.0 39.57 2.47 3.0
95.0 39.59 9.09 3.4
95.0 39.65 -9.72 3.0
95.0 39.68 0.74 3.0
95.0 39.75 -14.19 2.9
95.0 39.81 -10.41 2.8
95.0 39.86 -9.46 2.8
95.0 39.89 -6.76 2.7
95.0 39.93 -11.84 3.3
95.0 39.97 -10.34 3.1
95.0 40.00 -11.19 3.7
95.0 40.07 -21.80 3.1
95.0 40.12 -24.01 3.1
95.0 40.18 -27.74 3.2
95.0 40.25 -32.93 3.4
95.0 40.30 -28.82 3.6
95.0 40.34 -29.55 3.6
95.0 40.38 -29.82 4.3
95.0 40.44 -38.12 4.3
95.0 40.48 -34.53 4.3
95.0 40.45 -11.71 4.5
95.0 40.53 -51.08 4.3
95.0 40.57 -40.13 4.1
95.0 40.62 -43.60 4.7
95.0 40.67 -43.91 5.0
95.0 40.68 -38.12 5.0
95.0 40.67 -23.80 5.2
95.0 40.72 -48.87 5.6
95.0 40.75 -44.50 4.7
95.0 40.77 -43.03 5.5
95.0 40.86 -65.55 5.5
95.0 40.90 -54.68 5.7
95.0 40.95 -59.06 6.1
95.0 41.00 -62.49 6.0
95.0 41.05 -64.06 6.4
95.0 41.07 -54.85 6.7
95.0 41.11 -62.51 6.9
95.0 41.13 -59.33 6.9
95.0 41.17 -65.36 7.3
95.0 41.26 -84.76 7.5
95.0 41.30 -74.57 7.2
95.0 41.37 -83.03 7.7
95.0 41.45 -90.20 8.4
95.0 41.53 -98.28 8.2
95.0 41.56 -78.64 8.6
95.0 41.59 -81.53 9.1
95.0 41.62 -83.18 9.0
95.0 41.68 -96.70 9.3
95.0 41.70 -83.74 9.9
95.0 41.77 -100.73 9.8
95.0 41.80 -97.99 10.2
95.0 41.81 -87.89 10.3
95.0 41.87 -107.00 10.5
95.0 41.90 -103.36 10.6
95.0 41.95 -111.34 11.0
95.0 41.98 -104.89 11.2
95.0 42.01 -108.92 11.8
95.0 42.03 -105.66 11.5
95.0 42.03 -102.17 12.0
95.0 42.06 -109.84 11.9
95.0 42.12 -125.10 12.9
95.0 42.12 -103.25 13.1
95.0 42.16 -118.78 12.6
95.0 42.18 -115.63 12.7
95.0 42.18 -108.50 13.2
95.0 42.17 -100.20 13.3
95.0 42.10 -91.01 13.1
95.0 42.19 -127.35 13.2
95.0 42.27 -138.74 13.2
95.0 42.29 -113.07 13.9
95.0 42.30 -122.13 13.8
95.0 42.33 -121.17 14.0
55.0 42.37 -129.67 14.9
55.0 42.39 -126.54 14.7
55.0 42.40 -123.17 14.2
55.0 42.46 -134.35 14.7
55.0 42.44 -121.84 14.6
55.0 
55.0 42.48 255.00 15.2
55.0 42.51 -127.50 15.7
55.0 42.54 95.21 15.7
55.0 42.60 -80.80 16.1
55.0 42.63 204.92 15.3
55.0 42.71 255.00 15.9
55.0 42.75 255.00 17.0
55.0 42.78 255.00 18.1
55.0 42.80 255.00 19.1
55.0 42.81 255.00 20.2
55.0 42.85 255.00 21.1
55.0 42.86 255.00 21.8
55.0 42.88 255.00 22.6
55.0 42.87 255.00 23.2
55.0 42.88 255.00 23.9
55.0 42.89 255.00 24.4
55.0 42.93 255.00 24.7
55.0 42.94 255.00 25.1
55.0 42.92 255.00 25.5
55.0 42.92 255.00 25.8
55.0 42.93 255.00 26.1
55.0 42.88 255.00 26.5
55.0 42.90 255.00 26.8
55.0 42.89 255.00 27.1
55.0 42.84 255.00 27.1
55.0 42.82 255.00 27.1
55.0 42.78 255.00 27.5
55.0 42.78 255.00 27.5
55.0 42.77 255.00 27.9
55.0 42.72 255.00 27.8
55.0 42.79 255.00 27.7
55.0 42.78 255.00 28.0
55.0 42.82 255.00 28.2
55.0 42.79 255.00 28.4
55.0 42.83 255.00 28.1
55.0 42.75 255.00 28.3
55.0 42.78 255.00 28.2
55.0 42.74 255.00 28.2
55.0 42.75 255.00 27.9
55.0 42.76 255.00 28.0
55.0 42.74 255.00 28.4
55.0 42.73 255.00 28.3
55.0 42.71 255.00 28.4
55.0 42.73 255.00 28.1
55.0 42.66 255.00 28.5
55.0 42.67 255.00 28.4
55.0 42.63 255.00 28.1
55.0 42.62 255.00 28.3
55.0 42.57 255.00 28.2
55.0 42.53 255.00 28.3
55.0 42.55 255.00 28.0
55.0 42.52 255.00 28.0
55.0 42.50 255.00 28.1
55.0 42.51 255.00 28.0
55.0 42.47 255.00 27.8
55.0 42.47 255.00 27.9
55.0 42.53 255.00 27.9
55.0 42.51 255.00 27.6
55.0 42.48 255.00 27.7
55.0 42.55 255.00 27.7
55.0 42.53 255.00 27.5
55.0 42.53 255.00 27.5
55.0 42.48 255.00 27.6
55.0 42.48 255.00 27.3
55.0 42.45 255.00 27.4
55.0 42.41 255.00 27.4
55.0 42.39 255.00 27.3
55.0 42.40 255.00 27.3
55.0 42.43 255.00 27.3
55.0 42.39 255.00 26.6
55.0 42.39 255.00 27.6
55.0 42.36 255.00 27.4
55.0 42.36 255.00 27.5
55.0 42.37 255.00 26.3
55.0 42.30 255.00 26.6
55.0 42.30 255.00 27.4
55.0 42.36 255.00 26.9
55.0 42.37 255.00 26.5
55.0 42.34 255.00 26.3
55.0 42.31 255.00 26.7
55.0 42.32 255.00 26.9
55.0 42.37 255.00 26.5
55.0 42.37 255.00 26.2
55.0 42.35 255.00 25.9
55.0 42.31 255.00 26.9
55.0 42.36 255.00 26.7
55.0 42.41 255.00 26.8
55.0 42.48 255.00 26.2
55.0 42.56 255.00 26.5
55.0 42.54 255.00 25.8
55.0 42.55 255.00 25.9
55.0 42.59 255.00 25.9
55.0 42.58 255.00 26.2
55.0 42.57 255.00 25.9
55.0 42.59 255.00 25.9
55.0 42.59 255.00 26.0
55.0 42.64 255.00 25.8
55.0 42.66 255.00 25.9
55.0 42.64 255.00 25.8
55.0 42.66 255.00 25.8
55.0 42.58 255.00 25.4
55.0 42.48 255.00 24.7
55.0 42.44 255.00 25.0
55.0 42.42 255.00 25.0
55.0 42.42 255.00 25.1
55.0 42.44 255.00 25.2
55.0 42.49 255.00 25.2
55.0 42.52 255.00 25.5
55.0 42.58 255.00 25.5
55.0 42.64 255.00 25.9
55.0 42.65 255.00 25.3
55.0 42.72 255.00 25.8
55.0 42.81 255.00 25.6
55.0 42.84 255.00 25.6
55.0 42.91 255.00 25.4
55.0 42.94 255.00 25.3
55.0 42.97 255.00 25.1
55.0 43.01 255.00 25.2
55.0 43.10 255.00 25.0
55.0 43.17 255.00 25.1
55.0 43.22 255.00 25.0
55.0 43.26 255.00 25.0
55.0 43.27 255.00 25.0
55.0 43.33 255.00 24.2
55.0 43.36 255.00 24.7
55.0 43.41 255.00 25.0
55.0 43.45 255.00 25.0
55.0 43.47 255.00 24.8
55.0 43.49 255.00 24.9
55.0 43.53 255.00 25.0
55.0 43.63 255.00 25.0
55.0 43.73 255.00 24.7
55.0 43.74 255.00 24.5
55.0 43.73 255.00 24.4
55.0 43.75 255.00 24.7
55.0 43.77 255.00 24.5
55.0 43.83 255.00 24.6
55.0 43.93 255.00 24.5
55.0 43.97 255.00 24.5
55.0 44.00 255.00 24.5
55.0 44.04 255.00 24.3
55.0 44.07 255.00 25.0
55.0 44.16 255.00 23.7
55.0 44.21 255.00 23.6
55.0 44.19 255.00 24.0
55.0 44.19 255.00 24.0
55.0 44.21 255.00 24.0
55.0 44.23 255.00 24.3
55.0 44.36 255.00 24.8
55.0 44.44 255.00 24.6
55.0 44.41 255.00 24.0
55.0 44.49 255.00 24.2
55.0 44.49 255.00 23.9
55.0 44.51 255.00 24.1
55.0 44.65 255.00 24.0
55.0 44.76 255.00 24.1
55.0 44.82 255.00 24.0
55.0 44.85 255.00 24.0
55.0 45.01 255.00 24.5
55.0 44.97 255.00 23.4
55.0 45.00 255.00 23.5
55.0 45.01 255.00 24.0
55.0 45.09 255.00 24.2
55.0 45.13 255.00 23.7
55.0 45.21 255.00 23.2
55.0 45.24 255.00 23.5
55.0 45.26 255.00 24.2
55.0 45.29 255.00 23.9
55.0 45.33 255.00 23.7
55.0 45.38 255.00 23.8
55.0 45.50 255.00 23.8
55.0 45.55 255.00 23.8
55.0 45.59 255.00 23.7
55.0 45.64 255.00 23.8
55.0 45.63 255.00 23.0
55.0 45.64 255.00 23.9
55.0 45.74 255.00 23.9
55.0 45.79 255.00 23.5
55.0 45.82 255.00 23.4
55.0 45.77 255.00 23.2
55.0 45.82 255.00 23.7
55.0 45.92 255.00 23.4
55.0 46.01 255.00 23.7
55.0 46.06 255.00 23.5
55.0 46.11 255.00 23.4
55.0 46.18 255.00 23.5
55.0 46.26 255.00 23.5
55.0 46.29 255.00 23.4
55.0 46.39 255.00 23.6
55.0 46.58 255.00 23.7
55.0 46.66 255.00 22.9
55.0 46.65 255.00 23.0
55.0 46.67 255.00 23.5
55.0 46.73 255.00 23.5
55.0 46.84 255.00 23.5
55.0 46.88 255.00 23.2
55.0 46.99 255.00 23.2
55.0 47.10 255.00 23.2
55.0 47.19 255.00 23.4
55.0 47.22 255.00 23.0
55.0 47.27 255.00 23.1
55.0 47.34 255.00 23.2
55.0 47.40 255.00 23.1
55.0 47.51 255.00 23.5
55.0 47.69 255.00 23.1
55.0 47.74 255.00 22.5
55.0 47.74 255.00 23.2
55.0 47.79 255.00 23.4
55.0 47.85 255.00 23.0
55.0 47.96 255.00 22.8
55.0 47.98 255.00 22.8
55.0 48.10 255.00 23.0
55.0 48.11 255.00 23.0
55.0 48.17 255.00 23.2
55.0 48.20 255.00 23.0
55.0 48.25 255.00 22.9
55.0 48.30 255.00 22.9
55.0 48.35 255.00 22.9
55.0 48.44 255.00 22.9
55.0 48.55 255.00 23.8
55.0 48.71 235.18 23.3
55.0 48.77 247.15 22.4
55.0 48.78 255.00 22.5
55.0 48.85 255.00 22.8
55.0 48.88 255.00 22.8
55.0 48.96 231.90 22.5
55.0 49.00 255.00 22.6
55.0 49.06 235.69 22.6
55.0 49.12 235.25 22.2
55.0 49.18 242.78 22.4
55.0 49.24 242.12 22.2
55.0 49.30 236.99 22.1
55.0 49.28 252.19 21.5
55.0 49.40 231.08 22.7
55.0 49.50 204.47 21.4
55.0 49.54 234.28 21.7
55.0 49.60 224.77 21.3
55.0 49.65 224.13 21.5
55.0 49.73 202.65 21.4
55.0 49.78 218.18 21.5
55.0 49.87 203.80 20.9
55.0 49.90 210.61 20.7
55.0 50.07 169.84 19.8
55.0 50.11 209.97 20.3
55.0 50.22 181.79 19.8
55.0 50.28 184.22 19.8
55.0 50.35 199.60 19.6
55.0 50.41 178.48 19.4
55.0 50.50 173.96 19.2
55.0 50.57 167.67 19.2
55.0 50.61 195.56 18.6
55.0 50.64 176.60 18.5
55.0 50.76 157.30 18.4
55.0 50.84 160.85 18.6
55.0 50.88 174.06 17.7
55.0 50.96 150.28 17.6
55.0 51.02 149.74 17.5
55.0 51.02 189.37 16.8
55.0 51.08 149.32 16.9
55.0 51.13 157.49 17.0
55.0 51.22 142.64 16.6
55.0 51.26 155.95 16.1
55.0 51.34 132.72 15.7
55.0 51.41 148.62 15.8
55.0 51.49 126.69 15.5
55.0 51.54 138.90 15.1
55.0 51.62 120.75 15.0
55.0 51.58 172.15 14.7
55.0 51.66 120.49 14.6
55.0 51.68 134.89 15.0
55.0 51.69 153.16 14.1
55.0 51.78 109.68 14.4
55.0 51.82 131.06 13.7
55.0 51.94 101.58 13.5
55.0 52.01 114.92 13.4
55.0 52.07 107.42 13.1
55.0 52.13 108.75 12.9
55.0 52.32 63.60 12.6
55.0 52.45 69.48 12.8
55.0 52.49 88.39 11.8
55.0 52.53 93.85 11.3
55.0 52.60 83.39 11.2
55.0 52.65 77.25 11.0
55.0 52.70 82.53 11.0
55.0 52.76 77.05 10.4
55.0 52.86 61.16 10.2
55.0 52.92 65.60 9.8
55.0 53.10 23.31 9.5
55.0 53.14 60.33 9.5
55.0 53.17 60.34 9.1
55.0 53.21 59.12 8.5
55.0 53.27 53.57 8.0
55.0 53.34 42.54 8.2
55.0 53.44 26.30 8.1
55.0 53.51 32.04 7.5
55.0 53.58 40.20 7.1
55.0 53.62 37.78 7.6
55.0 53.65 46.69 6.6
55.0 53.72 26.36 6.9
55.0 53.81 22.95 6.4
55.0 53.76 66.08 6.0
55.0 53.80 32.11 5.8
55.0 53.85 32.92 6.3
55.0 53.90 26.39 5.6
55.0 53.96 23.85 6.0
55.0 53.95 43.55 5.0
55.0 54.00 23.68 5.0
55.0 54.09 6.88 5.2
55.0 54.16 5.95 4.6
55.0 54.22 9.13 4.8
55.0 54.33 -14.27 4.1
55.0 54.36 16.79 4.2
55.0 54.39 16.69 3.8
55.0 54.38 26.50 3.8
55.0 54.42 12.92 3.9
55.0 54.48 -2.48 3.5
55.0 54.54 -2.47 3.9
55.0 54.59 -0.62 4.1
55.0 54.64 -0.81 3.9
55.0 54.70 -6.57 3.9
55.0 54.73 -2.43 3.8
55.0 54.74 10.41 3.9
55.0 54.81 -20.07 4.2
55.0 54.85 -7.19 3.9
55.0 54.89 -7.34 3.8
55.0 54.98 -30.08 3.9
55.0 55.11 -45.89 4.3
55.0 55.17 -25.68 4.3
55.0 55.20 -20.11 4.7
55.0 55.23 -20.45 5.0
55.0 55.29 -32.17 5.2
55.0 55.43 -65.73 5.4
55.0 55.46 -28.22 5.6
55.0 55.52 -45.00 5.7
55.0 55.57 -39.75 6.1
55.0 55.55 -18.60 6.3
55.0 55.59 -40.34 6.4
55.0 55.63 -40.75 6.4
55.0 55.66 -40.40 6.4
55.0 55.77 -69.38 7.3
55.0 55.80 -48.06 7.1
55.0 55.84 -47.29 7.1
55.0 55.82 -32.16 7.3
55.0 55.77 -21.06 7.0
55.0 55.87 -70.47 7.2
55.0 55.91 -53.49 7.3
55.0 55.95 -53.75 7.5
55.0 55.99 -62.17 7.8
55.0 56.01 -48.48 8.0
55.0 56.11 -84.10 7.9
55.0 56.11 -51.42 8.6
55.0 56.14 -62.58 8.9
55.0 56.19 -66.89 8.6
55.0 56.21 -63.32 8.5
55.0 56.30 -86.11 8.9
55.0 56.31 -61.99 9.3
55.0 56.34 -70.11 9.1
55.0 56.33 -59.19 9.6
55.0 56.39 -81.60 9.6
55.0 56.42 -74.28 9.8
55.0 56.42 -65.62 9.7
55.0 56.49 -88.18 9.7
55.0 56.49 -69.03 10.3
55.0 56.52 -80.22 10.1
55.0 56.64 -113.50 10.3
55.0 56.77 -127.80 10.8
55.0 56.77 -83.90 11.4
55.0 56.77 -87.43 11.5
55.0 56.78 -85.89 11.6
55.0 56.78 -83.98 11.8
55.0 56.80 -91.65 11.6
55.0 56.83 -98.48 12.3
55.0 56.85 -92.17 11.6
55.0 56.89 -101.29 12.4
55.0 56.92 -105.14 12.3
55.0 56.96 -110.98 12.3
55.0 56.96 -91.84 12.9
55.0 56.98 -106.29 12.9
55.0 56.97 -92.09 13.2
55.0 57.06 -125.07 13.1
55.0 57.07 -104.06 13.2
55.0 57.09 -108.25 13.2
55.0 57.13 -119.11 13.4
55.0 57.16 -110.52 12.9
55.0 57.13 -103.61 13.9
55.0 57.15 -110.48 13.8
55.0 57.16 -109.53 14.0
55.0 57.13 -99.07 14.1
55.0 57.16 -110.52 14.1
55.0 57.10 -83.54 14.0
55.0 57.16 -124.63 14.0
55.0 57.16 -105.35 14.1
55.0 57.25 -136.45 14.2
55.0 57.13 -68.63 14.3
55.0 57.13 -103.93 14.3
55.0 57.20 -127.09 14.4
55.0 57.15 -94.46 14.3
55.0 57.24 -133.03 14.4
55.0 57.33 -143.11 14.6
55.0 57.33 -113.14 15.0
55.0 57.32 -117.31 14.7
55.0 57.29 -102.03 14.9
55.0 57.29 -111.85 15.1
55.0 57.29 -117.02 14.9
55.0 57.37 -138.62 15.1
55.0 57.33 -102.61 15.1
55.0 57.34 -122.44 15.0
55.0 57.36 -118.75 15.0
55.0 57.39 -128.86 15.3
55.0 57.39 -113.91 15.1
55.0 57.42 -133.81 14.8
55.0 57.38 -103.29 15.3
55.0 57.39 -119.32 15.3
55.0 57.39 -123.63 15.5
55.0 57.39 -113.95 15.7
55.0 57.45 -140.18 15.2
55.0 57.44 -119.73 15.6
55.0 57.42 -114.29 15.5
55.0 57.48 -136.56 15.6
55.0 57.44 -115.00 15.1
55.0 57.51 -142.39 15.8
55.0 57.48 -115.37 16.2
55.0 57.45 -114.88 15.9
55.0 57.44 -119.74 15.8
55.0 57.27 -55.30 15.8
55.0 57.29 -117.80 15.2
55.0 57.33 -127.79 15.0
55.0 57.27 -96.65 15.1
55.0 57.27 -102.22 14.5
55.0 57.23 -105.75 14.8
55.0 57.21 -100.80 14.9
55.0 57.18 -99.92 14.7
55.0 57.34 -161.73 14.7
55.0 57.31 -107.36 14.8
55.0 57.26 -91.04 14.5
55.0 57.20 -95.43 14.7
55.0 57.17 -90.19 14.6
55.0 57.15 -94.62 14.2
55.0 57.09 -78.33 14.4
55.0 57.12 -109.95 13.7
55.0 57.09 -98.38 13.8
55.0 57.07 -89.12 13.5
55.0 57.03 -87.22 14.4
55.0 57.01 -88.44 13.9
55.0 57.02 -97.95 13.3
55.0 56.97 -81.70 13.9
55.0 56.97 -91.97 13.1
55.0 56.96 -87.84 13.0
55.0 56.92 -80.93 12.9
55.0 56.84 -64.32 12.5
55.0 56.80 -73.98 12.3
55.0 56.79 -80.56 12.6
55.0 56.77 -82.59 12.1
55.0 56.74 -69.06 11.8
55.0 56.71 -68.72 11.6
55.0 56.71 -83.02 11.5
55.0 56.68 -72.26 10.9
55.0 56.67 -77.28 11.3
55.0 56.65 -68.08 11.2
55.0 56.52 -39.15 11.0
55.0 56.51 -66.57 10.6
55.0 56.42 -42.97 11.1
55.0 56.49 -90.20 9.7
55.0 56.56 -94.52 10.4
55.0 56.52 -55.83 9.9
55.0 56.39 -17.42 10.2
55.0 56.37 -65.51 9.6
55.0 56.43 -80.10 9.5
55.0 56.38 -48.97 9.5
55.0 56.35 -54.06 9.8
55.0 56.30 -42.75 9.4
55.0 56.31 -62.02 8.9
55.0 56.37 -81.44 8.8
55.0 56.28 -31.95 8.8
55.0 56.24 -38.77 8.9
55.0 56.17 -30.64 9.2
55.0 56.10 -29.93 8.2
55.0 55.98 -7.59 7.8
55.0 55.92 -16.68 7.2
55.0 55.89 -32.98 7.3
55.0 55.85 -27.26 6.8
55.0 55.85 -37.85 6.5
55.0 55.85 -36.05 6.4
55.0 55.80 -18.90 6.5
55.0 55.75 -23.07 6.3
55.0 55.67 -1.38 6.0
55.0 55.64 -17.79 5.6
55.0 55.61 -19.31 5.0
55.0 55.54 -2.80 5.2
55.0 55.54 -21.53 4.7
55.0 55.51 -11.30 3.8
55.0 55.48 -13.98 4.4
55.0 55.43 -5.26 4.2
55.0 55.41 -10.64 4.0
55.0 55.35 4.53 3.9
55.0 55.35 -15.09 3.5
55.0 55.32 -4.46 3.3
55.0 55.29 -3.19 3.3
55.0 55.27 -5.07 3.2
55.0 55.23 2.82 2.9
55.0 55.17 14.62 2.9
55.0 55.15 3.07 2.9
55.0 55.14 -2.75 2.6
55.0 55.13 -3.14 2.5
55.0 55.11 3.17 2.3
55.0 55.01 32.33 2.1
55.0 54.99 8.82 2.1
55.0 54.94 21.89 2.1
55.0 54.82 47.42 2.3
55.0 54.84 -2.40 2.2
55.0 54.82 14.94 2.2
55.0 54.74 38.03 2.0
55.0 54.70 26.57 2.3
55.0 54.60 47.39 2.5
55.0 54.60 15.01 2.6
55.0 54.60 15.83 2.9
55.0 54.56 32.27 2.8
55.0 54.51 37.96 2.6
55.0 54.42 54.97 2.6
55.0 54.38 37.95 2.7
55.0 54.43 5.53 3.5
55.0 54.51 -8.34 3.0
55.0 54.48 32.65 2.9
55.0 54.48 20.76 3.3
55.0 54.47 20.76 2.8
55.0 54.43 38.58 2.9
55.0 54.42 26.51 3.0
55.0 54.35 49.27 2.6
55.0 54.35 26.49 3.0
55.0 54.35 29.01 2.9
55.0 54.27 54.94 3.3
55.0 54.23 43.61 3.0
55.0 54.18 50.71 3.6
55.0 54.17 37.90 3.3
55.0 54.10 60.95 3.8
55.0 54.03 60.53 3.7
55.0 53.97 61.43 4.1
55.0 53.96 45.45 4.3
55.0 53.97 37.86 4.5
55.0 53.93 56.27 4.1
55.0 53.94 40.15 3.8
55.0 53.91 54.87 4.5
55.0 53.86 61.87 4.6
55.0 53.84 54.85 4.7
55.0 53.80 63.86 5.2
55.0 53.76 60.47 5.0
55.0 53.63 99.50 5.1
55.0 53.60 68.21 5.3
55.0 53.60 54.80 5.8
55.0 53.56 73.66 5.8
55.0 53.50 77.19 6.0
55.0 53.47 76.48 6.4
55.0 53.52 37.76 6.3
55.0 53.49 71.61 6.5
55.0 53.47 68.72 6.2
55.0 53.43 79.44 6.6
55.0 53.43 63.59 6.9
55.0 53.43 60.39 6.8
55.0 53.43 63.57 6.9
55.0 53.35 95.42 7.0
55.0 53.30 82.70 7.4
55.0 53.30 69.38 7.5
55.0 53.26 85.34 7.3
55.0 53.21 90.77 7.6
55.0 53.18 82.67 7.6
55.0 53.15 82.67 7.7
55.0 53.04 119.31 8.4
55.0 53.02 86.29 8.0
55.0 53.08 59.65 8.6
55.0 53.04 88.17 8.4
55.0 53.00 100.03 8.3
55.0 52.95 102.21 8.6
55.0 52.91 97.16 8.6
55.0 52.88 97.28 9.1
55.0 52.85 97.39 9.3
55.0 52.83 97.49 9.7
55.0 52.79 99.13 9.8
55.0 52.65 144.30 9.6
55.0 52.61 112.90 10.1
55.0 52.61 103.09 10.1
55.0 52.58 117.51 10.4
55.0 52.61 98.45 10.7
55.0 52.65 87.91 10.7
55.0 52.59 119.08 10.8
55.0 52.58 117.55 11.0
55.0 52.60 98.29 11.0
55.0 52.58 108.25 11.2
55.0 52.57 108.35 11.1
55.0 52.50 132.32 11.1
55.0 52.46 128.25 11.4
55.0 52.43 119.24 11.8
55.0 52.40 129.07 11.9
55.0 52.38 119.62 11.9
55.0 52.33 134.29 12.1
55.0 52.31 130.02 12.4
55.0 52.32 115.92 11.0
55.0 52.29 125.19 12.5
55.0 52.25 135.23 12.9
55.0 52.26 121.28 13.1
55.0 52.16 159.18 12.7
55.0 52.13 131.32 12.9
55.0 52.11 142.38 13.4
55.0 52.13 116.73 13.6
55.0 52.12 126.55 13.6
55.0 52.09 141.79 13.2
55.0 52.03 151.62 13.7
55.0 51.93 166.32 13.8
55.0 51.94 127.96 14.3
55.0 51.93 149.55 14.3
55.0 51.92 132.97 14.6
55.0 51.95 129.56 14.4
55.0 51.93 143.59 14.4
55.0 51.91 143.79 14.6
55.0 51.93 128.09 14.6
55.0 51.91 143.82 14.6
55.0 51.90 143.99 14.9
55.0 51.78 177.09 14.7
55.0 51.79 140.67 14.9
55.0 51.79 145.29 14.8
55.0 51.81 135.79 15.1
55.0 51.78 148.56 15.0
55.0 51.81 142.61 14.5
55.0 51.72 168.09 15.2
55.0 51.71 150.74 15.2
55.0 51.70 144.37 15.5
55.0 51.71 152.85 15.6
55.0 51.63 168.78 15.7
55.0 51.62 156.37 16.0
55.0 51.63 147.06 16.2
55.0 51.63 144.92 16.4
55.0 51.66 142.16 16.3
55.0 51.68 134.86 15.9
55.0 51.65 166.76 15.7
55.0 51.68 134.92 15.9
55.0 51.63 165.31 15.7
55.0 51.62 156.39 15.7
55.0 51.60 156.54 15.5
55.0 51.62 140.20 16.0
55.0 51.62 158.55 16.2
55.0 51.57 164.55 15.6
55.0 51.64 128.48 15.9
55.0 51.77 99.90 15.9
55.0 51.75 143.97 16.0
55.0 51.75 145.65 15.6
55.0 51.73 148.97 15.3
55.0 51.69 166.16 15.3
55.0 51.66 154.31 15.7
55.0 51.64 156.11 15.8
55.0 51.61 161.00 15.7
55.0 51.64 142.37 16.0
55.0 51.64 144.86 15.5
55.0 51.64 151.57 15.7
55.0 51.67 142.09 15.7
55.0 51.70 137.04 16.1
55.0 51.72 134.55 16.0
55.0 51.74 141.21 15.5
55.0 51.74 145.77 15.0
55.0 51.73 144.13 15.2
55.0 51.65 179.64 15.2
55.0 51.65 144.77 15.7
55.0 51.64 156.18 16.3
55.0 51.69 125.10 15.5
55.0 51.68 157.59 15.5
55.0 51.69 139.63 14.8
55.0 51.60 179.13 15.5
55.0 51.58 161.38 15.7
55.0 51.63 137.95 15.9
55.0 51.68 125.16 16.3
55.0 51.70 134.71 15.5
55.0 51.71 152.84 15.9
55.0 51.73 134.50 14.0
55.0 51.68 164.76 15.4
55.0 51.76 122.51 15.4
55.0 51.76 145.62 15.3
55.0 51.65 178.08 15.1
55.0 51.72 135.15 15.2
55.0 51.72 139.40 15.5
55.0 51.75 136.46 15.6
55.0 51.77 134.19 15.1
55.0 51.80 142.76 15.0
55.0 51.79 138.83 14.3
55.0 51.70 178.07 15.0
55.0 51.73 136.73 15.1
55.0 51.76 129.40 15.2
55.0 51.69 169.10 15.1
55.0 51.73 136.75 15.4
55.0 51.76 136.39 15.1
55.0 51.79 129.19 15.1
55.0 51.80 140.53 15.0
55.0 51.82 135.64 14.8
55.0 51.82 144.91 14.6
55.0 51.84 128.77 14.7
55.0 51.87 137.16 14.6
55.0 51.92 118.40 15.0
55.0 51.96 124.79 14.5
55.0 51.98 122.79 14.4
55.0 51.99 133.73 13.9
55.0 52.05 114.42 14.0
55.0 52.08 117.16 14.0
55.0 52.00 161.39 14.4
55.0 51.99 132.41 13.9
55.0 52.01 128.81 13.8
55.0 51.97 147.67 13.9
55.0 52.08 99.96 13.7
55.0 52.13 100.25 13.8
55.0 52.23 93.41 13.5
55.0 52.23 120.83 13.2
55.0 52.27 111.89 12.9
55.0 52.27 115.61 13.0
55.0 52.29 116.28 13.2
55.0 52.35 101.52 12.8
55.0 52.37 104.98 12.9
55.0 52.40 110.36 12.5
55.0 52.39 119.77 12.5
55.0 52.35 129.44 13.0
55.0 52.38 104.94 12.7
55.0 52.43 106.45 12.5
55.0 52.47 94.30 12.0
55.0 52.49 104.09 12.1
55.0 52.54 94.57 11.9
55.0 52.56 93.34 11.8
55.0 52.54 113.51 11.7
55.0 52.57 93.54 11.6
55.0 52.62 93.69 11.4
55.0 52.67 77.17 11.4
55.0 52.62 117.72 11.0
55.0 52.62 107.76 11.0
55.0 52.67 88.27 11.0
55.0 52.71 82.28 10.9
55.0 52.76 76.84 10.8
55.0 52.74 106.37 10.4
55.0 52.80 76.80 10.5
55.0 52.83 81.51 10.4
55.0 52.85 86.34 9.9
55.0 52.88 76.33 10.4
55.0 52.90 81.53 9.9
55.0 52.94 70.83 9.9
55.0 52.98 70.68 9.8
55.0 53.04 54.68 9.9
55.0 53.08 64.97 9.2
55.0 53.10 65.94 8.9
55.0 53.14 69.08 9.1
55.0 53.17 60.34 8.6
55.0 53.20 60.35 8.4
55.0 53.24 63.25 8.2
55.0 53.32 37.72 8.2
55.0 53.27 85.30 8.0
55.0 53.30 54.73 8.1
55.0 53.33 62.48 7.8
55.0 53.51 -2.69 8.0
55.0 53.52 54.78 7.4
55.0 53.54 52.50 7.3
55.0 53.54 57.81 7.3
55.0 53.56 52.40 6.8
55.0 53.58 49.14 7.2
55.0 53.67 20.59 6.8
55.0 53.68 54.72 6.6
55.0 53.70 43.50 6.5
55.0 53.73 41.00 6.5
55.0 53.75 43.51 6.4
55.0 53.77 43.77 6.1
55.0 53.77 49.18 5.9
55.0 53.78 43.51 5.3
55.0 53.81 43.52 5.9
55.0 53.77 60.47 5.9
55.0 53.80 40.73 5.6
55.0 53.81 43.52 5.9
55.0 53.86 29.68 5.6
55.0 53.89 34.97 5.6
55.0 53.92 32.13 5.5
55.0 53.94 34.76 4.6
55.0 53.97 34.67 4.8
55.0 53.94 49.22 5.2
55.0 53.98 29.19 4.9
55.0 54.02 26.42 4.8
55.0 54.10 10.19 4.8
55.0 54.04 60.52 4.5
55.0 54.08 23.35 4.0
55.0 54.11 28.69 4.4
55.0 54.23 -14.29 4.4
55.0 54.21 40.31 4.5
55.0 54.24 20.71 4.5
55.0 54.35 -7.49 4.6
55.0 54.35 26.49 4.0
55.0 54.40 3.35 4.1
55.0 54.44 9.18 3.9
55.0 54.47 9.18 3.6
55.0 54.50 9.19 3.6
55.0 54.56 -4.59 3.4
55.0 54.56 15.00 3.2
55.0 54.57 16.93 2.8
55.0 54.60 3.39 3.1
55.0 54.63 3.40 2.9
55.0 54.68 -4.03 3.0
55.0 54.70 4.47 3.0
55.0 54.68 20.81 2.6
55.0 54.73 -8.29 2.5
55.0 54.73 9.84 2.7
55.0 54.78 -8.28 2.4
55.0 54.84 -14.16 2.6
55.0 54.85 4.33 2.6
55.0 54.91 -20.05 2.7
55.0 54.94 -6.91 2.8
55.0 54.97 -8.24 2.7
55.0 54.98 -2.15 2.7
55.0 54.99 -2.18 2.7
55.0 55.01 -8.26 2.5
55.0 55.03 -7.97 2.8
55.0 55.00 9.29 2.9
55.0 55.02 -7.94 2.8
55.0 55.03 -2.44 2.7
55.0 55.09 -26.22 2.4
55.0 55.09 -3.07 2.7
55.0 55.10 -8.47 2.8
55.0 55.13 -14.21 3.1
55.0 55.15 -14.38 3.3
55.0 55.14 -4.07 3.1
55.0 55.18 -20.53 2.9
55.0 55.20 -14.70 3.3
55.0 55.26 -31.38 3.1
55.0 55.33 -37.50 3.1
55.0 55.35 -21.71 3.5
55.0 55.38 -27.16 3.1
55.0 55.39 -22.77 3.8
55.0 55.40 -21.73 4.2
55.0 55.35 -0.76 3.6
55.0 55.40 -33.04 3.8
55.0 55.43 -27.89 3.8
55.0 55.40 -11.78 4.3
55.0 55.45 -33.25 4.3
55.0 55.45 -22.86 3.9
55.0 55.47 -28.40 4.7
55.0 55.57 -56.30 4.8
55.0 55.56 -22.84 4.3
55.0 55.57 -29.48 4.8
55.0 55.60 -35.08 4.8
55.0 55.60 -28.73 4.6
55.0 55.53 -2.72 4.8
55.0 55.59 -45.60 4.5
55.0 55.65 -46.33 4.9
55.0 55.66 -34.77 5.0
55.0 55.68 -37.07 5.4
55.0 55.68 -29.23 5.1
55.0 55.78 -69.83 5.0
55.0 55.86 -64.95 5.3
55.0 55.90 -54.54 5.6
55.0 55.89 -38.33 6.0
55.0 55.90 -42.08 6.0
55.0 55.92 -50.87 6.3
55.0 55.85 -13.71 6.2
55.0 55.96 -76.83 5.9
55.0 55.96 -44.36 6.0
55.0 55.96 -44.37 6.3
55.0 55.96 -44.38 6.3
55.0 56.07 -83.42 6.3
55.0 56.04 -39.95 6.6
55.0 55.97 -23.27 6.7
55.0 55.88 -11.76 6.8
55.0 55.89 -42.01 6.3
55.0 55.95 -60.41 6.3
55.0 55.86 -11.47 6.3
55.0 55.87 -41.84 6.2
55.0 55.86 -37.98 6.1
55.0 55.92 -60.12 6.4
55.0 55.92 -44.00 6.3
55.0 55.93 -42.26 6.3
55.0 55.93 -44.09 6.3
55.0 55.97 -55.22 6.3
55.0 55.98 -48.30 6.3
55.0 55.98 -44.61 6.4
55.0 56.02 -61.28 6.8
55.0 55.99 -34.02 6.5
55.0 56.03 -60.07 6.7
55.0 56.13 -85.02 6.7
55.0 56.10 -37.83 7.1
55.0 56.12 -54.96 7.1
55.0 56.12 -51.50 7.1
55.0 56.12 -51.50 7.2
55.0 56.17 -68.26 7.1
55.0 56.16 -49.56 7.2
55.0 56.19 -65.01 6.8
55.0 56.18 -49.70 7.3
55.0 56.16 -43.88 7.5
55.0 56.30 -102.77 7.4
55.0 56.26 -50.75 7.6
55.0 56.25 -52.92 7.3
55.0 56.12 -4.48 7.6
55.0 56.09 -37.71 7.4
55.0 56.17 -79.20 6.9
55.0 56.15 -46.42 7.2
55.0 56.13 -43.66 7.1
55.0 56.13 -51.59 6.3
55.0 56.13 -51.58 7.1
55.0 56.13 -49.31 7.2
55.0 56.13 -51.57 7.3
55.0 56.14 -57.12 7.2
55.0 56.15 -57.27 7.2
55.0 56.13 -43.70 7.6
55.0 56.12 -48.62 7.2
55.0 56.09 -37.72 7.1
55.0 56.12 -60.69 7.1
55.0 56.14 -57.09 6.9
55.0 56.17 -62.82 7.3
55.0 56.16 -51.96 7.0
55.0 56.16 -49.53 7.4
55.0 56.15 -54.24 7.1
55.0 56.17 -55.28 7.3
55.0 56.16 -49.55 7.3
55.0 56.16 -51.91 7.2
55.0 56.15 -51.87 7.3
55.0 56.13 -46.29 7.0
55.0 56.12 -43.58 7.1
55.0 56.04 -27.28 7.1
55.0 56.02 -37.25 6.9
55.0 56.03 -50.52 7.3
55.0 55.99 -31.44 6.6
55.0 55.99 -44.72 6.6
55.0 56.05 -66.98 6.3
55.0 56.07 -54.63 6.7
55.0 56.05 -39.98 6.7
55.0 56.12 -73.16 6.9
55.0 56.07 -34.91 6.7
55.0 55.97 -8.98 6.6
55.0 55.95 -36.79 6.5
55.0 55.89 -22.39 6.1
55.0 55.86 -24.88 6.0
55.0 55.85 -37.86 6.1
55.0 55.89 -54.44 5.7
55.0 55.93 -54.85 6.0
55.0 55.90 -30.83 6.3
55.0 55.81 -8.86 5.9
55.0 55.81 -34.17 5.7
55.0 55.81 -35.77 5.7
55.0 55.73 -10.11 5.7
55.0 55.77 -47.71 5.4
55.0 55.76 -31.53 5.2
55.0 55.72 -18.35 5.4
55.0 55.74 -43.14 5.2
55.0 55.69 -12.59 5.0
55.0 55.67 -23.61 4.9
55.0 55.73 -52.68 4.7
55.0 55.73 -31.16 5.2
55.0 55.72 -31.09 5.0
55.0 55.73 -35.23 5.1
55.0 55.75 -42.13 4.8
55.0 55.85 -70.29 4.9
55.0 55.88 -48.87 5.1
55.0 55.80 -7.78 5.4
55.0 55.83 -47.24 5.0
55.0 55.80 -26.62 5.1
55.0 55.75 -18.58 5.0
55.0 55.81 -53.47 5.2
55.0 55.78 -26.39 5.0
55.0 55.75 -26.10 4.5
55.0 55.68 -6.98 4.8
55.0 55.69 -34.98 4.7
55.0 55.69 -30.77 4.6
55.0 55.63 -6.61 4.6
55.0 55.66 -40.40 4.2
55.0 55.62 -14.09 4.5
55.0 55.62 -30.01 4.3
55.0 55.54 5.05 4.1
55.0 55.55 -26.68 4.1
55.0 55.53 -19.76 3.8
55.0 55.50 -11.24 4.0
55.0 55.51 -28.84 3.7
55.0 55.54 -34.50 3.7
55.0 55.50 -7.53 3.7
55.0 55.47 -9.54 3.6
55.0 55.43 -3.55 3.7
55.0 55.39 -6.37 3.3
55.0 55.37 -9.27 3.0
55.0 55.37 -15.92 3.0
55.0 55.38 -21.60 2.8
55.0 55.38 -17.61 3.0
55.0 55.41 -27.38 2.8
55.0 55.39 -10.49 2.4
55.0 55.42 -28.19 2.8
55.0 55.35 6.33 3.0
55.0 55.31 2.62 3.0
55.0 55.27 4.14 2.6
55.0 55.25 -3.06 2.3
55.0 55.21 1.79 2.2
55.0 55.18 4.00 2.1
55.0 55.17 -2.85 1.9
55.0 55.15 2.27 1.9
55.0 55.05 34.47 1.7
55.0 55.02 8.64 1.8
55.0 55.01 3.71 1.8
55.0 55.06 -19.33 1.8
55.0 54.99 25.21 1.9
55.0 54.96 8.93 1.8
55.0 54.91 21.77 1.6
55.0 54.91 3.62 1.7
55.0 54.90 9.27 1.8
55.0 54.88 9.34 2.0
55.0 54.86 14.82 1.5
55.0 54.83 15.06 1.6
55.0 54.80 20.83 1.5
55.0 54.75 26.15 1.5
55.0 54.72 20.82 2.0
55.0 54.71 15.41 1.8
55.0 54.72 9.24 1.6
55.0 54.68 26.79 1.8
55.0 54.67 16.12 1.9
55.0 54.58 49.36 1.8
55.0 54.55 26.93 2.4
55.0 54.56 15.00 2.0
55.0 54.58 10.45 2.2
55.0 54.57 21.43 2.4
55.0 54.56 20.78 2.2
55.0 54.52 32.47 2.4
55.0 54.43 54.31 2.4
55.0 54.40 32.94 2.5
55.0 54.39 26.50 2.6
55.0 54.33 49.36 2.6
55.0 54.27 49.60 2.5
55.0 54.29 20.72 3.0
55.0 54.29 27.96 2.9
55.0 54.28 33.42 2.6
55.0 54.23 49.28 2.9
55.0 54.25 22.69 3.3
55.0 54.21 43.61 3.3
55.0 54.20 40.44 3.2
55.0 54.27 3.32 3.3
55.0 54.26 30.92 3.3
55.0 54.26 28.07 4.1
55.0 54.27 28.05 3.2
55.0 54.25 38.96 3.7
55.0 54.25 26.47 3.1
55.0 54.29 19.13 3.7
55.0 54.29 26.48 3.3
55.0 54.19 66.17 3.7
55.0 54.18 39.23 3.6
55.0 54.18 33.83 3.5
55.0 54.13 50.13 3.7
55.0 54.05 66.14 3.7
55.0 54.01 54.89 4.2
55.0 53.85 98.22 4.5
55.0 53.85 43.53 4.3
55.0 53.86 45.87 5.2
55.0 53.86 43.53 4.2
55.0 53.83 58.53 4.7
55.0 53.84 43.52 4.8
55.0 53.81 54.84 5.2
55.0 53.88 24.16 5.0
55.0 53.87 51.20 5.2
55.0 53.90 34.94 4.8
55.0 53.88 49.21 4.9
55.0 53.87 51.19 4.8
55.0 53.90 34.94 4.8
55.0 53.88 49.21 5.5
55.0 53.87 51.19 5.0
55.0 53.85 51.24 4.5
55.0 53.81 60.48 5.1
55.0 53.81 51.43 5.2
55.0 53.87 20.63 5.4
55.0 53.83 63.60 5.5
55.0 53.82 49.19 5.2
55.0 53.78 62.18 5.5
55.0 53.81 37.82 5.3
55.0 53.77 62.22 5.4
55.0 53.66 94.21 5.4
55.0 53.65 54.81 5.8
55.0 53.64 60.03 6.0
55.0 53.60 71.64 6.1
55.0 53.60 54.80 6.1
55.0 53.54 78.99 6.2
55.0 53.57 47.00 6.1
55.0 53.58 57.68 6.2
55.0 53.56 60.42 6.3
55.0 53.52 73.79 6.5
55.0 53.52 63.24 6.7
55.0 53.51 60.41 6.5
55.0 53.49 68.65 6.6
55.0 53.49 60.41 6.5
55.0 53.48 66.35 6.7
55.0 53.57 26.32 6.7
55.0 53.58 49.14 6.7
55.0 53.56 70.79 6.5
55.0 53.55 60.42 6.1
55.0 53.54 63.16 6.5
55.0 53.50 71.62 6.5
55.0 53.49 66.26 6.6
55.0 53.50 54.78 6.9
55.0 53.50 60.41 7.0
55.0 53.49 63.33 6.6
55.0 53.48 68.70 6.9
55.0 53.49 58.03 7.1
55.0 53.47 66.02 6.4
55.0 53.47 60.40 6.9
55.0 53.45 71.61 7.1
55.0 53.35 99.25 6.9
55.0 53.35 69.20 7.3
55.0 53.33 74.56 7.2
55.0 53.33 65.98 7.1
55.0 53.31 74.63 7.7
55.0 53.30 71.57 7.5
55.0 53.27 83.04 7.6
55.0 53.27 65.97 7.6
55.0 53.26 74.83 7.5
55.0 53.24 77.13 7.5
55.0 53.22 80.27 7.8
55.0 53.20 80.35 7.6
55.0 53.21 65.96 7.5
55.0 53.20 75.06 7.6
55.0 53.20 75.07 7.6
55.0 53.21 65.96 8.5
55.0 53.18 85.67 7.8
55.0 53.16 77.12 8.0
55.0 53.12 94.14 8.4
55.0 53.10 82.65 7.9
55.0 53.09 80.78 8.4
55.0 53.05 91.38 8.9
55.0 53.07 71.52 8.5
55.0 53.05 86.19 8.5
55.0 53.09 60.32 8.7
55.0 53.10 79.43 8.6
55.0 53.09 77.10 8.4
55.0 53.14 54.70 8.8
55.0 53.13 80.62 8.4
55.0 53.13 75.35 8.0
55.0 53.13 75.33 7.3
55.0 53.11 82.66 8.6
55.0 53.12 71.53 8.5
55.0 53.13 74.12 8.3
55.0 53.11 82.66 9.1
55.0 53.10 80.73 8.5
55.0 53.14 64.75 8.3
55.0 53.12 80.64 8.5
55.0 53.10 82.66 8.5
55.0 53.04 99.19 8.7
55.0 53.03 84.90 8.7
55.0 53.03 77.09 8.9
55.0 52.92 122.90 8.8
55.0 52.92 86.71 8.9
55.0 52.93 85.75 9.1
55.0 52.91 88.14 9.0
55.0 52.95 65.91 9.3
55.0 52.93 91.89 9.1
55.0 52.97 70.72 9.5
55.0 52.94 91.82 9.2
55.0 52.94 82.62 9.1
55.0 52.95 81.35 9.1
55.0 52.98 70.66 9.1
55.0 52.99 77.08 9.0
55.0 52.99 81.17 9.0
55.0 52.99 81.16 8.6
55.0 53.02 65.92 8.6
55.0 53.05 70.38 8.9
55.0 53.06 71.52 8.9
55.0 53.09 74.48 8.8
55.0 53.10 71.53 8.6
55.0 53.05 96.62 8.5
55.0 53.06 71.52 8.6
55.0 53.07 75.59 8.4
55.0 53.08 75.55 8.2
55.0 53.15 49.05 8.4
55.0 53.15 79.03 8.6
55.0 53.11 88.19 8.3
55.0 53.08 82.65 8.0
55.0 53.09 75.50 8.6
55.0 53.09 80.79 8.2
55.0 53.06 86.12 8.6
55.0 53.09 65.93 8.6
55.0 53.15 54.02 8.7
55.0 53.18 64.56 8.4
55.0 53.15 82.67 8.4
55.0 53.27 32.01 8.4
55.0 53.15 115.58 8.2
55.0 53.12 92.53 8.3
55.0 53.14 65.95 8.5
55.0 53.13 77.11 8.4
55.0 53.08 99.43 8.2
55.0 53.08 71.52 8.7
55.0 53.11 70.16 8.4
55.0 53.21 31.98 8.8
55.0 53.22 73.42 8.2
55.0 53.25 60.36 8.2
55.0 53.24 71.56 8.2
55.0 53.23 74.95 7.9
55.0 53.24 69.64 8.0
55.0 53.27 58.88 7.7
55.0 53.21 93.73 8.0
55.0 53.20 71.55 8.0
55.0 53.23 68.37 8.1
55.0 53.25 60.36 8.0
55.0 53.27 64.21 7.9
55.0 53.40 20.58 8.1
55.0 53.38 71.59 7.6
55.0 53.39 63.75 7.5
55.0 53.32 88.23 7.4
55.0 53.34 67.51 7.8
55.0 53.35 60.38 7.5
55.0 53.33 74.56 7.6
55.0 53.30 77.14 7.2
55.0 53.30 69.40 7.7
55.0 53.22 101.15 7.7
55.0 53.14 101.45 7.8
55.0 53.14 79.06 8.1
55.0 53.06 106.93 8.1
55.0 53.06 84.73 8.4
55.0 53.10 60.32 8.4
55.0 53.10 75.46 8.5
55.0 53.08 86.05 8.3
55.0 53.10 65.94 8.4
55.0 53.14 64.74 8.7
55.0 53.16 69.97 8.5
55.0 53.23 43.40 8.6
55.0 53.24 69.65 8.3
55.0 53.21 77.13 8.2
55.0 53.25 63.12 8.7
55.0 53.27 60.36 7.8
55.0 53.28 65.97 8.2
55.0 53.29 64.12 7.7
55.0 53.27 80.07 7.7
55.0 53.37 31.60 7.7
55.0 53.41 49.10 7.4
55.0 53.44 56.57 7.4
55.0 53.39 82.72 7.5
55.0 53.42 49.11 6.3
55.0 53.45 52.83 7.3
55.0 53.47 58.11 7.2
55.0 53.49 52.67 7.3
55.0 53.52 49.13 7.4
55.0 53.60 26.33 7.0
55.0 53.70 23.79 6.7
55.0 53.69 54.82 6.4
55.0 53.71 46.46 6.3
55.0 53.73 43.50 4.8
55.0 53.73 54.31 6.2
55.0 53.76 37.81 6.3
55.0 53.76 49.18 6.1
55.0 53.78 43.70 6.0
55.0 53.81 37.83 5.8
55.0 53.83 40.60 5.2
55.0 53.81 54.84 5.6
55.0 53.81 46.04 5.8
55.0 53.81 51.43 5.0
55.0 53.77 60.47 6.3
55.0 53.81 35.28 5.8
55.0 53.79 56.83 5.4
55.0 53.80 46.10 5.6
55.0 53.90 9.06 5.4
55.0 53.88 47.31 5.2
55.0 53.89 42.82 4.8
55.0 53.92 32.13 5.7
55.0 53.93 40.19 5.1
55.0 53.94 37.85 4.6
55.0 53.97 34.67 4.8
55.0 53.94 50.89 5.1
55.0 53.88 66.10 5.6
55.0 53.88 48.03 5.2
55.0 53.90 37.84 5.1
55.0 53.88 49.21 5.1
55.0 53.91 34.89 5.0
55.0 53.88 56.49 4.8
55.0 53.92 29.43 5.0
55.0 53.96 26.41 5.0
55.0 54.01 23.63 4.7
55.0 54.01 39.87 4.5
55.0 54.10 3.28 5.1
55.0 54.01 71.72 4.5
55.0 54.00 43.56 4.5
55.0 54.04 26.24 4.5
55.0 54.01 49.23 3.9
55.0 54.03 32.16 4.5
55.0 54.03 41.75 4.5
55.0 54.06 26.43 4.3
55.0 54.09 28.78 4.3
55.0 54.11 26.44 4.4
55.0 54.13 28.60 4.1
55.0 54.15 28.52 3.9
55.0 54.20 14.93 4.1
55.0 54.22 22.79 3.9
55.0 54.23 28.19 3.7
55.0 54.27 17.15 3.6
55.0 54.29 20.72 3.8
55.0 54.28 32.21 3.6
55.0 54.33 13.64 3.5
55.0 54.45 -20.15 3.7
55.0 54.52 -3.59 3.3
55.0 54.52 21.63 3.5
55.0 54.56 3.38 3.9
55.0 54.55 20.77 3.1
55.0 54.55 15.00 3.0
55.0 54.56 16.99 3.1
55.0 54.60 3.38 2.9
55.0 54.55 32.27 2.6
55.0 54.56 15.00 2.7
55.0 54.64 -11.91 2.9
55.0 54.64 16.38 3.0
55.0 54.65 9.22 2.7
55.0 54.65 15.02 2.4
55.0 54.64 15.67 2.2
55.0 54.63 20.79 2.6
55.0 54.70 -12.14 2.4
55.0 54.68 21.00 2.5
55.0 54.66 21.41 2.5
55.0 54.64 20.80 2.8
55.0 54.63 15.02 2.4
55.0 54.62 21.70 2.6
55.0 54.57 32.27 2.1
55.0 54.59 10.40 2.4
55.0 54.61 9.21 2.6
55.0 54.61 15.80 2.4
55.0 54.63 9.22 2.2
55.0 54.65 2.07 2.2
55.0 54.66 9.22 2.1
55.0 54.67 9.22 1.9
55.0 54.73 -8.29 2.0
55.0 54.76 -2.42 1.6
55.0 54.79 -2.41 1.9
55.0 54.79 9.99 1.9
55.0 54.79 8.88 1.9
55.0 54.80 3.43 1.8
55.0 54.85 -15.69 1.6
55.0 54.86 4.21 1.7
55.0 54.88 -2.39 1.8
55.0 54.85 15.07 1.5
55.0 54.86 3.84 1.1
55.0 54.84 15.06 1.3
55.0 54.87 -8.26 1.8
55.0 54.89 -1.81 1.5
55.0 54.94 -13.09 1.8
55.0 54.94 3.62 1.6
55.0 55.02 -33.88 1.7
55.0 55.00 8.79 2.1
55.0 54.94 19.94 1.8
55.0 54.94 3.46 1.8
55.0 54.94 3.46 1.7
55.0 54.94 3.39 1.6
55.0 54.96 -8.24 1.6
55.0 54.97 -2.13 1.5
55.0 54.98 -2.37 1.8
55.0 55.00 -7.81 1.6
55.0 55.01 -2.31 1.4
55.0 55.00 3.28 1.6
55.0 55.02 -8.72 1.5
55.0 55.04 -8.35 1.4
55.0 55.04 -2.58 1.7
55.0 54.96 32.36 1.3
55.0 54.98 -7.70 1.3
55.0 54.99 -2.37 1.7
55.0 55.00 -2.22 1.8
55.0 55.02 -7.90 1.7
55.0 55.02 -2.43 1.7
55.0 55.10 -29.67 2.0
55.0 55.11 -8.56 1.8
55.0 55.14 -14.29 1.8
55.0 55.17 -20.13 1.9
55.0 55.15 1.50 1.8
55.0 55.14 -2.76 2.0
55.0 55.15 -8.64 2.0
55.0 55.18 -20.19 1.8
55.0 55.20 -14.82 2.1
55.0 55.23 -20.53 1.8
55.0 55.24 -15.30 2.6
55.0 55.29 -26.36 2.5
55.0 55.25 0.40 2.2
55.0 55.27 -20.83 2.3
55.0 55.27 -10.30 2.1
55.0 55.28 -15.66 2.4
55.0 55.27 -10.32 2.4
55.0 55.26 -9.62 2.4
55.0 55.35 -44.89 2.2
55.0 55.34 -11.93 2.6
55.0 55.34 -15.70 2.4
55.0 55.34 -16.35 3.0
55.0 55.33 -10.94 2.8
55.0 55.36 -27.18 2.6
55.0 55.24 28.88 2.5
55.0 55.31 -38.78 2.8
55.0 55.26 4.09 3.1
55.0 55.17 28.57 2.8
55.0 55.19 -14.63 2.8
55.0 55.19 -9.42 2.7
55.0 55.22 -20.45 2.8
55.0 55.23 -14.97 2.4
55.0 55.17 13.06 3.0
55.0 55.18 -9.29 2.6
55.0 55.19 -14.66 2.7
55.0 55.20 -9.51 2.6
55.0 55.23 -20.67 2.8
55.0 55.24 -15.53 2.6
55.0 55.25 -15.10 2.2
55.0 55.26 -15.17 2.8
55.0 55.26 -10.78 2.6
55.0 55.24 -3.90 2.6
55.0 55.24 -9.41 2.8
55.0 55.26 -20.77 2.3
55.0 55.27 -16.00 2.4
55.0 55.25 -3.99 2.6
55.0 55.25 -8.92 2.6
55.0 55.32 -38.02 2.3
55.0 55.31 -10.73 2.4
55.0 55.31 -16.06 2.8
55.0 55.30 -9.89 2.6
55.0 55.29 -10.57 2.5
55.0 55.27 -4.12 2.4
55.0 55.28 -14.90 2.7
55.0 55.30 -21.23 2.1
55.0 55.31 -16.00 2.4
55.0 55.28 -5.21 2.4
55.0 55.34 -32.86 2.4
55.0 55.34 -16.98 2.2
55.0 55.25 17.96 2.7
55.0 55.26 -14.85 3.1
55.0 55.26 -10.17 2.5
55.0 55.25 -10.12 2.6
55.0 55.23 -4.67 2.5
55.0 55.26 -20.76 2.3
55.0 55.24 -4.75 2.2
55.0 55.24 -9.43 2.3
55.0 55.25 -14.82 1.8
55.0 55.23 -4.64 2.3
55.0 55.24 -15.04 2.4
55.0 55.23 -4.58 2.5
55.0 55.22 -8.86 2.2
55.0 55.25 -20.68 2.1
55.0 55.25 -10.08 2.1
55.0 55.26 -15.15 2.0
55.0 55.25 -10.15 2.2
55.0 55.27 -15.19 2.1
55.0 55.26 -10.81 2.1
55.0 55.24 -3.91 2.4
55.0 55.30 -32.22 2.0
55.0 55.27 -5.11 2.2
55.0 55.34 -38.86 2.2
55.0 55.36 -21.85 2.2
55.0 55.31 1.09 2.4
55.0 55.38 -38.45 2.4
55.0 55.35 -4.66 2.3
55.0 55.33 -10.10 2.3
55.0 55.32 -10.02 2.5
55.0 55.30 -5.35 2.3
55.0 55.24 7.09 2.2
55.0 55.21 4.04 2.3
55.0 55.24 -20.59 2.1
55.0 55.22 -3.78 1.8
55.0 55.22 -8.85 2.0
55.0 55.23 -14.97 1.8
55.0 55.22 -4.49 1.9
55.0 55.17 7.59 1.9
55.0 55.16 -2.25 2.1
55.0 55.14 2.34 1.8
55.0 55.17 -20.52 1.6
55.0 55.13 7.86 1.8
55.0 55.15 -14.55 1.8
55.0 55.18 -14.56 2.1
55.0 55.15 0.77 1.9
55.0 55.17 -14.72 1.6
55.0 55.16 -3.35 1.5
55.0 55.16 -9.16 1.6
55.0 55.15 -2.80 1.6
55.0 55.10 13.56 1.8
55.0 55.08 3.25 1.6
55.0 55.08 -2.79 1.4
55.0 55.06 3.30 1.5
55.0 55.03 9.93 1.3
55.0 54.98 20.87 1.5
55.0 55.00 -7.77 1.4
55.0 55.01 -2.28 1.4
55.0 55.01 -2.40 1.6
55.0 55.06 -20.21 1.3
55.0 55.03 7.45 1.7
55.0 54.99 15.99 1.5
55.0 55.03 -13.52 1.3
55.0 55.03 -2.45 1.5
55.0 54.96 25.31 1.4
55.0 54.98 -7.71 2.1
55.0 54.96 9.29 1.5
55.0 54.97 -2.13 1.5
55.0 55.00 -8.24 1.5
55.0 54.97 8.89 1.3
55.0 54.97 3.53 1.5
55.0 54.93 15.08 1.6
55.0 54.93 3.56 1.3
55.0 54.91 9.47 1.5
55.0 54.87 21.56 1.2
55.0 54.86 9.44 1.1
55.0 54.85 9.17 1.5
55.0 54.82 15.06 1.1
55.0 54.82 9.26 1.3
55.0 54.81 9.26 1.3
55.0 54.81 9.26 1.3
55.0 54.88 -21.86 1.4
55.0 54.88 4.04 1.3
55.0 54.93 -14.14 1.4
55.0 54.90 14.31 1.3
55.0 54.88 9.27 1.5
55.0 54.86 15.38 1.3
55.0 54.85 9.52 0.9
55.0 54.81 21.29 1.2
55.0 54.78 20.60 1.6
55.0 54.80 -2.41 1.4
55.0 54.84 -7.16 1.8
55.0 54.79 25.98 1.3
55.0 54.77 15.05 1.5
55.0 54.76 15.42 1.6
55.0 54.71 26.57 1.5
55.0 54.70 15.04 1.8
55.0 54.73 4.37 1.5
55.0 54.73 9.24 1.7
55.0 54.72 15.04 1.2
55.0 54.69 20.81 1.8
55.0 54.67 20.80 1.5
55.0 54.66 16.16 1.7
55.0 54.63 26.55 1.6
55.0 54.66 4.63 1.5
55.0 54.64 20.50 1.8
55.0 54.62 21.67 1.8
55.0 54.61 20.79 1.6
55.0 54.55 37.98 1.5
55.0 54.51 32.50 2.5
55.0 54.52 16.15 2.0
55.0 54.58 -0.56 2.2
55.0 54.55 26.53 1.8
55.0 54.54 21.53 2.0
55.0 54.59 -0.63 2.0
55.0 54.60 15.01 2.0
55.0 54.58 21.37 2.1
55.0 54.53 37.84 1.8
55.0 54.48 37.97 2.2
55.0 54.46 27.28 2.2
55.0 54.43 32.24 2.4
55.0 54.44 23.13 2.5
55.0 54.44 20.75 2.7
55.0 54.40 38.35 2.6
55.0 54.45 3.36 2.8
55.0 54.44 26.51 2.5
55.0 54.43 27.43 2.8
55.0 54.43 20.75 2.6
55.0 54.42 28.43 2.5
55.0 54.38 37.95 2.6
55.0 54.37 26.50 2.6
55.0 54.38 22.16 2.2
55.0 54.35 38.55 3.2
55.0 54.36 22.25 2.8
55.0 54.30 49.30 2.8
55.0 54.29 33.40 3.1
55.0 54.27 33.44 3.2
55.0 54.24 43.61 2.8
55.0 54.20 44.51 3.0
55.0 54.20 32.19 3.4
55.0 54.20 35.33 3.5
55.0 54.18 37.90 3.1
55.0 54.25 3.31 3.3
55.0 54.26 26.47 3.6
55.0 54.22 44.43 3.1
55.0 54.26 17.19 2.8
55.0 54.25 32.20 3.5
55.0 54.23 39.02 3.3
55.0 54.21 39.10 3.5
55.0 54.21 32.20 3.5
55.0 54.28 6.15 4.1
55.0 54.25 37.92 3.3
55.0 54.23 39.02 3.4
55.0 54.18 49.27 3.4
55.0 54.11 60.54 3.6
55.0 54.07 51.59 3.7
55.0 54.10 26.44 4.1
55.0 54.09 39.58 4.1
55.0 54.04 54.89 4.1
55.0 54.13 6.74 4.1
55.0 54.09 49.25 3.9
55.0 54.07 43.57 3.7
55.0 54.09 31.01 3.7
55.0 54.15 14.91 3.5
55.0 54.08 60.53 4.1
55.0 54.07 39.65 4.4
55.0 54.04 50.51 4.0
55.0 54.07 28.85 4.2
55.0 54.05 43.57 4.0
55.0 54.05 39.75 4.3
55.0 54.03 45.19 4.3
55.0 54.04 32.16 4.3
55.0 54.03 45.19 4.2
55.0 54.01 43.56 4.0
55.0 53.94 67.72 4.1
55.0 53.88 66.10 4.9
55.0 53.87 49.20 4.8
55.0 53.88 40.40 5.0
55.0 53.82 67.32 4.5
55.0 53.83 45.98 5.2
55.0 53.84 43.52 4.9
55.0 53.81 58.70 5.0
55.0 53.82 43.52 5.1
55.0 53.81 49.19 5.1
55.0 53.83 40.59 5.2
55.0 53.84 45.95 5.4
55.0 53.83 51.35 5.2
55.0 53.86 32.12 5.4
55.0 53.82 60.48 5.5
55.0 53.77 69.09 5.1
55.0 53.70 77.23 5.2
55.0 53.71 46.44 5.4
55.0 53.73 43.50 5.6
55.0 53.75 46.31 5.6
55.0 53.73 57.07 5.8
55.0 53.76 37.81 5.6
55.0 53.79 43.66 5.6
55.0 53.80 43.52 5.6
55.0 53.79 51.49 5.8
55.0 53.67 93.82 6.2
55.0 53.72 35.63 6.1
55.0 53.74 46.34 6.0
55.0 53.77 37.82 5.8
55.0 53.81 35.29 5.7
55.0 53.83 40.60 5.6
55.0 53.81 54.84 5.5
55.0 53.80 51.45 6.0
55.0 53.81 43.52 5.7
55.0 53.80 53.72 5.4
55.0 53.80 49.19 5.6
55.0 53.75 67.63 5.6
55.0 53.82 24.40 5.4
55.0 53.78 60.47 5.7
55.0 53.76 56.94 5.6
55.0 53.79 37.82 5.7
55.0 53.77 59.03 5.6
55.0 53.78 43.51 5.6
55.0 53.82 32.11 5.8
55.0 53.83 45.99 5.6
55.0 53.82 51.38 5.4
55.0 53.71 88.78 4.7
55.0 53.71 49.17 5.4
55.0 53.70 54.82 5.8
55.0 53.72 49.30 5.9
55.0 53.72 49.17 5.4
55.0 53.71 57.15 5.7
55.0 53.74 40.95 6.1
55.0 53.70 67.82 5.8
55.0 53.69 54.82 5.7
55.0 53.61 82.76 5.3
55.0 53.62 55.16 5.7
55.0 53.63 49.16 6.1
55.0 53.69 35.77 6.1
55.0 53.68 54.82 5.4
55.0 53.68 51.92 5.9
55.0 53.73 35.59 5.8
55.0 53.72 54.82 5.9
55.0 53.71 57.17 6.0
55.0 53.75 35.51 5.8
55.0 53.74 57.04 6.5
55.0 53.74 49.18 5.8
55.0 53.80 26.37 6.1
55.0 53.79 53.81 5.7
55.0 53.80 43.52 5.5
55.0 53.79 51.48 5.5
55.0 53.77 56.90 5.4
55.0 53.77 49.18 5.6
55.0 53.81 35.28 5.6
55.0 53.76 66.08 5.6
55.0 53.73 64.39 5.3
55.0 53.72 54.82 6.0
55.0 53.70 57.18 6.4
55.0 53.71 49.17 6.0
55.0 53.75 35.51 6.0
55.0 53.77 46.23 5.6
55.0 53.78 43.51 5.6
55.0 53.76 56.95 5.7
55.0 53.76 51.62 5.6
55.0 53.77 43.51 5.7
55.0 53.78 46.17 5.8
55.0 53.78 51.54 5.5
55.0 53.79 46.14 5.6
55.0 53.75 60.47 5.4
55.0 53.72 60.46 6.0
55.0 53.71 59.50 5.6
55.0 53.69 60.45 5.8
55.0 53.71 46.47 6.0
55.0 53.71 49.17 5.8
55.0 53.76 38.81 5.8
55.0 53.75 49.18 5.6
55.0 53.72 60.46 5.6
55.0 53.70 62.53 5.5
55.0 53.76 30.07 5.8
55.0 53.76 51.63 6.2
55.0 53.67 82.78 5.8
55.0 53.71 41.10 5.7
55.0 53.71 51.82 5.9
55.0 53.74 37.81 6.0
55.0 53.74 51.69 6.1
55.0 53.71 62.47 5.8
55.0 53.74 40.95 6.4
55.0 53.77 37.82 5.9
55.0 53.73 66.07 6.2
55.0 53.74 49.13 5.4
55.0 53.80 26.37 5.9
55.0 53.78 56.88 5.7
55.0 53.68 88.31 5.0
55.0 53.70 46.51 5.6
55.0 53.71 46.44 6.0
55.0 53.70 54.82 5.8
55.0 53.74 44.08 5.9
55.0 53.75 43.51 5.8
55.0 53.72 60.46 5.8
55.0 53.77 35.46 5.6
55.0 53.78 46.19 5.6
55.0 53.74 62.33 5.1
55.0 53.73 54.83 5.7
55.0 53.75 46.32 5.5
55.0 53.74 51.68 5.5
55.0 53.82 20.62 5.7
55.0 53.87 29.64 5.7
55.0 53.84 54.85 6.0
55.0 53.90 27.36 5.3
55.0 53.90 43.54 5.1
55.0 53.91 37.85 5.2
55.0 53.90 51.07 5.3
55.0 53.91 40.29 5.3
55.0 53.99 12.76 5.2
55.0 54.00 37.86 5.0
55.0 54.02 36.75 4.8
55.0 53.97 54.88 5.2
55.0 54.04 14.89 4.7
55.0 54.01 50.63 4.5
55.0 54.04 28.96 4.8
55.0 54.04 39.78 4.7
55.0 54.05 32.16 4.2
55.0 54.09 20.68 4.6
55.0 54.07 46.51 4.5
55.0 54.08 32.17 4.3
55.0 54.06 45.06 4.1
55.0 54.07 32.17 4.5
55.0 54.07 41.43 4.1
55.0 54.07 37.88 4.2
55.0 54.08 32.17 4.3
55.0 54.09 36.19 4.3
55.0 54.11 26.44 4.2
55.0 54.12 34.07 4.3
55.0 54.11 37.89 4.3
55.0 54.11 34.08 4.3
55.0 54.12 34.05 3.9
55.0 54.11 37.89 4.6
55.0 54.19 6.49 3.9
55.0 54.19 32.19 4.3
55.0 54.20 26.46 3.3
55.0 54.20 33.74 3.9
55.0 54.21 26.46 3.7
55.0 54.25 19.43 3.7
55.0 54.30 9.15 3.7
55.0 54.28 37.93 3.7
55.0 54.27 32.21 3.5
55.0 54.27 28.04 3.9
55.0 54.28 28.02 3.5
55.0 54.30 20.72 3.3
55.0 54.33 18.83 3.2
55.0 54.31 32.22 3.5
55.0 54.31 26.48 3.7
55.0 54.33 22.38 3.3
55.0 54.31 33.29 3.2
55.0 54.37 5.77 3.3
55.0 54.44 -5.12 3.5
55.0 54.43 26.51 3.1
55.0 54.40 33.67 3.2
55.0 54.44 9.17 3.0
55.0 54.49 3.36 2.8
55.0 54.50 13.71 2.8
55.0 54.48 27.20 2.7
55.0 54.47 27.27 3.2
55.0 54.45 26.51 3.2
55.0 54.44 27.38 2.6
55.0 54.46 16.41 3.1
55.0 54.47 16.35 2.8
55.0 54.46 26.51 2.8
55.0 54.44 27.36 2.5
55.0 54.49 5.30 2.6
55.0 54.49 19.79 2.9
55.0 54.49 21.75 2.4
55.0 54.50 16.25 2.5
55.0 54.47 32.25 2.6
55.0 54.48 16.32 2.6
55.0 54.45 32.25 2.4
55.0 54.45 23.01 2.4
55.0 54.41 37.96 2.4
55.0 54.42 20.75 2.6
55.0 54.42 22.01 2.8
55.0 54.48 -0.20 2.6
55.0 54.50 16.25 2.6
55.0 54.49 20.76 2.4
55.0 54.49 22.69 2.5
55.0 54.50 14.99 2.5
55.0 54.50 20.77 2.5
55.0 54.51 16.19 2.4
55.0 54.48 32.64 2.8
55.0 54.45 32.76 2.8
55.0 54.41 37.95 2.9
55.0 54.43 14.97 2.7
55.0 54.51 -3.45 2.4
55.0 54.52 14.99 2.6
55.0 54.53 16.14 2.2
55.0 54.61 -14.21 2.4
55.0 54.62 12.28 2.4
55.0 54.62 15.01 2.8
55.0 54.64 9.22 2.4
55.0 54.68 -0.97 2.4
55.0 54.64 26.56 2.2
55.0 54.64 15.68 2.0
55.0 54.67 3.40 2.4
55.0 54.71 -2.43 2.1
55.0 54.68 20.97 2.0
55.0 54.66 20.80 2.2
55.0 54.66 15.62 1.7
55.0 54.68 4.54 2.4
55.0 54.68 14.53 1.8
55.0 54.66 21.08 1.8
55.0 54.70 -2.44 1.7
55.0 54.69 15.98 1.8
55.0 54.70 9.23 2.0
55.0 54.69 15.03 1.7
55.0 54.68 15.03 1.8
55.0 54.69 10.02 1.8
55.0 54.70 9.99 1.7
55.0 54.70 8.49 1.7
55.0 54.75 -8.29 1.6
55.0 54.75 9.76 1.7
55.0 54.74 14.83 1.7
55.0 54.77 -1.34 1.8
55.0 54.77 9.69 1.6
55.0 54.79 3.43 1.6
55.0 54.78 8.86 1.4
55.0 54.80 2.74 1.5
55.0 54.79 9.60 1.5
55.0 54.79 8.89 1.1
55.0 54.79 9.25 1.5
55.0 54.81 -3.38 1.5
55.0 54.84 -1.60 1.3
55.0 54.83 9.45 1.3
55.0 54.82 9.06 1.3
55.0 54.83 3.44 1.1
55.0 54.86 -2.40 1.3
55.0 54.85 9.26 1.1
55.0 54.85 3.44 1.3
55.0 54.90 -15.46 0.9
55.0 54.89 9.19 1.3
55.0 54.85 21.47 1.3
55.0 54.84 9.26 1.3
55.0 54.86 -2.40 1.2
55.0 54.84 14.91 1.3
55.0 54.84 3.90 1.3
55.0 54.84 9.11 1.5
55.0 54.84 2.96 1.4
55.0 54.84 9.43 1.1
55.0 54.84 2.96 1.2
55.0 54.85 3.44 1.1
55.0 54.86 3.02 0.9
55.0 54.86 3.45 1.0
55.0 54.85 9.26 1.1
55.0 54.87 -3.11 0.9
55.0 54.91 -8.26 0.9
55.0 54.91 3.85 1.3
55.0 54.92 -2.88 0.9
55.0 54.92 3.59 1.0
55.0 54.92 3.32 1.2
55.0 54.87 20.85 0.9
55.0 54.88 3.76 0.9
55.0 54.87 9.26 1.0
55.0 54.86 9.26 0.7
55.0 54.88 -2.40 1.0
55.0 54.88 3.45 1.1
55.0 54.87 9.27 0.9
55.0 54.86 9.21 0.8
55.0 54.82 20.43 1.3
55.0 54.84 -2.40 0.8
55.0 54.84 9.26 1.5
55.0 54.83 9.26 0.9
55.0 54.87 -8.26 1.0
55.0 54.89 -1.78 0.7
55.0 54.89 3.45 1.0
55.0 54.89 3.45 1.1
55.0 54.89 3.45 1.0
55.0 54.89 3.20 1.0
55.0 54.91 -2.39 0.9
55.0 54.85 25.74 0.8
55.0 54.87 -2.40 1.0
55.0 54.88 3.77 1.1
55.0 54.87 9.25 1.0
55.0 54.87 3.80 1.1
55.0 54.86 9.22 1.1
55.0 54.88 -3.08 1.2
55.0 54.88 3.75 0.9
55.0 54.87 9.27 0.9
55.0 54.87 3.45 1.0
55.0 54.88 3.12 0.8
55.0 54.91 -9.16 0.6
55.0 54.93 -1.54 1.1
55.0 54.88 20.85 1.0
55.0 54.90 -1.84 1.3
55.0 54.91 -2.39 1.0
55.0 54.90 9.11 1.1
55.0 54.99 -33.96 1.1
55.0 55.00 -2.23 1.1
55.0 55.05 -19.27 1.1
55.0 55.01 13.44 1.1
55.0 55.00 3.30 1.5
55.0 55.00 -2.51 1.2
55.0 55.01 -2.30 1.3
55.0 54.98 8.84 0.8
55.0 54.93 21.86 1.3
55.0 54.96 -7.62 1.5
55.0 54.96 3.46 1.5
55.0 54.97 -2.68 1.3
55.0 54.89 31.02 1.4
55.0 54.92 -8.25 1.4
55.0 54.93 -1.59 1.3
55.0 54.93 3.46 1.4
55.0 54.93 3.36 1.3
55.0 54.87 26.60 1.2
55.0 54.89 -1.79 1.5
55.0 54.89 3.72 1.3
55.0 54.89 3.19 1.2
55.0 54.91 -2.94 0.8
55.0 54.92 -1.52 1.2
55.0 54.89 15.07 1.3
55.0 54.89 3.70 1.1
55.0 54.78 51.51 1.6
55.0 54.81 -0.60 1.3
55.0 54.82 3.43 1.5
55.0 54.83 2.88 1.9
55.0 54.82 9.49 1.3
55.0 54.84 -3.24 1.4
55.0 54.84 9.43 0.7
55.0 54.84 2.96 1.3
55.0 54.91 -20.05 1.4
55.0 54.91 3.81 1.2
55.0 54.96 -15.21 1.3
55.0 54.94 8.82 1.8
55.0 54.95 -2.38 1.3
55.0 54.96 -2.38 1.2
55.0 54.99 -7.72 1.3
55.0 54.96 9.29 1.2
55.0 54.99 -7.73 0.9
55.0 55.04 -20.15 1.6
55.0 55.01 8.70 1.9
55.0 55.03 -8.32 1.6
55.0 55.02 3.14 1.9
55.0 55.02 -2.44 1.1
55.0 54.98 15.09 1.1
55.0 54.96 9.29 1.2
55.0 54.96 3.45 1.3
55.0 54.98 -8.83 1.0
55.0 54.96 8.94 1.1
55.0 54.95 3.48 1.1
55.0 54.95 3.46 1.1
55.0 54.93 9.28 1.2
55.0 54.93 3.36 1.1
55.0 54.96 -8.24 1.1
55.0 54.94 9.03 1.1
55.0 54.92 9.51 1.0
55.0 54.90 9.28 1.1
55.0 54.91 3.45 1.1
55.0 54.91 3.45 0.9
55.0 54.95 -15.23 0.7
55.0 54.93 9.05 1.3
55.0 54.89 20.17 1.1
55.0 54.92 -8.25 1.3
55.0 54.86 25.71 1.1
55.0 54.85 9.26 1.2
55.0 54.80 26.59 1.1
55.0 54.82 -1.54 1.3
55.0 54.82 9.26 1.4
55.0 54.81 9.26 1.4
55.0 54.79 15.05 1.3
55.0 54.80 3.43 1.3
55.0 54.81 3.43 1.3
55.0 54.82 2.87 1.5
55.0 54.82 9.50 1.1
55.0 54.81 9.00 0.9
55.0 54.79 15.07 1.5
55.0 54.83 -7.12 1.6
55.0 54.77 31.49 0.7
55.0 54.74 20.75 1.5
55.0 54.73 15.04 1.4
55.0 54.69 26.56 2.0
55.0 54.66 21.34 1.5
55.0 54.66 15.02 1.6
55.0 54.63 26.64 2.0
55.0 54.61 21.26 1.6
55.0 54.62 10.27 1.6
55.0 54.59 26.55 1.6
55.0 54.63 3.39 2.0
55.0 54.65 4.65 1.8
55.0 54.67 8.32 1.6
55.0 54.66 15.02 1.5
55.0 54.66 15.02 1.4
55.0 54.67 10.10 1.6
55.0 54.65 21.11 1.6
55.0 54.69 -2.44 1.4
55.0 54.65 26.54 1.5
55.0 54.62 26.66 1.5
55.0 54.60 20.79 1.5
55.0 54.62 10.29 1.7
55.0 54.60 20.79 1.6
55.0 54.59 21.92 2.2
55.0 54.58 20.78 1.6
55.0 54.61 4.82 1.6
55.0 54.58 26.54 1.8
55.0 54.59 15.01 1.7
55.0 54.59 15.89 1.9
55.0 54.58 20.78 1.9
55.0 54.60 11.52 1.7
55.0 54.60 15.01 1.8
55.0 54.58 20.78 1.7
55.0 54.60 10.36 1.8
55.0 54.62 10.29 1.8
55.0 54.60 21.29 1.7
55.0 54.62 9.21 1.9
55.0 54.59 26.38 1.5
55.0 54.59 16.74 1.8
55.0 54.55 32.27 1.9
55.0 54.59 4.92 2.1
55.0 54.56 26.24 2.0
55.0 54.57 15.98 1.8
55.0 54.54 26.97 2.0
55.0 54.55 15.00 1.9
55.0 54.51 32.83 2.1
55.0 54.51 20.77 2.0
55.0 54.47 32.66 2.0
55.0 54.47 20.76 2.2
55.0 54.50 10.75 2.2
55.0 54.51 16.19 2.4
55.0 54.49 26.52 2.2
55.0 54.49 21.73 2.2
55.0 54.46 32.71 2.3
55.0 54.46 20.76 2.4
55.0 54.48 16.33 2.2
55.0 54.46 26.51 2.2
55.0 54.49 12.35 2.4
55.0 54.47 26.52 2.3
55.0 54.44 32.77 2.4
55.0 54.43 27.40 2.4
55.0 54.41 32.24 2.4
55.0 54.40 27.54 2.8
55.0 54.39 26.50 2.5
55.0 54.38 28.71 2.5
55.0 54.33 43.63 2.8
55.0 54.39 3.34 2.8
55.0 54.38 26.50 2.8
55.0 54.42 11.07 2.6
55.0 54.38 38.41 2.6
55.0 54.41 14.97 2.7
55.0 54.40 26.50 2.4
55.0 54.36 39.13 2.7
55.0 54.37 20.74 2.8
55.0 54.37 27.66 2.7
55.0 54.36 26.49 2.7
55.0 54.36 28.91 2.5
55.0 54.35 26.49 3.0
55.0 54.34 32.23 3.0
55.0 54.33 29.09 2.8
55.0 54.32 32.22 3.0
55.0 54.29 38.78 3.0
55.0 54.29 26.48 3.3
55.0 54.30 27.94 3.3
55.0 54.30 27.93 3.2
55.0 54.29 32.21 3.5
55.0 54.27 33.44 3.3
55.0 54.25 38.94 3.3
55.0 54.29 17.08 3.1
55.0 54.28 32.21 3.2
55.0 54.27 32.21 3.3
55.0 54.24 40.07 3.2
55.0 54.23 32.20 3.3
55.0 54.29 11.60 2.8
55.0 54.28 33.44 3.3
55.0 54.30 20.72 3.5
55.0 54.23 55.11 3.3
55.0 54.28 9.14 3.4
55.0 54.37 -5.29 3.8
55.0 54.40 14.97 3.2
55.0 54.39 26.50 3.2
55.0 54.43 11.05 3.2
55.0 54.39 38.40 2.7
55.0 54.38 27.61 3.0
55.0 54.39 20.74 3.0
55.0 54.38 27.60 2.8
55.0 54.39 22.13 3.2
55.0 54.40 20.74 3.2
55.0 54.35 43.93 3.1
55.0 54.37 14.96 3.0
55.0 54.41 12.96 2.7
55.0 54.39 32.23 2.6
55.0 54.43 9.17 2.9
55.0 54.39 38.40 2.7
55.0 54.35 37.94 2.8
55.0 54.41 5.63 3.0
55.0 54.40 25.49 2.8
55.0 54.35 43.93 2.1
55.0 54.39 11.20 2.7
55.0 54.37 32.23 3.3
55.0 54.35 33.15 2.4
55.0 54.30 44.11 2.4
55.0 54.30 27.91 3.0
55.0 54.31 26.48 3.0
55.0 54.19 71.76 3.0
55.0 54.19 35.37 3.4
55.0 54.19 32.19 3.5
55.0 54.19 33.79 3.5
55.0 54.08 71.57 3.5
55.0 54.12 20.68 3.5
55.0 54.11 39.48 4.0
55.0 54.11 37.89 3.9
55.0 54.07 51.62 4.1
55.0 54.05 43.57 3.9
55.0 54.06 34.28 4.0
55.0 54.06 37.88 4.2
55.0 54.06 39.71 3.9
55.0 54.07 34.26 3.9
55.0 54.06 37.88 3.8
55.0 54.09 28.76 4.3
55.0 54.08 39.60 4.0
55.0 54.12 20.69 4.6
55.0 54.13 34.03 4.1
55.0 54.09 49.25 3.9
55.0 54.13 25.59 4.1
55.0 54.12 37.89 4.0
55.0 54.11 37.89 4.1
55.0 54.10 41.20 4.3
55.0 54.11 32.17 4.1
55.0 54.10 39.53 3.9
55.0 54.09 37.89 4.3
55.0 54.09 41.30 4.1
55.0 54.08 37.88 3.7
55.0 54.05 49.24 4.1
55.0 54.06 34.30 4.1
55.0 54.06 39.71 4.3
55.0 54.07 34.26 4.0
55.0 54.04 49.24 4.1
55.0 54.09 14.90 4.1
55.0 54.15 20.27 4.5
55.0 54.13 37.89 4.1
55.0 54.15 28.51 3.6
55.0 54.18 22.95 4.0
55.0 54.18 33.81 4.1
55.0 54.18 32.19 3.6
55.0 54.27 -2.53 3.9
55.0 54.22 50.44 3.7
55.0 54.20 37.91 3.9
55.0 54.21 28.28 4.5
55.0 54.18 43.60 3.7
55.0 54.18 33.83 3.3
55.0 54.09 66.27 3.5
55.0 54.07 43.58 4.5
55.0 54.11 23.24 4.4
55.0 54.00 77.16 4.1
55.0 54.08 12.44 3.9
55.0 54.06 43.57 4.3
55.0 54.14 6.68 4.0
55.0 54.13 37.89 4.1
55.0 54.12 37.89 3.9
55.0 54.11 39.48 3.9
55.0 54.12 34.06 3.7
55.0 54.09 43.58 4.0
55.0 54.07 45.01 4.3
55.0 54.08 32.17 4.6
55.0 54.08 41.36 4.0
55.0 54.10 26.44 4.6
55.0 54.08 43.58 4.1
55.0 54.08 39.63 4.2
55.0 54.09 34.19 4.2
55.0 54.09 34.16 4.1
55.0 54.09 37.88 4.1
55.0 54.08 39.60 3.9
55.0 54.06 45.06 4.2
55.0 54.06 37.88 4.1
55.0 54.07 34.25 3.8
55.0 54.07 39.67 4.8
55.0 54.06 39.68 4.3
55.0 54.16 -2.55 4.2
55.0 54.12 49.26 4.3
55.0 54.14 30.63 4.6
55.0 54.16 26.45 4.1
55.0 54.19 22.93 3.7
55.0 54.17 37.90 4.1
55.0 54.14 45.94 3.9
55.0 54.05 71.73 4.0
55.0 54.06 32.16 4.3
55.0 54.04 45.14 4.8
55.0 54.07 28.84 4.4
55.0 54.07 39.67 4.2
55.0 54.06 37.88 3.9
55.0 54.09 28.77 4.4
55.0 54.10 34.15 4.3
55.0 54.06 49.24 4.5
55.0 54.03 50.55 3.9
55.0 54.07 23.39 4.6
55.0 54.08 32.17 4.2
55.0 54.08 39.62 3.9
55.0 54.09 32.17 4.3
55.0 54.02 62.07 4.5
55.0 53.88 93.87 4.3
55.0 53.93 29.41 4.8
55.0 53.92 43.54 4.7
55.0 53.95 34.74 5.1
55.0 53.97 34.65 4.8
55.0 53.98 37.86 4.8
55.0 53.97 47.35 4.1
55.0 53.99 32.15 5.2
55.0 53.95 54.87 4.9
55.0 54.04 7.07 4.7
55.0 53.94 77.28 4.7
55.0 53.97 34.67 4.7
55.0 53.97 37.86 5.0
55.0 54.01 26.42 4.7
55.0 54.05 26.17 4.6
55.0 54.08 26.43 4.8
55.0 54.07 39.63 4.3
55.0 54.04 49.24 4.5
55.0 54.05 36.44 4.3
55.0 54.05 37.88 4.5
55.0 54.06 32.17 4.5
55.0 54.09 28.76 4.2
55.0 54.07 45.03 4.4
55.0 54.08 34.22 4.1
55.0 54.12 20.68 4.7
55.0 54.17 17.56 3.9
55.0 54.29 -10.51 4.1
55.0 54.28 33.44 4.0
55.0 54.28 28.01 3.9
55.0 54.28 27.99 3.4
55.0 54.26 38.90 3.7
55.0 54.27 26.47 3.8
55.0 54.31 9.15 3.7
55.0 54.30 33.34 3.4
55.0 54.24 49.29 3.9
55.0 54.27 22.62 3.7
55.0 54.30 14.95 3.6
55.0 54.29 33.39 3.7
55.0 54.18 71.20 3.7
55.0 54.19 26.46 3.7
55.0 54.16 45.81 3.8
55.0 54.13 43.59 3.7
55.0 54.14 33.99 4.1
55.0 54.13 37.89 4.2
55.0 54.18 17.53 4.5
55.0 54.23 11.82 3.8
55.0 54.23 32.20 3.5
55.0 54.12 71.42 3.6
55.0 54.13 34.03 3.6
55.0 54.10 43.58 4.1
55.0 54.12 28.62 4.1
55.0 54.14 26.45 4.1
55.0 54.13 40.94 4.1
55.0 54.14 32.18 3.8
55.0 54.18 14.92 3.6
55.0 54.20 30.17 3.7
55.0 54.20 32.20 4.1
55.0 54.24 17.28 3.3
55.0 54.25 26.47 3.6
55.0 54.25 29.73 3.7
55.0 54.26 26.47 3.5
55.0 54.25 32.21 3.3
55.0 54.32 5.99 3.3
55.0 54.30 32.22 3.0
55.0 54.29 33.38 3.5
55.0 54.29 26.48 3.4
55.0 54.31 20.72 3.6
55.0 54.31 29.27 3.0
55.0 54.30 32.22 3.1
55.0 54.30 27.92 3.3
55.0 54.32 20.73 3.1
55.0 54.35 18.67 3.2
55.0 54.32 37.93 3.1
55.0 54.32 26.48 3.2
55.0 54.33 23.97 3.1
55.0 54.33 26.49 3.1
55.0 54.31 33.29 3.0
55.0 54.29 37.93 3.3
55.0 54.33 11.42 3.1
55.0 54.27 49.58 3.3
55.0 54.28 26.48 3.3
55.0 54.39 -10.91 3.3
55.0 54.32 49.61 3.2
55.0 54.31 32.22 3.4
55.0 54.31 27.89 3.3
55.0 54.32 20.73 3.3
55.0 54.35 18.62 3.3
55.0 54.37 20.74 3.1
55.0 54.36 27.69 3.3
55.0 54.34 33.18 3.0
55.0 54.33 32.22 3.3
55.0 54.28 44.19 3.3
55.0 54.36 -2.51 3.3
55.0 54.40 13.07 3.1
55.0 54.39 26.50 3.1
55.0 54.37 32.23 3.1
55.0 54.29 54.84 3.1
55.0 54.30 27.95 3.3
55.0 54.37 0.25 3.5
55.0 54.38 19.29 3.2
55.0 54.40 16.62 3.0
55.0 54.41 22.05 3.1
55.0 54.42 20.75 2.9
55.0 54.41 27.50 2.9
55.0 54.41 22.04 2.9
55.0 54.43 16.50 2.9
55.0 54.41 32.24 3.1
55.0 54.40 26.50 2.5
55.0 54.39 28.65 3.0
55.0 54.40 20.75 2.8
55.0 54.48 -5.72 2.9
55.0 54.48 20.76 2.8
55.0 54.48 21.78 3.1
55.0 54.49 16.27 2.8
55.0 54.46 32.25 2.8
55.0 54.46 21.85 2.4
55.0 54.46 21.85 2.8
55.0 54.46 21.85 2.8
55.0 54.45 26.51 2.7
55.0 54.46 16.38 2.8
55.0 54.45 27.33 2.9
55.0 54.50 3.37 2.6
55.0 54.48 26.52 2.6
55.0 54.48 21.78 2.4
55.0 54.45 32.25 2.6
55.0 54.48 10.84 2.0
55.0 54.52 3.37 2.7
55.0 54.53 16.12 2.4
55.0 54.54 15.00 2.3
55.0 54.61 -8.32 2.1
55.0 54.61 15.81 2.4
55.0 54.61 15.81 2.2
55.0 54.65 -0.86 2.2
55.0 54.66 9.22 2.0
55.0 54.66 15.02 1.6
55.0 54.66 15.63 2.4
55.0 54.71 -8.30 2.5
55.0 54.73 4.35 2.1
55.0 54.78 -9.78 1.9
55.0 54.72 31.19 1.9
55.0 54.69 20.81 1.8
55.0 54.69 15.03 2.4
55.0 54.71 5.42 1.9
55.0 54.70 14.63 2.0
55.0 54.66 26.50 2.0
55.0 54.58 43.69 1.9
55.0 54.60 10.36 1.7
55.0 54.62 10.30 2.2
55.0 54.65 3.40 2.2
55.0 54.64 15.02 2.0
55.0 54.66 10.14 2.3
55.0 54.67 10.10 2.0
55.0 54.65 20.80 1.8
55.0 54.58 37.99 1.8
55.0 54.60 11.46 1.9
55.0 54.63 3.39 1.9
55.0 54.63 15.02 1.8
55.0 54.64 9.22 1.8
55.0 54.70 -8.30 1.8
55.0 54.68 20.99 1.7
55.0 54.67 15.03 1.8
55.0 54.68 10.84 1.8
55.0 54.70 3.41 1.8
55.0 54.71 8.52 1.6
55.0 54.72 9.24 1.3
55.0 54.73 3.42 1.8
55.0 54.75 3.42 1.7
55.0 54.74 14.82 2.0
55.0 54.79 -8.28 1.3
55.0 54.87 -22.23 1.5
55.0 54.86 9.33 1.7
55.0 54.87 3.44 1.6
55.0 54.83 21.37 1.6
55.0 54.84 3.93 1.6
55.0 54.80 20.83 1.6
55.0 54.80 9.25 1.4
55.0 54.81 3.43 1.5
55.0 54.83 -2.41 1.5
55.0 54.81 15.06 1.8
55.0 54.87 -12.81 1.1
55.0 54.91 -13.00 1.5
55.0 54.91 3.95 1.4
55.0 54.86 27.62 1.6
55.0 54.77 36.87 2.3
55.0 54.80 -1.45 2.2
55.0 54.78 15.05 1.7
55.0 54.77 15.19 1.5
55.0 54.77 9.25 2.2
55.0 54.81 -7.03 1.7
55.0 54.75 32.31 1.7
55.0 54.75 9.24 1.7
55.0 54.81 -14.16 1.8
55.0 54.82 4.54 1.8
55.0 54.83 3.44 1.8
55.0 54.84 2.93 1.6
55.0 54.92 -27.97 1.5
55.0 54.90 9.02 1.6
55.0 54.93 -9.05 1.8
55.0 54.92 9.11 1.5
55.0 54.93 -2.84 1.3
55.0 54.89 20.17 1.4
55.0 54.87 9.28 1.6
55.0 54.91 -9.18 1.7
55.0 54.92 -1.93 1.4
55.0 54.86 25.70 1.6
55.0 54.84 15.06 1.6
55.0 54.83 9.46 1.6
55.0 54.85 -2.40 1.8
55.0 54.86 3.84 1.3
55.0 54.85 9.17 1.4
55.0 54.84 9.13 1.8
55.0 54.85 3.88 1.5
55.0 54.85 3.01 1.4
55.0 54.89 -8.26 1.3
55.0 54.85 20.84 1.3
55.0 54.84 9.42 1.2
55.0 54.86 -2.40 1.6
55.0 54.79 32.32 1.4
55.0 54.77 15.15 1.3
55.0 54.85 -18.32 1.5
55.0 54.83 14.89 1.7
55.0 54.85 -2.40 1.8
55.0 54.88 -8.26 1.5
55.0 54.87 9.33 1.6
55.0 54.85 15.33 1.6
55.0 54.81 20.47 1.9
55.0 54.72 43.71 1.6
55.0 54.71 15.42 1.7
55.0 54.73 4.36 1.9
55.0 54.73 8.62 1.5
55.0 54.72 15.37 1.6
55.0 54.71 15.03 1.7
55.0 54.80 -26.01 1.6
55.0 54.78 15.21 1.9
55.0 54.77 15.18 1.8
55.0 54.78 4.14 2.4
55.0 54.77 14.95 1.8
55.0 54.77 9.71 1.6
55.0 54.75 15.04 1.6
55.0 54.71 26.57 2.0
55.0 54.74 -1.22 1.5
55.0 54.79 -8.28 1.7
55.0 54.79 10.01 1.8
55.0 54.78 9.25 1.6
55.0 54.81 -3.40 1.7
55.0 54.82 3.99 1.6
55.0 54.82 9.26 1.9
55.0 54.77 26.58 1.6
55.0 54.77 9.25 1.7
55.0 54.72 27.00 1.5
55.0 54.73 10.49 1.8
55.0 54.74 3.42 1.5
55.0 54.76 3.42 1.6
55.0 54.75 15.04 1.3
55.0 54.75 9.24 1.4
55.0 54.82 -20.07 1.3
55.0 54.82 9.50 1.5
55.0 54.80 15.06 1.6
55.0 54.79 9.25 1.6
55.0 54.79 8.90 1.3
55.0 54.77 15.05 1.6
55.0 54.80 -1.45 1.5
55.0 54.80 9.58 1.5
55.0 54.71 45.14 1.1
55.0 54.73 3.42 2.0
55.0 54.75 4.29 1.6
55.0 54.73 14.79 1.7
55.0 54.74 9.83 1.5
55.0 54.69 26.87 2.0
55.0 54.75 -6.77 1.7
55.0 54.82 -18.22 1.6
55.0 54.82 9.51 1.8
55.0 54.80 15.05 1.6
55.0 54.76 20.65 1.8
55.0 54.78 4.16 1.8
55.0 54.78 8.84 1.6
55.0 54.73 27.04 1.8
55.0 54.70 21.01 1.6
55.0 54.68 20.81 2.0
55.0 54.67 15.55 1.7
55.0 54.65 21.09 1.8
55.0 54.66 9.22 1.7
55.0 54.64 20.80 1.8
55.0 54.61 26.55 1.8
55.0 54.73 -26.45 1.8
55.0 54.75 4.27 1.8
55.0 54.74 14.81 2.0
55.0 54.74 9.81 1.8
55.0 54.71 20.81 2.0
55.0 54.72 9.90 1.8
55.0 54.74 2.46 1.9
55.0 54.70 26.87 1.9
55.0 54.73 0.00 1.4
55.0 54.68 32.88 1.6
55.0 54.68 10.03 1.4
55.0 54.78 -26.02 1.5
55.0 54.80 4.73 1.9
55.0 54.81 3.43 1.9
55.0 54.82 2.84 1.8
55.0 54.80 15.05 1.5
55.0 54.84 -7.14 1.5
55.0 54.79 26.59 1.8
55.0 54.78 9.64 1.7
55.0 54.75 20.82 1.6
55.0 54.75 9.76 1.6
55.0 54.75 8.73 1.4
55.0 54.68 38.98 2.0
55.0 54.69 10.77 1.6
55.0 54.73 -2.43 1.9
55.0 54.70 20.90 1.8
55.0 54.68 20.80 1.6
55.0 54.67 16.11 1.8
55.0 54.65 20.80 2.0
55.0 54.66 9.23 2.0
55.0 54.66 15.02 1.9
55.0 54.65 15.63 1.8
55.0 54.66 10.11 1.8
55.0 54.67 9.23 1.6
55.0 54.64 26.61 1.8
55.0 54.62 21.67 1.6
55.0 54.65 3.40 1.9
55.0 54.69 -2.44 1.7
55.0 54.65 26.56 1.6
55.0 54.64 21.16 1.8
55.0 54.62 21.22 1.7
55.0 54.59 26.54 1.5
55.0 54.61 11.43 1.8
55.0 54.61 15.01 1.9
55.0 54.68 -12.08 1.9
55.0 54.66 21.06 1.9
55.0 54.66 15.62 2.0
55.0 54.62 26.65 1.8
55.0 54.59 26.54 1.5
55.0 54.51 48.65 1.8
55.0 54.53 10.63 2.2
55.0 54.51 26.53 2.2
55.0 54.51 21.67 2.0
55.0 54.49 26.52 2.0
55.0 54.47 28.01 2.4
55.0 54.49 14.99 2.6
55.0 54.47 27.25 2.4
55.0 54.45 27.31 2.4
55.0 54.46 20.76 2.1
55.0 54.46 21.86 2.5
55.0 54.53 -8.33 2.8
55.0 54.42 58.90 2.6
55.0 54.41 26.51 2.4
55.0 54.32 60.59 2.8
55.0 54.32 27.85 3.1
55.0 54.33 22.36 2.9
55.0 54.36 16.79 2.9
55.0 54.39 14.96 2.7
55.0 54.42 9.17 3.4
55.0 54.43 21.98 2.5
55.0 54.48 3.36 2.8
55.0 54.46 26.52 2.6
55.0 54.46 21.85 2.6
55.0 54.46 21.84 2.6
55.0 54.45 26.51 2.7
55.0 54.47 14.98 2.5
55.0 54.51 6.99 2.4
55.0 54.56 -4.55 2.6
55.0 54.57 15.96 2.2
55.0 54.56 20.78 2.0
55.0 54.52 32.47 2.1
55.0 54.49 32.60 3.0
55.0 54.47 26.52 2.5
55.0 54.45 27.31 2.4
55.0 54.46 21.87 2.8
55.0 54.49 9.19 2.6
55.0 54.51 9.19 2.3
55.0 54.51 19.89 2.4
55.0 54.56 1.32 2.5
55.0 54.56 20.10 2.0
55.0 54.53 26.53 2.4
55.0 54.45 48.87 2.3
55.0 54.40 43.74 2.4
55.0 54.39 27.58 2.7
55.0 54.38 26.50 2.6
55.0 54.38 28.77 2.7
55.0 54.36 32.23 2.8
55.0 54.34 32.22 3.0
55.0 54.39 5.68 3.0
55.0 54.39 26.50 3.0
55.0 54.38 27.61 2.9
55.0 54.39 20.74 2.6
55.0 54.38 26.50 2.8
55.0 54.35 39.24 3.1
55.0 54.37 14.96 2.5
55.0 54.37 27.66 2.9
55.0 54.35 32.23 2.5
55.0 54.33 33.22 2.9
55.0 54.30 38.74 3.0
55.0 54.29 32.21 3.0
55.0 54.28 34.68 3.0
55.0 54.28 26.48 2.9
55.0 54.29 27.98 3.1
55.0 54.32 14.95 3.3
55.0 54.33 22.35 3.0
55.0 54.32 33.27 3.1
55.0 54.32 26.48 3.1
55.0 54.32 27.85 3.0
55.0 54.33 22.36 3.1
55.0 54.36 14.96 2.8
55.0 54.39 16.69 3.1
55.0 54.41 14.97 2.9
55.0 54.39 33.82 2.7
55.0 54.36 32.23 2.9
55.0 54.39 16.67 3.1
55.0 54.44 5.49 2.8
55.0 54.44 19.59 2.8
55.0 54.43 27.40 2.1
55.0 54.41 32.24 2.4
55.0 54.34 49.47 2.6
55.0 54.34 26.49 3.3
55.0 54.26 54.94 3.0
55.0 54.25 33.52 3.1
55.0 54.25 33.55 3.1
55.0 54.24 33.58 3.3
55.0 54.25 26.47 3.1
55.0 54.33 -2.51 3.0
55.0 54.28 44.83 3.2
55.0 54.26 37.92 3.0
55.0 54.27 28.06 3.6
55.0 54.23 43.61 3.0
55.0 54.22 35.12 3.4
55.0 54.22 32.20 3.6
55.0 54.20 37.91 3.3
55.0 54.23 24.81 3.6
55.0 54.19 43.60 3.5
55.0 54.13 55.48 3.5
55.0 54.11 43.58 3.7
55.0 54.06 55.78 4.1
55.0 54.07 34.26 4.1
55.0 54.06 37.88 4.1
55.0 54.05 45.13 4.5
55.0 54.07 28.83 4.1
55.0 54.07 39.66 4.1
55.0 54.08 32.17 4.3
55.0 54.06 43.57 4.1
55.0 54.04 46.75 4.2
55.0 54.03 43.56 4.4
55.0 54.04 34.37 4.3
55.0 54.05 34.32 4.3
55.0 54.11 14.90 4.6
55.0 54.16 17.58 4.1
55.0 54.15 37.90 4.1
55.0 54.15 35.68 4.3
55.0 54.14 37.90 4.1
55.0 54.16 26.45 3.7
55.0 54.20 17.42 3.5
55.0 54.21 28.27 4.1
55.0 54.21 33.70 3.9
55.0 54.24 20.71 4.1
55.0 54.24 28.15 3.7
55.0 54.24 33.59 3.3
55.0 54.14 66.16 3.5
55.0 54.10 50.25 4.4
55.0 54.11 34.09 4.0
55.0 54.13 28.59 3.7
55.0 54.15 26.45 3.9
55.0 54.14 37.90 3.6
55.0 54.13 40.98 3.7
55.0 54.12 37.89 4.2
55.0 54.11 39.50 4.3
55.0 54.00 77.30 4.5
55.0 54.00 41.96 4.3
55.0 54.05 20.67 4.5
55.0 54.05 37.87 4.1
55.0 54.07 28.82 3.9
55.0 54.03 55.90 4.1
55.0 54.07 23.40 4.6
55.0 54.07 37.88 4.0
55.0 54.08 32.17 4.5
55.0 54.09 36.18 4.3
55.0 54.11 26.44 4.1
55.0 54.12 34.07 4.3
55.0 54.06 55.75 4.1
55.0 54.08 34.23 4.2
55.0 54.06 43.57 4.4
55.0 54.08 26.43 3.9
55.0 54.05 51.77 4.3
55.0 54.05 37.88 4.5
55.0 54.02 50.60 4.5
55.0 54.02 37.87 4.4
55.0 54.05 28.93 4.3
55.0 54.10 17.81 4.5
55.0 54.11 32.17 4.0
55.0 54.09 44.96 4.3
55.0 54.10 34.15 4.0
55.0 54.10 32.17 4.2
55.0 54.13 28.61 3.7
55.0 54.10 44.90 4.0
55.0 54.11 34.10 4.3
55.0 54.10 37.89 3.9
55.0 54.07 50.41 3.5
55.0 54.08 34.23 3.8
55.0 54.04 49.24 4.3
55.0 54.06 34.31 4.6
55.0 54.07 32.16 4.5
55.0 54.11 25.74 4.1
55.0 54.11 32.18 4.5
55.0 54.12 32.18 4.1
55.0 54.14 28.56 4.0
55.0 54.25 -4.79 4.1
55.0 54.25 28.11 3.8
55.0 54.25 32.20 3.6
55.0 54.20 50.60 3.1
55.0 54.16 43.60 4.0
55.0 54.20 20.70 3.9
55.0 54.16 44.66 4.3
55.0 54.14 44.77 3.7
55.0 54.05 66.41 4.0
55.0 54.11 14.90 4.5
55.0 54.12 32.18 4.2
55.0 54.15 25.39 4.2
55.0 54.11 49.26 4.0
55.0 54.13 28.60 3.7
55.0 54.16 20.69 4.4
55.0 54.27 -1.59 3.9
55.0 54.26 32.21 3.9
55.0 54.24 37.91 3.7
55.0 54.22 40.27 3.5
55.0 54.21 32.20 3.7
55.0 54.25 17.22 3.9
55.0 54.26 26.47 4.1
55.0 54.25 33.54 3.5
55.0 54.26 28.09 4.0
55.0 54.25 32.20 3.3
55.0 54.23 39.03 4.0
55.0 54.31 0.49 3.8
55.0 54.30 31.11 3.5
55.0 54.33 16.92 3.3
55.0 54.30 37.93 3.3
55.0 54.27 39.84 3.5
55.0 54.22 49.28 3.1
55.0 54.21 33.68 3.5
55.0 54.22 26.47 3.7
55.0 54.25 22.69 3.7
55.0 54.23 39.03 3.6
55.0 54.24 26.47 4.1
55.0 54.36 -12.89 4.0
55.0 54.32 44.06 3.5
55.0 54.33 20.73 3.3
55.0 54.33 27.81 3.3
55.0 54.33 27.81 3.9
55.0 54.33 27.81 3.5
55.0 54.31 32.22 3.5
55.0 54.31 27.87 3.6
55.0 54.20 71.12 3.9
55.0 54.21 26.46 3.3
55.0 54.19 39.16 3.8
55.0 54.22 20.71 3.9
55.0 54.22 35.16 3.7
55.0 54.23 26.47 3.5
55.0 54.24 26.47 3.4
55.0 54.23 35.05 3.6
55.0 54.27 14.94 3.6
55.0 54.24 38.96 3.2
55.0 54.25 26.47 3.6
55.0 54.30 13.83 3.1
55.0 54.19 71.76 3.1
55.0 54.20 26.46 4.2
55.0 54.19 39.19 3.5
55.0 54.21 22.83 3.3
55.0 54.27 11.68 3.5
55.0 54.29 20.72 3.7
55.0 54.32 14.95 3.3
55.0 54.32 29.20 3.4
55.0 54.35 14.96 3.0
55.0 54.27 54.91 3.7
55.0 54.32 11.46 3.7
55.0 54.43 -14.25 3.1
55.0 54.43 23.18 3.0
55.0 54.45 14.98 3.2
55.0 54.39 43.97 3.0
55.0 54.40 20.75 3.1
55.0 54.42 16.55 3.1
55.0 54.46 9.18 2.9
55.0 54.49 9.18 3.0
55.0 54.53 3.37 3.1
55.0 54.51 26.00 2.6
55.0 54.53 10.63 2.4
55.0 54.51 27.08 2.4
55.0 54.46 37.97 2.5
55.0 54.45 27.33 3.0
55.0 54.45 20.76 2.7
55.0 54.44 28.27 3.1
55.0 54.58 -32.02 2.7
55.0 54.55 26.93 2.8
55.0 54.59 6.38 2.8
55.0 54.53 38.27 2.6
55.0 54.51 27.09 2.9
55.0 54.42 54.97 2.8
55.0 54.45 12.65 3.0
55.0 54.47 14.98 3.0
55.0 54.45 26.51 2.7
55.0 54.47 16.36 2.9
55.0 54.50 10.76 2.8
55.0 54.50 21.71 2.6
55.0 54.36 71.80 2.8
55.0 54.40 9.17 2.4
55.0 54.45 5.44 3.2
55.0 54.46 19.64 2.8
55.0 54.44 27.36 2.6
55.0 54.40 37.95 2.8
55.0 54.45 5.45 2.8
55.0 54.50 3.37 2.6
55.0 54.49 19.82 2.4
55.0 54.48 27.96 2.0
55.0 54.49 14.99 2.7
55.0 54.53 3.37 2.7
55.0 54.56 9.20 2.2
55.0 54.56 15.00 2.2
55.0 54.57 15.97 1.9
55.0 54.54 26.53 2.1
55.0 54.55 15.00 2.6
55.0 54.53 27.57 1.9
55.0 54.52 20.77 2.2
55.0 54.44 48.91 2.2
55.0 54.43 26.51 2.5
55.0 54.48 7.23 2.7
55.0 54.55 -10.84 2.4
55.0 54.56 16.01 2.5
55.0 54.58 10.45 3.3
55.0 54.55 26.92 2.4
55.0 54.54 21.52 2.4
55.0 54.58 3.38 2.5
55.0 54.60 9.21 2.2
55.0 54.62 9.21 2.3
55.0 54.65 2.04 1.6
55.0 54.64 15.02 2.2
55.0 54.65 10.15 2.0
55.0 54.69 -2.44 1.5
55.0 54.70 9.96 1.6
55.0 54.69 14.61 1.7
55.0 54.66 26.55 1.7
55.0 54.76 -26.02 1.7
55.0 54.73 20.83 2.0
55.0 54.72 15.04 2.0
55.0 54.74 4.33 2.5
55.0 54.69 26.57 1.9
55.0 54.66 26.56 1.9
55.0 54.67 10.10 2.4
55.0 54.68 10.06 2.0
55.0 54.60 43.69 1.8
55.0 54.58 21.36 2.2
55.0 54.60 10.36 2.4
55.0 54.59 21.34 2.1
55.0 54.64 -2.45 2.2
55.0 54.68 -2.44 2.0
55.0 54.64 26.65 2.0
55.0 54.68 -2.44 1.8
55.0 54.69 10.00 2.2
55.0 54.71 3.41 1.9
55.0 54.70 15.43 1.6
55.0 54.73 3.41 1.7
55.0 54.70 20.77 1.9
55.0 54.69 15.48 2.7
55.0 54.67 21.03 1.6
55.0 54.66 15.59 1.6
55.0 54.66 15.02 1.9
55.0 54.64 20.80 1.3
55.0 54.59 32.18 1.8
55.0 54.68 -20.10 2.1
55.0 54.65 26.61 2.2
55.0 54.62 26.68 1.8
55.0 54.65 3.40 2.3
55.0 54.64 15.02 2.2
55.0 54.61 26.55 1.8
55.0 54.57 32.39 2.2
55.0 54.60 3.39 2.2
55.0 54.57 26.54 2.1
55.0 54.56 20.78 2.0
55.0 54.60 4.88 2.2
55.0 54.61 9.21 2.2
55.0 54.63 8.15 1.8
55.0 54.61 20.79 1.8
55.0 54.60 21.31 1.9
55.0 54.69 -20.10 2.0
55.0 54.73 0.04 2.4
55.0 54.73 8.62 2.0
55.0 54.73 9.84 1.8
55.0 54.71 20.81 1.7
55.0 54.73 3.42 1.6
55.0 54.75 3.42 1.6
55.0 54.75 9.24 1.6
55.0 54.73 15.04 1.4
55.0 54.77 -2.42 1.6
55.0 54.69 38.01 1.6
55.0 54.67 21.28 1.2
55.0 54.68 9.23 1.6
55.0 54.67 15.03 1.8
55.0 54.68 10.04 1.8
55.0 54.68 15.03 2.2
55.0 54.64 26.58 1.6
55.0 54.65 9.22 1.6
55.0 54.65 15.65 2.0
55.0 54.60 32.28 1.1
55.0 54.63 3.39 1.7
55.0 54.63 15.02 1.7
55.0 54.63 15.73 1.8
55.0 54.64 10.20 1.7
55.0 54.65 9.22 1.5
55.0 54.68 2.20 1.6
55.0 54.70 4.46 1.9
55.0 54.71 8.52 1.7
55.0 54.71 9.24 1.4
55.0 54.70 14.66 1.3
55.0 54.68 20.98 1.3
55.0 54.70 4.45 1.5
55.0 54.71 8.52 1.5
55.0 54.70 15.03 1.2
55.0 54.69 15.48 1.6
55.0 54.68 15.03 1.4
55.0 54.65 26.55 1.4
55.0 54.72 -12.22 1.6
55.0 54.72 10.51 1.5
55.0 54.76 -2.42 1.4
55.0 54.76 9.74 1.8
55.0 54.74 15.04 1.5
55.0 54.76 3.42 1.3
55.0 54.73 20.82 1.4
55.0 54.75 3.42 1.3
55.0 54.74 15.31 1.3
55.0 54.71 20.81 1.8
55.0 54.68 20.80 1.6
55.0 54.71 4.44 1.7
55.0 54.70 15.03 1.3
55.0 54.69 15.49 1.6
55.0 54.67 20.80 1.5
55.0 54.71 -2.43 1.8
55.0 54.68 21.18 1.6
55.0 54.69 9.23 1.6
55.0 54.73 -2.43 2.1
55.0 54.67 32.30 1.5
55.0 54.67 16.14 1.7
55.0 54.69 3.41 1.6
55.0 54.70 8.47 1.6
55.0 54.70 9.95 1.6
55.0 54.74 -3.73 1.5
55.0 54.74 9.24 1.6
55.0 54.73 15.04 1.7
55.0 54.73 9.84 1.5
55.0 54.74 9.24 1.5
55.0 54.74 8.66 1.2
55.0 54.71 20.83 1.3
55.0 54.70 15.86 1.4
55.0 54.71 9.23 1.3
55.0 54.76 -8.29 1.4
55.0 54.77 3.42 1.4
55.0 54.76 15.22 1.4
55.0 54.74 15.04 1.5
55.0 54.73 15.04 1.5
55.0 54.72 15.37 1.5
55.0 54.71 15.41 1.4
55.0 54.66 31.93 1.0
55.0 54.68 3.41 1.7
55.0 54.64 26.64 1.9
55.0 54.67 5.71 1.7
55.0 54.71 -3.87 1.5
55.0 54.76 -6.83 1.5
55.0 54.73 20.82 1.5
55.0 54.70 20.89 1.5
55.0 54.64 37.40 1.5
55.0 54.63 15.02 1.3
55.0 54.60 26.97 1.6
55.0 54.58 26.54 1.7
55.0 54.58 15.01 1.8
55.0 54.61 4.82 2.0
55.0 54.61 15.01 2.0
55.0 54.64 4.70 1.8
55.0 54.65 8.27 1.7
55.0 54.64 20.48 1.8
55.0 54.63 16.40 1.8
55.0 54.62 20.79 1.7
55.0 54.65 4.68 1.7
55.0 54.72 -16.32 1.8
55.0 54.75 0.88 2.0
55.0 54.71 26.94 1.6
55.0 54.67 26.56 1.8
55.0 54.66 15.59 1.6
55.0 54.69 4.51 1.6
55.0 54.68 15.03 1.7
55.0 54.70 3.41 1.9
55.0 54.70 15.03 1.6
55.0 54.67 21.01 1.7
55.0 54.67 15.03 1.5
55.0 54.63 26.61 1.9
55.0 54.62 21.23 1.7
55.0 54.57 32.27 1.8
55.0 54.55 26.95 2.0
55.0 54.57 9.20 2.2
55.0 54.53 32.43 2.0
55.0 54.52 20.77 2.0
55.0 54.53 16.11 2.0
55.0 54.57 3.38 2.0
55.0 54.59 9.21 2.0
55.0 54.61 9.21 1.5
55.0 54.59 20.28 1.6
55.0 54.58 20.78 2.0
55.0 54.60 11.49 1.8
55.0 54.56 32.27 1.9
55.0 54.53 27.00 1.9
55.0 54.54 15.00 1.8
55.0 54.53 22.37 2.2
55.0 54.57 3.38 2.1
55.0 54.59 7.97 2.2
55.0 54.59 15.87 2.1
55.0 54.60 15.01 2.0
55.0 54.61 10.32 1.9
55.0 54.63 9.21 1.6
55.0 54.63 15.02 1.8
55.0 54.67 -0.93 1.7
55.0 54.65 20.80 1.8
55.0 54.63 21.18 1.8
55.0 54.61 21.24 2.0
55.0 54.67 -8.31 1.8
55.0 54.71 -1.10 1.8
55.0 54.66 32.29 1.9
55.0 54.65 16.24 1.6
55.0 54.61 32.28 2.0
55.0 54.59 21.33 2.2
55.0 54.61 9.21 2.1
55.0 54.60 20.79 1.9
55.0 54.58 21.37 2.2
55.0 54.59 15.01 2.4
55.0 54.56 27.31 2.0
55.0 54.55 20.78 2.1
55.0 54.53 26.53 2.0
55.0 54.49 32.58 1.8
55.0 54.47 27.23 2.4
55.0 54.49 16.28 2.4
55.0 54.47 26.52 2.4
55.0 54.40 49.32 2.4
55.0 54.39 28.65 2.4
55.0 54.37 32.23 2.6
55.0 54.38 22.18 2.2
55.0 54.36 32.23 2.8
55.0 54.34 34.18 2.7
55.0 54.34 26.49 2.9
55.0 54.35 20.73 2.8
55.0 54.35 28.99 2.7
55.0 54.36 20.74 2.5
55.0 54.37 22.21 2.8
55.0 54.35 32.23 2.8
55.0 54.35 27.73 2.9
55.0 54.29 49.53 2.8
55.0 54.28 32.21 3.1
55.0 54.30 22.51 3.0
55.0 54.30 27.93 3.0
55.0 54.33 16.91 3.1
55.0 54.34 20.73 3.2
55.0 54.34 26.49 3.0
55.0 54.37 18.50 2.7
55.0 54.36 26.49 2.8
55.0 54.33 38.62 3.4
55.0 54.33 27.81 3.1
55.0 54.31 32.22 2.9
55.0 54.33 22.37 3.3
55.0 54.23 66.18 3.2
55.0 54.18 50.74 3.3
55.0 54.21 20.70 3.6
55.0 54.17 44.61 3.1
55.0 54.19 26.46 3.9
55.0 54.22 22.82 3.5
55.0 54.23 28.21 3.7
55.0 54.25 20.71 3.8
55.0 54.17 60.64 3.3
55.0 54.17 33.85 3.1
55.0 54.19 26.46 3.6
55.0 54.20 28.32 3.6
55.0 54.17 43.60 3.6
55.0 54.18 30.29 4.1
55.0 54.23 14.93 3.6
55.0 54.19 43.60 3.3
55.0 54.19 35.36 3.6
55.0 54.19 32.19 3.9
55.0 54.28 0.63 3.7
55.0 54.28 24.94 3.5
55.0 54.28 29.49 3.3
55.0 54.36 -2.51 3.2
55.0 54.36 26.49 3.3
55.0 54.34 33.19 2.5
55.0 54.29 44.14 3.1
55.0 54.25 44.30 3.2
55.0 54.38 -20.17 3.4
55.0 54.43 5.53 3.5
55.0 54.39 38.38 3.5
55.0 54.34 43.63 3.3
55.0 54.31 38.70 3.5
55.0 54.33 22.39 3.5
55.0 54.35 16.82 3.6
55.0 54.35 26.49 3.3
55.0 54.36 20.74 3.5
55.0 54.52 -30.14 3.3
55.0 54.47 38.05 3.5
55.0 54.43 38.23 3.3
55.0 54.43 20.75 3.9
55.0 54.42 27.44 3.3
55.0 54.41 27.48 3.8
55.0 54.39 32.23 3.3
55.0 54.41 16.59 3.7
55.0 54.36 43.89 3.3
55.0 54.34 33.19 3.2
55.0 54.32 32.22 3.8
55.0 54.34 22.34 3.3
55.0 54.34 27.78 3.3
55.0 54.32 32.22 3.1
55.0 54.31 33.32 2.6
55.0 54.32 22.40 3.6
55.0 54.29 37.93 3.5
55.0 54.31 22.45 3.4
55.0 54.31 26.48 3.4
55.0 54.31 29.27 3.3
55.0 54.30 32.22 4.1
55.0 54.32 20.73 3.7
55.0 54.23 60.42 3.5
55.0 54.24 28.17 3.5
55.0 54.25 28.14 3.4
55.0 54.28 14.94 3.4
55.0 54.27 34.72 4.0
55.0 54.25 37.92 3.6
55.0 54.21 43.61 3.1
55.0 54.21 33.71 3.5
55.0 54.23 22.75 3.5
55.0 54.24 28.15 3.4
55.0 54.24 32.20 3.4
55.0 54.23 32.20 3.5
55.0 54.22 35.10 3.4
55.0 54.20 37.91 3.7
55.0 54.17 44.62 3.6
55.0 54.16 37.90 4.5
55.0 54.19 25.09 3.9
55.0 54.20 26.46 3.7
55.0 54.21 26.46 3.3
55.0 54.17 50.00 3.7
55.0 54.20 22.90 3.7
55.0 54.21 28.29 4.0
55.0 54.22 26.46 3.4
55.0 54.22 33.68 3.5
55.0 54.23 28.22 3.7
55.0 54.24 26.47 4.6
55.0 54.22 39.08 3.8
55.0 54.24 22.72 3.5
55.0 54.23 32.20 3.7
55.0 54.21 39.08 3.3
55.0 54.21 32.20 3.7
55.0 54.24 24.73 3.1
55.0 54.24 26.47 3.7
55.0 54.27 22.62 3.5
55.0 54.27 26.48 3.5
55.0 54.26 33.49 3.4
55.0 54.30 17.04 3.5
55.0 54.30 26.48 3.1
55.0 54.32 24.09 3.1
55.0 54.30 32.22 3.3
55.0 54.25 49.29 3.4
55.0 54.25 28.11 3.3
55.0 54.32 5.98 3.0
55.0 54.32 26.48 3.4
55.0 54.30 32.22 3.1
55.0 54.29 33.37 3.2
55.0 54.34 11.40 2.8
55.0 54.31 37.93 3.1
55.0 54.31 27.89 3.1
55.0 54.30 32.22 3.1
55.0 54.31 24.11 3.1
55.0 54.30 32.22 3.1
55.0 54.29 32.21 3.1
55.0 54.29 29.44 4.0
55.0 54.28 32.21 3.8
55.0 54.36 0.31 3.0
55.0 54.32 37.31 3.2
55.0 54.31 33.31 3.2
55.0 54.31 27.89 3.5
55.0 54.40 -8.36 3.3
55.0 54.36 38.49 3.0
55.0 54.33 38.62 3.2
55.0 54.31 33.29 3.3
55.0 54.23 60.57 3.2
55.0 54.25 20.71 2.8
55.0 54.26 29.69 3.3
55.0 54.21 49.28 3.3
55.0 54.23 22.76 3.5
55.0 54.24 26.47 3.9
55.0 54.31 6.02 3.0
55.0 54.28 37.93 3.2
55.0 54.28 26.48 3.5
55.0 54.27 34.71 3.5
55.0 54.26 32.21 3.5
55.0 54.30 14.94 3.5
55.0 54.30 27.92 3.3
55.0 54.30 27.91 3.6
55.0 54.28 38.84 3.5
55.0 54.27 32.21 3.2
55.0 54.29 22.54 3.3
55.0 54.15 81.84 3.5
55.0 54.16 26.45 3.2
55.0 54.15 39.34 3.5
55.0 54.15 32.19 4.0
55.0 54.14 40.88 3.9
55.0 54.14 32.18 3.7
55.0 54.19 14.92 3.5
55.0 54.25 14.27 3.9
55.0 54.25 26.47 3.6
55.0 54.28 22.58 3.3
55.0 54.27 32.21 3.3
55.0 54.26 34.84 3.3
55.0 54.34 -2.51 3.4
55.0 54.34 26.49 3.3
55.0 54.26 54.96 3.7
55.0 54.30 17.04 3.6
55.0 54.30 27.93 3.4
55.0 54.29 32.21 3.5
55.0 54.38 -8.37 3.7
55.0 54.36 34.03 3.4
55.0 54.34 32.22 3.3
55.0 54.34 27.77 3.6
55.0 54.34 26.49 3.4
55.0 54.32 34.34 3.3
55.0 54.34 20.73 3.0
55.0 54.33 26.49 3.2
55.0 54.30 39.59 3.3
55.0 54.33 14.95 3.1
55.0 54.36 16.79 3.5
55.0 54.34 32.22 3.3
55.0 54.30 44.13 3.0
55.0 54.30 27.93 3.2
55.0 54.30 26.48 3.4
55.0 54.32 22.41 3.2
55.0 54.32 27.85 3.3
55.0 54.36 9.16 3.2
55.0 54.33 37.93 3.1
55.0 54.34 20.73 3.5
55.0 54.37 18.49 3.3
55.0 54.41 9.17 3.1
55.0 54.43 13.38 3.0
55.0 54.42 28.42 3.1
55.0 54.48 -2.48 2.8
55.0 54.48 21.77 3.0
55.0 54.44 37.96 2.8
55.0 54.43 28.38 2.6
55.0 54.43 20.75 2.8
55.0 54.48 3.36 2.8
55.0 54.46 26.52 2.7
55.0 54.45 27.34 2.8
55.0 54.45 21.89 2.6
55.0 54.47 14.98 2.8
55.0 54.51 3.37 2.4
55.0 54.43 48.94 2.4
55.0 54.44 20.75 3.3
55.0 54.41 32.90 2.1
55.0 54.37 37.95 2.7
55.0 54.40 16.65 2.2
55.0 54.37 33.05 2.8
55.0 54.46 -8.35 2.9
55.0 54.42 38.70 3.0
55.0 54.42 20.75 2.5
55.0 54.48 -0.19 2.8
55.0 54.48 20.76 2.8
55.0 54.47 27.27 2.7
55.0 54.47 21.83 2.8
55.0 54.45 26.51 2.5
55.0 54.44 27.37 2.9
55.0 54.44 21.93 2.6
55.0 54.44 20.75 2.8
55.0 54.43 27.40 2.7
55.0 54.42 26.51 2.7
55.0 54.43 23.22 2.9
55.0 54.43 20.75 2.6
55.0 54.42 27.46 2.8
55.0 54.45 10.94 2.7
55.0 54.41 37.95 2.7
55.0 54.43 16.51 2.2
55.0 54.42 26.51 2.9
55.0 54.43 23.23 2.6
55.0 54.46 9.18 3.0
55.0 54.43 31.73 2.4
55.0 54.38 43.82 2.8
55.0 54.37 27.65 3.0
55.0 54.37 27.67 2.9
55.0 54.33 37.94 2.6
55.0 54.35 20.73 3.1
55.0 54.33 34.28 3.2
55.0 54.39 3.34 2.9
55.0 54.37 32.23 2.8
55.0 54.36 26.49 2.7
55.0 54.37 23.65 2.9
55.0 54.38 20.74 2.8
55.0 54.45 -2.49 2.0
55.0 54.45 23.02 2.8
55.0 54.45 20.76 2.6
55.0 54.45 21.88 2.1
55.0 54.49 9.18 3.0
55.0 54.54 -2.47 2.6
55.0 54.48 43.42 2.4
55.0 54.48 20.76 2.6
55.0 54.47 21.79 2.8
55.0 54.49 16.28 2.2
55.0 54.52 9.19 2.5
55.0 54.50 26.52 2.6
55.0 54.49 20.77 2.5
55.0 54.54 6.78 2.6
55.0 54.56 7.81 2.6
55.0 54.55 20.08 2.0
55.0 54.54 21.53 2.2
55.0 54.52 27.06 2.3
55.0 54.53 16.13 1.4
55.0 54.54 15.00 2.3
55.0 54.60 -4.24 2.3
55.0 54.62 9.22 2.1
55.0 54.62 14.27 2.0
55.0 54.60 21.28 2.0
55.0 54.53 43.20 2.1
55.0 54.53 21.59 2.0
55.0 54.52 20.77 2.5
55.0 54.50 26.52 2.2
55.0 54.50 22.65 2.4
55.0 54.49 20.77 2.2
55.0 54.49 21.73 2.3
55.0 54.45 37.96 2.4
55.0 54.43 28.32 2.4
55.0 54.38 43.64 2.2
55.0 54.33 43.63 2.8
55.0 54.37 11.27 2.8
55.0 54.44 -0.02 2.7
55.0 54.49 5.31 2.7
55.0 54.49 19.78 2.4
55.0 54.53 5.15 2.4
55.0 54.54 15.00 2.3
55.0 54.52 26.53 2.6
55.0 54.53 16.14 2.8
55.0 54.55 10.57 2.2
55.0 54.56 15.00 2.4
55.0 54.53 27.01 2.4
55.0 54.57 3.38 2.1
55.0 54.55 26.95 2.0
55.0 54.54 20.77 2.2
55.0 54.56 9.20 2.5
55.0 54.57 15.00 2.1
55.0 54.57 15.96 2.0
55.0 54.56 21.46 2.5
55.0 54.54 26.53 1.9
55.0 54.54 16.06 2.2
55.0 54.57 10.50 2.0
55.0 54.57 15.00 1.9
55.0 54.58 15.94 2.0
55.0 54.55 26.94 2.3
55.0 54.57 10.48 2.9
55.0 54.56 20.78 2.2
55.0 54.63 -8.31 1.9
55.0 54.58 32.28 2.0
55.0 54.60 9.21 2.2
55.0 54.63 3.40 2.1
55.0 54.63 14.31 2.0
55.0 54.64 10.20 2.0
55.0 54.58 37.63 2.4
55.0 54.58 15.01 2.2
55.0 54.57 21.41 2.2
55.0 54.58 15.94 2.4
55.0 54.58 15.92 2.0
55.0 54.58 15.01 2.0
55.0 54.62 3.39 2.3
55.0 54.62 15.78 2.1
55.0 54.62 15.01 1.8
55.0 54.63 10.24 1.9
55.0 54.64 10.19 1.5
55.0 54.58 37.99 1.6
55.0 54.60 10.36 1.8
55.0 54.53 43.67 2.0
55.0 54.54 17.17 2.2
55.0 54.55 15.00 2.3
55.0 54.54 20.77 2.0
55.0 54.53 21.58 2.0
55.0 54.52 21.60 2.1
55.0 54.53 16.11 2.1
55.0 54.54 15.00 2.2
55.0 54.53 21.56 2.3
55.0 54.59 -0.60 2.1
55.0 54.57 20.78 2.0
55.0 54.58 15.93 2.0
55.0 54.61 4.82 2.1
55.0 54.58 26.54 2.0
55.0 54.59 15.01 2.2
55.0 54.59 15.01 1.9
55.0 54.58 22.02 2.0
55.0 54.67 -20.10 1.9
55.0 54.68 10.85 2.7
55.0 54.70 3.41 1.9
55.0 54.71 9.23 1.6
55.0 54.71 9.24 1.9
55.0 54.70 14.66 2.0
55.0 54.71 9.93 1.9
55.0 54.75 -2.42 1.7
55.0 54.73 15.04 1.7
55.0 54.72 15.36 1.6
55.0 54.72 9.24 1.8
55.0 54.73 9.86 1.6
55.0 54.75 2.51 1.6
55.0 54.75 8.70 1.5
55.0 54.75 9.24 1.3
55.0 54.78 -2.42 1.3
55.0 54.78 9.65 1.5
55.0 54.76 14.93 1.5
55.0 54.73 20.82 1.5
55.0 54.72 15.71 1.6
55.0 54.74 3.42 1.5
55.0 54.71 20.81 1.5
55.0 54.69 20.81 1.5
55.0 54.71 5.39 1.3
55.0 54.70 14.65 1.6
55.0 54.65 32.29 1.6
55.0 54.65 16.31 1.6
55.0 54.76 -31.98 1.4
55.0 54.75 15.51 1.6
55.0 54.70 26.57 2.0
55.0 54.74 -1.21 1.9
55.0 54.74 9.80 1.9
55.0 54.73 14.78 2.0
55.0 54.72 15.37 1.8
55.0 54.71 15.42 1.7
55.0 54.68 20.81 2.0
55.0 54.68 15.54 1.8
55.0 54.67 15.03 1.6
55.0 54.67 16.16 1.8
55.0 54.72 -8.30 1.5
55.0 54.67 31.89 1.8
55.0 54.62 32.09 1.9
55.0 54.51 54.99 2.0
55.0 54.49 27.15 2.4
55.0 54.51 14.99 2.6
55.0 54.49 27.88 2.4
55.0 54.46 32.25 2.4
55.0 54.44 26.51 2.7
55.0 54.46 16.40 2.5
55.0 54.45 27.35 2.4
55.0 54.46 16.38 2.8
55.0 54.43 32.25 2.6
55.0 54.45 16.43 2.8
55.0 54.47 16.37 2.5
55.0 54.48 14.99 2.5
55.0 54.48 21.77 2.6
55.0 54.48 21.78 2.1
55.0 54.44 38.20 2.5
55.0 54.47 9.18 2.4
55.0 54.44 31.77 2.4
55.0 54.46 17.81 2.6
55.0 54.46 20.76 2.4
55.0 54.47 16.35 2.8
55.0 54.47 20.76 2.4
55.0 54.47 21.81 2.2
55.0 54.43 38.23 2.4
55.0 54.45 14.98 2.5
55.0 54.48 10.85 2.6
55.0 54.51 10.73 2.2
55.0 54.50 21.68 2.3
55.0 54.53 9.20 1.9
55.0 54.55 7.79 2.1
55.0 54.54 21.52 2.1
55.0 54.55 15.00 2.2
55.0 54.54 21.52 1.9
55.0 54.55 16.04 2.2
55.0 54.54 20.77 2.2
55.0 54.61 -6.22 2.0
55.0 54.58 26.54 2.1
55.0 54.57 22.09 1.8
55.0 54.54 26.53 2.2
55.0 54.51 32.26 2.2
55.0 54.52 16.17 2.2
55.0 54.56 5.04 2.3
55.0 54.49 43.67 2.2
55.0 54.50 14.99 2.2
55.0 54.51 14.99 2.4
55.0 54.49 27.83 2.2
55.0 54.48 26.52 2.2
55.0 54.49 16.28 2.4
55.0 54.52 9.19 2.4
55.0 54.48 32.62 2.4
55.0 54.53 3.37 2.3
55.0 54.51 25.99 2.2
55.0 54.49 27.88 2.5
55.0 54.47 26.52 2.2
55.0 54.53 -0.37 2.6
55.0 54.57 3.38 2.3
55.0 54.56 20.78 2.2
55.0 54.55 21.50 2.1
55.0 54.59 3.39 2.1
55.0 54.59 15.01 2.1
55.0 54.61 10.34 1.9
55.0 54.68 -14.19 2.1
55.0 54.72 0.10 2.0
55.0 54.71 14.68 1.9
55.0 54.68 21.17 2.0
55.0 54.65 26.56 2.0
55.0 54.62 26.68 2.0
55.0 54.60 20.79 2.0
55.0 54.56 32.32 2.0
55.0 54.56 15.99 2.7
55.0 54.58 9.21 1.9
55.0 54.57 21.41 2.2
55.0 54.55 26.53 2.0
55.0 54.55 15.00 2.0
55.0 54.53 27.01 2.4
55.0 54.49 32.57 2.2
55.0 54.57 -6.06 2.2
55.0 54.51 37.98 2.2
55.0 54.52 15.00 2.5
55.0 54.55 11.90 2.4
55.0 54.63 -14.20 2.2
55.0 54.61 21.75 2.9
55.0 54.70 -20.10 2.1
55.0 54.66 26.56 2.4
55.0 54.64 20.80 2.4
55.0 54.60 32.28 2.4
55.0 54.57 27.23 2.1
55.0 54.56 20.78 2.5
55.0 54.51 37.92 2.7
55.0 54.50 20.77 2.4
55.0 54.47 33.16 2.6
55.0 54.44 32.24 2.6
55.0 54.46 14.98 2.7
55.0 54.46 21.86 2.8
55.0 54.44 27.35 2.8
55.0 54.48 10.85 2.6
55.0 54.48 20.76 2.8
55.0 54.49 14.99 2.6
55.0 54.50 17.45 3.0
55.0 54.48 26.52 2.6
55.0 54.48 21.77 2.4
55.0 54.45 32.74 2.0
55.0 54.44 26.51 2.6
55.0 54.44 21.93 2.5
55.0 54.41 32.24 3.1
55.0 54.42 23.26 2.7
55.0 54.40 32.24 2.6
55.0 54.37 33.05 2.9
55.0 54.38 20.74 2.9
55.0 54.39 22.12 2.7
55.0 54.43 11.04 2.1
55.0 54.42 26.51 2.7
55.0 54.42 22.00 2.8
55.0 54.38 38.41 2.2
55.0 54.39 20.74 2.8
55.0 54.41 16.58 2.8
55.0 54.38 38.44 2.4
55.0 54.41 11.10 2.3
55.0 54.39 32.24 2.8
55.0 54.37 33.07 2.5
55.0 54.42 5.57 2.8
55.0 54.41 25.56 2.8
55.0 54.40 27.52 2.4
55.0 54.40 26.50 2.7
55.0 54.39 28.67 2.6
55.0 54.40 20.74 2.3
55.0 54.43 9.17 2.8
55.0 54.44 20.75 2.7
55.0 54.44 21.94 2.8
55.0 54.47 10.88 3.1
55.0 54.47 20.76 2.7
55.0 54.46 26.51 2.6
55.0 54.49 12.38 2.8
55.0 54.53 3.37 2.2
55.0 54.48 37.97 2.4
55.0 54.45 32.75 2.4
55.0 54.44 26.51 2.5
55.0 54.42 27.43 2.3
55.0 54.44 14.98 2.6
55.0 54.52 -3.57 2.8
55.0 54.50 26.52 2.7
55.0 54.50 21.71 2.5
55.0 54.45 37.96 2.2
55.0 54.42 32.86 2.6
55.0 54.49 -0.20 2.7
55.0 54.47 26.52 2.8
55.0 54.45 27.31 2.4
55.0 54.38 49.14 2.7
55.0 54.41 14.97 2.8
55.0 54.41 22.04 2.9
55.0 54.32 60.59 2.8
55.0 54.29 39.71 2.8
55.0 54.31 20.72 3.3
55.0 54.31 27.90 3.3
55.0 54.32 22.40 3.3
55.0 54.31 32.22 3.2
55.0 54.37 5.78 3.1
55.0 54.38 19.28 3.0
55.0 54.39 23.52 2.8
55.0 54.40 20.74 2.8
55.0 54.42 14.97 2.9
55.0 54.45 10.95 2.6
55.0 54.47 16.37 2.8
55.0 54.47 21.82 2.4
55.0 54.45 26.51 2.7
55.0 54.48 9.19 2.6
55.0 54.47 27.26 2.8
55.0 54.48 14.99 2.5
55.0 54.54 -0.42 2.6
55.0 54.52 27.06 2.5
55.0 54.50 27.14 2.4
55.0 54.53 9.19 2.4
55.0 54.49 32.01 2.4
55.0 54.46 33.24 2.6
55.0 54.42 37.95 2.8
55.0 54.41 27.51 2.9
55.0 54.40 26.50 2.5
55.0 54.40 22.07 2.6
55.0 54.40 27.54 2.7
55.0 54.40 20.75 2.8
55.0 54.41 22.05 2.6
55.0 54.45 10.98 2.9
55.0 54.45 20.75 2.6
55.0 54.41 38.32 2.6
55.0 54.34 49.31 2.6
55.0 54.31 39.55 2.5
55.0 54.31 26.48 2.9
55.0 54.38 0.20 3.0
55.0 54.35 37.94 2.9
55.0 54.36 20.74 3.1
55.0 54.37 22.20 3.1
55.0 54.41 9.17 3.0
55.0 54.39 33.00 2.7
55.0 54.37 32.23 2.8
55.0 54.44 -2.49 2.8
55.0 54.42 27.43 2.8
55.0 54.41 27.48 2.6
55.0 54.38 38.44 2.6
55.0 54.30 54.95 2.8
55.0 54.30 26.48 3.2
55.0 54.33 18.80 3.1
55.0 54.34 20.73 3.1
55.0 54.34 27.76 3.0
55.0 54.30 43.62 2.9
55.0 54.28 34.62 3.1
55.0 54.24 43.61 3.0
55.0 54.31 3.33 3.5
55.0 54.31 27.88 3.0
55.0 54.27 43.62 3.1
55.0 54.26 33.50 3.1
55.0 54.32 3.33 3.5
55.0 54.32 26.48 3.1
55.0 54.34 22.33 2.7
55.0 54.35 20.73 3.4
55.0 54.36 22.24 3.0
55.0 54.36 27.69 2.4
55.0 54.37 20.74 2.9
55.0 54.41 11.12 2.8
55.0 54.37 37.94 2.5
55.0 54.38 23.57 2.8
55.0 54.36 32.23 2.8
55.0 54.40 11.16 3.2
55.0 54.39 27.56 3.1
55.0 54.39 26.50 2.8
55.0 54.39 22.12 2.3
55.0 54.37 32.23 2.6
55.0 54.37 28.84 3.0
55.0 54.30 49.30 2.8
55.0 54.29 32.21 2.9
55.0 54.29 27.95 3.3
55.0 54.33 16.93 2.6
55.0 54.34 22.33 3.0
55.0 54.35 20.73 3.5
55.0 54.35 26.49 2.4
55.0 54.35 29.00 3.0
55.0 54.34 26.49 2.8
55.0 54.40 5.66 3.5
55.0 54.39 25.46 2.7
55.0 54.34 44.37 2.8
55.0 54.34 26.49 2.8
55.0 54.38 9.16 3.0
55.0 54.39 22.13 2.8
55.0 54.43 9.17 2.8
55.0 54.39 37.95 2.7
55.0 54.38 26.50 2.6
55.0 54.39 22.13 2.4
55.0 54.38 27.60 2.7
55.0 54.38 26.50 2.6
55.0 54.36 33.12 3.1
55.0 54.46 -11.19 3.2
55.0 54.43 33.48 2.6
55.0 54.33 60.59 3.0
55.0 54.33 26.49 3.1
55.0 54.34 23.87 3.2
55.0 54.40 3.34 3.1
55.0 54.36 37.94 2.8
55.0 54.39 14.97 3.0
55.0 54.40 22.11 3.1
55.0 54.36 38.50 2.9
55.0 54.34 32.22 3.1
55.0 54.34 29.06 3.2
55.0 54.31 37.93 3.1
55.0 54.32 20.73 3.0
55.0 54.32 27.83 3.1
55.0 54.32 27.83 3.1
55.0 54.35 16.82 3.2
55.0 54.33 32.22 2.8
55.0 54.32 33.27 3.0
55.0 54.30 33.33 3.3
55.0 54.31 26.48 3.2
55.0 54.32 22.40 3.0
55.0 54.31 32.22 2.7
55.0 54.34 18.74 2.8
55.0 54.43 -8.36 3.3
55.0 54.41 26.51 3.1
55.0 54.41 28.53 3.0
55.0 54.38 32.23 3.1
55.0 54.41 16.61 3.0
55.0 54.40 26.50 3.1
55.0 54.37 33.90 2.8
55.0 54.43 3.35 3.0
55.0 54.39 37.61 3.1
55.0 54.40 22.11 3.3
55.0 54.36 38.50 3.0
55.0 54.37 22.21 2.9
55.0 54.37 26.49 3.1
55.0 54.35 32.23 3.1
55.0 54.30 44.70 3.1
55.0 54.30 26.48 3.2
55.0 54.36 5.80 3.3
55.0 54.36 25.30 3.0
55.0 54.33 38.64 3.0
55.0 54.31 33.30 2.4
55.0 54.33 20.73 3.1
55.0 54.41 -2.74 3.1
55.0 54.39 32.23 3.2
55.0 54.31 54.95 3.1
55.0 54.34 16.87 2.6
55.0 54.34 27.77 3.2
55.0 54.34 27.78 3.1
55.0 54.40 3.34 3.3
55.0 54.42 14.97 3.0
55.0 54.39 32.98 2.7
55.0 54.39 26.50 2.7
55.0 54.39 22.12 2.8
55.0 54.39 26.50 2.8
55.0 54.39 23.47 2.8
55.0 54.39 26.50 3.3
55.0 54.42 9.17 2.7
55.0 54.39 38.40 2.8
55.0 54.38 26.50 2.9
55.0 54.37 27.64 3.4
55.0 54.37 26.50 3.0
55.0 54.42 5.57 2.8
55.0 54.38 37.95 2.8
55.0 54.36 32.23 2.4
55.0 54.31 44.06 3.0
55.0 54.31 27.87 3.0
55.0 54.32 27.86 3.0
55.0 54.32 26.48 3.0
55.0 54.36 9.16 2.4
55.0 54.31 44.06 2.8
55.0 54.36 9.16 3.3
55.0 54.38 14.96 2.4
55.0 54.41 14.97 2.8
55.0 54.40 27.54 2.6
55.0 54.41 22.07 2.3
55.0 54.35 43.64 2.7
55.0 54.38 18.42 3.1
55.0 54.37 26.50 2.9
55.0 54.34 37.94 2.9
55.0 54.37 16.77 3.0
55.0 54.39 16.67 3.0
55.0 54.38 27.59 2.7
55.0 54.44 3.35 2.8
55.0 54.44 19.57 2.8
55.0 54.44 23.09 3.1
55.0 54.45 20.76 2.8
55.0 54.48 10.85 2.4
55.0 54.45 32.25 2.2
55.0 54.43 28.31 2.6
55.0 54.41 32.24 2.6
55.0 54.47 -2.48 3.3
55.0 54.50 10.75 2.6
55.0 54.48 27.20 2.6
55.0 54.38 59.81 2.4
55.0 54.40 14.97 2.7
55.0 54.41 22.05 2.7
55.0 54.36 43.89 2.8
55.0 54.35 26.49 2.6
55.0 54.37 22.23 3.1
55.0 54.42 5.58 2.6
55.0 54.42 20.75 2.6
55.0 54.43 20.75 2.8
55.0 54.43 20.75 2.6
55.0 54.44 23.14 2.6
55.0 54.47 9.18 2.6
55.0 54.41 43.65 2.7
55.0 54.40 26.50 2.6
55.0 54.42 16.55 2.8
55.0 54.38 38.41 2.1
55.0 54.39 20.74 2.7
55.0 54.38 27.59 2.7
55.0 54.36 33.09 2.0
55.0 54.37 20.74 2.7
55.0 54.37 27.65 3.1
55.0 54.38 22.18 2.9
55.0 54.42 11.09 2.7
55.0 54.39 32.24 3.0
55.0 54.36 38.51 2.7
55.0 54.34 33.19 2.6
55.0 54.35 20.73 3.0
55.0 54.36 22.24 2.8
55.0 54.37 20.74 3.1
55.0 54.35 34.07 2.9
55.0 54.34 32.22 2.6
55.0 54.33 26.49 2.6
e 75.13560247421265