55.0 7.89 0.0
55.0 54.02 9.70 0.0
55.0 54.02 20.16 0.0
55.0 54.00 27.37 0.0
55.0 53.95 42.61 0.0
55.0 
55.0 53.93 255.00 0.0
55.0 53.92 33.03 0.0
55.0 53.92 19.51 0.0
55.0 53.92 28.02 0.1
55.0 53.90 60.78 0.5
55.0 53.88 30.21 0.3
55.0 53.85 35.37 0.6
55.0 53.86 24.09 0.9
55.0 53.87 21.59 0.7
55.0 53.86 29.83 1.6
55.0 53.89 15.01 1.2
55.0 53.89 24.68 2.2
55.0 53.89 25.77 1.6
55.0 53.85 41.17 1.5
55.0 53.88 13.07 1.8
55.0 53.88 25.62 1.8
55.0 53.92 10.04 1.9
55.0 53.88 41.59 1.8
55.0 53.86 29.87 1.5
55.0 53.82 40.45 1.8
55.0 53.83 26.17 1.9
55.0 53.82 29.12 2.2
55.0 53.85 14.49 2.4
55.0 53.92 2.21 2.1
55.0 53.91 25.06 2.3
55.0 53.87 41.45 2.0
55.0 53.85 29.72 2.4
55.0 53.86 26.49 2.6
55.0 53.84 29.56 2.8
55.0 53.83 30.34 2.8
55.0 53.82 29.22 2.4
55.0 53.85 19.76 2.6
55.0 53.83 30.34 2.4
55.0 53.81 34.63 3.0
55.0 53.77 40.16 2.8
55.0 53.79 24.30 3.0
55.0 53.68 65.89 3.3
55.0 53.67 33.41 3.1
55.0 53.77 -6.13 3.2
55.0 53.74 40.32 3.1
55.0 53.74 27.68 3.4
55.0 53.74 27.69 3.5
55.0 53.72 35.13 3.1
55.0 53.69 38.26 3.2
55.0 53.73 18.11 3.3
55.0 53.71 32.98 3.7
55.0 53.75 20.17 3.5
55.0 53.76 22.43 3.2
55.0 53.74 33.47 3.1
55.0 53.74 29.06 2.9
55.0 53.71 39.30 3.3
55.0 53.73 23.53 3.5
55.0 53.70 38.40 3.1
55.0 53.71 27.18 3.3
55.0 53.72 25.02 3.3
55.0 53.81 -5.33 3.3
55.0 53.81 29.94 3.1
55.0 53.78 34.98 2.9
55.0 53.78 29.58 3.3
55.0 53.79 22.95 2.8
55.0 53.80 23.11 3.2
55.0 53.78 35.77 3.3
55.0 53.76 33.77 3.0
55.0 53.64 69.86 3.7
55.0 53.65 26.28 3.5
55.0 53.65 33.07 3.5
55.0 53.60 48.29 3.5
55.0 53.54 52.42 3.7
55.0 53.52 41.87 4.0
55.0 53.53 31.36 3.3
55.0 53.53 29.85 3.9
55.0 53.57 21.25 3.9
55.0 53.60 19.67 3.9
55.0 53.57 43.52 3.5
55.0 53.54 41.29 3.7
55.0 53.48 57.09 4.0
55.0 53.50 25.71 4.1
55.0 53.53 24.10 4.1
55.0 53.59 10.81 3.7
55.0 53.68 -1.85 3.5
55.0 53.67 34.57 3.7
55.0 53.66 32.10 3.1
55.0 53.74 -0.74 3.6
55.0 53.79 13.55 3.4
55.0 53.77 34.75 3.3
55.0 53.75 34.50 3.1
55.0 53.78 17.05 2.8
55.0 53.72 49.93 3.3
55.0 53.76 13.20 3.3
55.0 53.75 33.52 3.1
55.0 53.65 64.66 3.2
55.0 53.67 22.67 3.4
55.0 53.60 53.62 3.5
55.0 53.60 31.06 3.9
55.0 53.63 20.22 3.9
55.0 53.59 48.68 3.5
55.0 53.67 -1.96 3.5
55.0 53.67 33.31 3.5
55.0 53.64 37.39 3.3
55.0 53.61 43.96 3.5
55.0 53.65 14.88 3.7
55.0 53.63 37.19 3.8
55.0 53.69 12.13 3.4
55.0 53.68 33.47 3.4
55.0 53.65 38.48 3.5
55.0 53.55 69.14 3.5
55.0 53.53 41.96 3.8
55.0 53.53 31.43 4.1
55.0 53.54 29.94 3.9
55.0 53.53 36.72 4.5
55.0 53.54 31.49 4.1
55.0 53.57 19.17 3.9
55.0 53.59 26.88 3.7
55.0 53.57 36.19 3.7
55.0 53.49 62.54 3.5
55.0 53.50 29.30 3.2
55.0 53.58 5.26 3.0
55.0 53.56 40.64 3.7
55.0 53.52 47.12 3.6
55.0 53.61 0.23 4.1
55.0 53.61 29.82 3.7
55.0 53.61 32.51 3.6
55.0 53.61 32.49 3.5
55.0 53.62 25.70 3.9
55.0 53.60 37.75 3.7
55.0 53.63 22.13 3.3
55.0 53.61 37.90 3.7
55.0 53.57 47.30 3.5
55.0 53.50 57.24 3.7
55.0 53.48 42.52 4.3
55.0 53.44 50.57 3.9
55.0 53.45 30.30 4.1
55.0 53.44 39.43 4.8
55.0 53.45 32.14 4.1
55.0 53.45 34.09 3.7
55.0 53.55 -4.02 4.0
55.0 53.59 21.51 4.1
55.0 53.59 32.22 3.9
55.0 53.57 37.34 3.5
55.0 53.59 25.18 3.8
55.0 53.58 37.38 3.7
55.0 53.56 37.20 3.5
55.0 53.51 51.86 4.1
55.0 53.49 41.46 3.9
55.0 53.50 30.99 3.5
55.0 53.50 36.24 4.0
55.0 53.49 34.76 4.1
55.0 53.53 18.47 4.1
55.0 53.48 52.49 3.9
55.0 53.48 34.51 4.1
55.0 53.36 76.24 3.9
55.0 53.34 43.39 4.3
55.0 53.37 29.12 4.5
55.0 53.36 39.65 4.5
55.0 53.31 54.03 4.7
55.0 53.34 30.91 4.8
55.0 53.38 21.58 4.2
55.0 53.40 27.60 4.3
55.0 53.41 35.00 3.7
55.0 53.48 9.29 4.3
55.0 53.50 29.19 3.9
55.0 53.46 45.46 4.0
55.0 53.49 25.50 4.0
55.0 53.54 15.52 4.3
55.0 53.52 40.87 3.6
55.0 53.53 31.37 3.7
55.0 53.49 45.97 4.3
55.0 53.49 37.57 3.9
55.0 53.48 34.63 3.9
55.0 53.55 7.46 4.1
55.0 53.57 24.86 3.7
55.0 53.65 6.15 3.7
55.0 53.63 37.10 3.4
55.0 53.58 47.51 3.3
55.0 53.57 37.26 3.6
55.0 53.59 26.84 4.1
55.0 53.57 36.14 4.1
55.0 53.59 26.89 3.5
55.0 53.60 27.10 3.7
55.0 53.63 22.13 3.6
55.0 53.63 31.48 3.4
55.0 53.60 42.18 3.3
55.0 53.60 33.73 3.6
55.0 53.61 25.52 3.9
55.0 53.62 27.37 3.7
55.0 53.63 25.94 3.5
55.0 53.65 27.68 3.5
55.0 53.73 1.85 3.4
55.0 53.71 31.97 3.3
55.0 53.70 33.82 3.0
55.0 53.69 33.67 2.6
55.0 53.68 32.41 3.5
55.0 53.67 33.41 3.5
55.0 53.65 38.42 3.3
55.0 53.66 27.89 3.5
55.0 53.67 26.51 3.1
55.0 53.60 53.60 3.4
55.0 53.62 27.28 3.3
55.0 53.59 42.00 3.4
55.0 53.57 37.32 3.8
55.0 53.57 30.56 3.8
55.0 53.63 13.82 4.0
55.0 53.63 31.53 3.5
55.0 53.63 31.47 3.9
55.0 53.64 27.59 3.9
55.0 53.69 12.21 3.5
55.0 53.67 38.66 3.5
55.0 53.65 37.43 3.5
55.0 53.60 48.82 3.2
55.0 53.61 25.56 3.6
55.0 53.54 57.92 3.7
55.0 53.54 31.61 3.7
55.0 53.54 36.80 3.7
55.0 53.53 36.68 3.7
55.0 53.51 40.61 4.1
55.0 53.51 29.52 3.5
55.0 53.54 28.02 3.7
55.0 53.57 19.18 3.6
55.0 53.55 42.24 3.6
55.0 53.59 13.87 3.6
55.0 53.59 33.71 3.6
55.0 53.59 30.89 3.5
55.0 53.59 30.89 3.7
55.0 53.61 28.81 3.6
55.0 53.61 31.12 3.5
55.0 53.62 27.33 3.7
55.0 53.62 31.30 3.4
55.0 53.64 22.31 3.8
55.0 53.73 1.84 3.5
55.0 53.66 54.58 3.3
55.0 53.65 33.09 3.3
55.0 53.64 33.01 3.5
55.0 53.65 26.28 3.1
55.0 53.66 27.93 3.6
55.0 53.67 26.55 3.2
55.0 53.66 34.47 3.5
55.0 53.64 37.35 3.3
55.0 53.67 22.61 3.5
55.0 53.67 26.61 3.4
55.0 53.68 28.17 3.1
55.0 53.69 28.25 3.3
55.0 53.72 16.04 3.4
55.0 53.74 25.16 3.3
55.0 53.79 5.88 3.2
55.0 53.82 16.04 3.1
55.0 53.78 40.26 3.0
55.0 53.81 19.21 2.9
55.0 53.87 3.88 2.9
55.0 53.89 17.48 2.9
55.0 53.87 30.05 2.8
55.0 53.80 51.09 2.6
55.0 53.80 28.72 3.1
55.0 53.79 29.72 3.0
55.0 53.79 28.53 3.2
55.0 53.82 15.92 3.1
55.0 53.83 23.63 3.0
55.0 53.85 18.28 2.9
55.0 53.84 31.37 2.9
55.0 53.86 18.42 2.8
55.0 53.85 30.50 3.0
55.0 53.81 40.19 3.1
55.0 53.80 29.86 3.3
55.0 53.76 40.02 2.8
55.0 53.79 17.27 3.1
55.0 53.82 19.33 3.1
55.0 53.76 45.32 3.3
55.0 53.78 22.71 3.1
55.0 53.83 8.74 3.0
55.0 53.82 28.18 3.1
55.0 53.83 26.17 2.7
55.0 53.83 23.69 2.4
55.0 53.91 -1.02 2.9
55.0 53.91 24.99 2.9
55.0 53.89 31.15 3.2
55.0 53.91 20.60 3.0
55.0 53.93 13.99 2.7
55.0 53.94 22.34 3.1
55.0 53.92 30.88 2.7
55.0 53.93 19.70 2.7
55.0 53.91 31.45 3.2
55.0 53.94 15.68 2.8
55.0 53.86 51.97 2.5
55.0 53.91 7.83 2.8
55.0 53.85 46.68 2.8
55.0 53.87 21.50 2.8
55.0 53.87 24.28 2.6
55.0 53.85 30.63 3.0
55.0 53.86 24.11 3.0
55.0 53.86 26.53 2.9
55.0 53.78 56.45 3.3
55.0 53.79 22.90 3.6
55.0 53.88 -4.05 3.1
55.0 53.87 30.00 3.1
55.0 53.89 20.33 3.1
55.0 53.90 19.15 2.8
55.0 53.88 31.04 2.9
55.0 53.90 20.51 2.5
55.0 53.91 19.35 2.8
55.0 54.01 -10.59 3.1
55.0 53.97 37.88 2.8
55.0 53.95 31.92 3.0
55.0 53.93 30.96 3.4
55.0 53.92 25.22 3.0
55.0 53.93 22.24 3.2
55.0 53.94 19.87 3.0
55.0 53.94 26.42 2.9
55.0 53.95 21.16 3.3
55.0 53.87 52.44 3.0
55.0 53.81 45.98 3.1
55.0 53.73 55.70 3.1
55.0 53.76 20.35 3.0
55.0 53.75 33.51 3.4
55.0 53.79 13.57 3.3
55.0 53.84 6.69 3.5
55.0 53.86 18.46 3.1
55.0 53.89 15.01 3.0
55.0 53.88 30.11 3.0
55.0 53.89 20.41 3.0
55.0 53.91 20.60 2.8
55.0 53.90 24.90 2.7
55.0 53.90 25.92 2.9
55.0 53.94 8.44 2.9
55.0 53.95 21.25 2.8
55.0 53.97 14.71 2.6
55.0 53.98 20.52 2.8
55.0 53.96 32.66 2.6
55.0 53.95 25.67 2.8
55.0 53.96 21.32 3.1
55.0 53.95 25.68 2.6
55.0 53.99 12.59 2.4
55.0 54.05 -1.27 2.6
55.0 54.08 10.73 2.5
55.0 54.07 22.93 2.4
55.0 54.02 38.34 2.3
55.0 54.02 22.27 2.7
55.0 54.02 21.30 2.7
55.0 54.04 15.84 2.4
55.0 54.04 23.42 2.5
55.0 54.05 16.05 2.4
55.0 54.08 12.23 2.4
55.0 54.09 17.78 2.5
55.0 54.10 17.90 2.3
55.0 54.05 38.69 2.4
55.0 54.05 21.65 2.4
55.0 53.99 43.10 2.2
55.0 54.00 15.23 2.9
55.0 54.02 16.84 2.6
55.0 54.01 26.70 2.2
55.0 54.02 16.88 2.5
55.0 54.04 17.09 2.4
55.0 54.02 26.97 2.7
55.0 54.05 11.87 2.9
55.0 54.07 17.46 2.2
55.0 54.09 10.99 2.6
55.0 54.14 2.24 2.2
55.0 54.12 28.28 2.3
55.0 54.11 24.19 2.0
55.0 54.10 22.60 2.2
55.0 54.14 7.61 2.3
55.0 54.11 28.49 2.4
55.0 54.13 11.70 2.2
55.0 54.24 -18.43 2.5
55.0 54.23 19.82 2.2
55.0 54.27 5.44 2.0
55.0 54.25 24.92 2.0
55.0 54.24 19.29 2.2
55.0 54.23 19.82 2.5
55.0 54.24 14.52 2.0
55.0 54.22 25.04 2.1
55.0 54.23 13.40 1.9
55.0 54.20 29.94 2.1
55.0 54.24 5.06 2.2
55.0 54.26 6.91 2.6
55.0 54.22 30.41 2.0
55.0 54.18 35.25 2.5
55.0 54.18 18.99 2.4
55.0 54.16 24.18 2.3
55.0 54.19 6.95 2.2
55.0 54.23 3.50 2.4
55.0 54.23 18.43 2.1
55.0 54.22 19.65 2.2
55.0 54.22 18.90 2.4
55.0 54.24 9.08 2.0
55.0 54.28 2.70 1.9
55.0 54.27 19.29 1.6
55.0 54.26 20.18 2.0
55.0 54.34 -11.50 1.6
55.0 54.31 26.26 1.9
55.0 54.28 25.87 1.6
55.0 54.28 14.32 2.0
55.0 54.29 15.94 2.0
55.0 54.28 19.92 2.0
55.0 54.27 19.75 1.8
55.0 54.23 30.51 1.9
55.0 54.22 19.66 2.5
55.0 54.22 19.60 2.1
55.0 54.27 -3.23 2.3
55.0 54.25 25.74 2.0
55.0 54.26 13.82 1.7
55.0 54.25 19.41 2.1
55.0 54.20 35.42 2.2
55.0 54.18 24.45 2.2
55.0 54.18 19.05 2.4
55.0 54.22 1.72 2.4
55.0 54.29 -10.95 2.1
55.0 54.28 21.51 2.2
55.0 54.30 8.80 2.1
55.0 54.29 20.08 2.0
55.0 54.30 8.90 2.0
55.0 54.35 -1.89 2.3
55.0 54.33 21.20 1.8
55.0 54.29 31.52 1.8
55.0 54.29 15.20 2.0
55.0 54.34 -0.51 1.8
55.0 54.32 21.05 2.0
55.0 54.31 20.44 2.1
55.0 54.26 31.03 2.2
55.0 54.29 9.68 2.0
55.0 54.35 -9.79 2.0
55.0 54.35 15.96 2.2
55.0 54.33 21.14 2.0
55.0 54.33 15.05 2.2
55.0 54.30 26.11 1.8
55.0 54.27 25.52 2.0
55.0 54.28 15.80 1.8
55.0 54.25 25.19 2.2
55.0 54.27 8.35 2.2
55.0 54.29 8.69 2.0
55.0 54.25 30.89 1.8
55.0 54.27 9.51 2.1
55.0 54.23 30.68 1.7
55.0 54.21 24.54 1.8
55.0 54.18 30.08 2.4
55.0 54.15 29.16 2.4
55.0 54.11 34.20 2.3
55.0 54.10 23.36 2.3
55.0 54.09 23.25 1.8
55.0 54.10 16.91 2.5
55.0 54.08 27.94 2.4
55.0 54.08 23.82 2.2
55.0 54.09 16.62 2.7
55.0 54.09 17.85 2.6
55.0 54.12 11.43 2.6
55.0 54.12 18.25 2.8
55.0 54.13 18.33 2.4
55.0 54.16 6.44 2.2
55.0 54.11 39.69 2.3
55.0 54.13 12.90 2.2
55.0 54.15 11.93 2.4
55.0 54.06 49.50 2.6
55.0 54.04 27.93 2.4
55.0 54.06 17.34 2.0
55.0 54.04 27.25 2.2
55.0 54.05 17.28 2.4
55.0 54.08 12.24 2.4
55.0 54.10 11.21 2.4
55.0 54.13 12.88 2.1
55.0 54.13 17.40 2.2
55.0 54.14 19.37 1.9
55.0 54.12 23.01 2.0
55.0 54.12 22.85 2.0
55.0 54.15 7.79 2.2
55.0 54.15 17.78 1.9
55.0 54.17 13.49 1.8
55.0 54.18 12.60 2.1
55.0 54.21 8.67 2.0
55.0 54.21 18.75 1.8
55.0 54.21 18.69 2.0
55.0 54.19 24.57 1.8
55.0 54.19 19.15 2.0
55.0 54.20 13.92 2.2
55.0 54.21 13.07 2.1
55.0 54.22 13.26 2.2
55.0 54.25 10.33 1.8
55.0 54.25 13.80 2.0
55.0 54.25 20.00 1.8
55.0 54.27 8.29 2.2
55.0 54.32 -2.44 1.9
55.0 54.29 25.99 1.8
55.0 54.28 19.94 1.8
55.0 54.27 20.29 1.8
55.0 54.32 -0.81 1.8
55.0 54.27 31.15 1.8
55.0 54.26 19.69 2.0
55.0 54.27 14.06 1.7
55.0 54.33 -4.28 1.7
55.0 54.32 20.62 1.9
55.0 54.29 25.98 2.1
55.0 54.28 20.43 1.8
55.0 54.25 25.22 1.8
55.0 54.27 9.53 2.4
55.0 54.26 19.18 2.0
55.0 54.28 10.74 1.9
55.0 54.29 14.38 1.7
55.0 54.26 25.38 1.6
55.0 54.27 14.88 1.9
55.0 54.32 -0.80 1.8
55.0 54.27 31.15 1.9
55.0 54.26 19.70 2.0
55.0 54.26 20.11 1.9
55.0 54.20 35.52 2.4
55.0 54.22 13.13 2.0
55.0 54.27 -1.46 2.2
55.0 54.23 30.56 2.1
55.0 54.27 4.01 1.8
55.0 54.32 -4.19 1.9
55.0 54.29 25.86 2.0
55.0 54.31 11.00 2.0
55.0 54.32 9.24 2.2
55.0 54.29 25.93 1.5
55.0 54.27 25.48 2.2
55.0 54.26 20.16 2.2
55.0 54.11 71.14 1.6
55.0 54.10 22.57 2.4
55.0 54.11 18.03 2.7
55.0 54.14 7.68 2.4
55.0 54.18 6.67 2.1
55.0 54.16 23.11 2.1
55.0 54.13 28.85 2.8
55.0 54.15 14.42 2.4
55.0 54.08 44.92 2.6
55.0 54.09 17.81 2.6
55.0 54.10 16.86 2.4
55.0 54.14 7.59 2.5
55.0 54.18 1.05 2.0
55.0 54.20 11.72 2.1
55.0 54.18 24.99 2.2
55.0 54.25 -9.37 2.2
55.0 54.23 24.85 2.0
55.0 54.20 30.07 2.0
55.0 54.18 24.45 3.3
55.0 54.18 19.05 2.3
55.0 54.22 1.72 2.3
55.0 54.20 24.00 2.2
55.0 54.20 20.10 1.6
55.0 54.20 18.56 2.2
55.0 54.20 19.28 2.4
55.0 54.16 29.39 2.2
55.0 54.12 34.51 2.2
55.0 54.10 28.25 2.3
55.0 54.03 44.09 2.6
55.0 54.11 -1.59 2.6
55.0 54.14 6.11 2.6
55.0 54.13 23.12 2.6
55.0 54.15 12.00 2.7
55.0 54.18 8.23 2.6
55.0 54.21 7.28 2.4
55.0 54.19 23.77 2.2
55.0 54.21 14.00 2.4
55.0 54.19 24.56 2.4
55.0 54.19 18.36 2.2
55.0 54.19 19.13 2.2
55.0 54.17 23.78 2.2
55.0 54.18 14.79 2.2
55.0 54.20 12.83 1.9
55.0 54.17 29.43 2.1
55.0 54.12 34.41 2.0
55.0 54.17 2.65 2.4
55.0 54.14 29.04 2.2
55.0 54.12 28.60 2.1
55.0 54.14 13.06 2.2
55.0 54.23 -13.04 2.4
55.0 54.21 24.88 2.2
55.0 54.18 29.80 2.1
55.0 54.18 19.02 2.4
55.0 54.15 29.39 2.3
55.0 54.24 -15.47 2.4
55.0 54.17 40.46 2.5
55.0 54.12 39.51 2.7
55.0 54.11 22.73 2.7
55.0 54.07 33.66 3.0
55.0 54.07 22.02 2.5
55.0 54.05 28.62 2.7
55.0 54.03 27.11 2.9
55.0 54.06 10.47 2.7
55.0 54.06 23.63 2.9
55.0 53.98 48.83 2.4
55.0 53.99 21.75 2.6
55.0 53.98 26.16 3.3
55.0 54.01 11.28 3.2
55.0 54.00 27.29 3.0
55.0 54.02 15.43 2.8
55.0 53.96 42.76 2.8
55.0 53.97 21.46 2.7
55.0 53.97 21.55 2.9
55.0 53.99 15.03 2.4
55.0 53.94 42.47 2.8
55.0 53.95 22.41 2.7
55.0 53.97 14.64 3.0
55.0 53.90 47.28 2.6
55.0 53.92 19.43 2.8
55.0 53.86 46.60 2.7
55.0 53.89 14.96 3.0
55.0 53.89 24.62 2.9
55.0 53.92 16.94 2.8
55.0 53.93 19.62 3.1
55.0 53.94 21.05 2.8
55.0 53.90 36.22 3.0
55.0 53.92 20.75 2.7
55.0 53.91 26.08 2.9
55.0 53.92 19.56 3.0
55.0 53.92 26.19 2.9
55.0 53.95 15.77 2.6
55.0 53.93 30.94 2.8
55.0 53.94 21.02 2.6
55.0 53.93 25.36 2.8
55.0 53.94 22.32 2.8
55.0 53.93 25.43 2.8
55.0 53.96 14.44 2.6
55.0 53.95 27.54 3.0
55.0 53.94 25.60 2.6
55.0 53.94 26.44 3.0
55.0 53.92 30.83 2.4
55.0 53.91 27.14 2.7
55.0 53.90 30.46 2.9
55.0 53.91 19.32 2.8
55.0 53.92 20.84 2.8
55.0 53.92 26.16 2.7
55.0 53.86 46.62 3.0
55.0 53.77 56.40 3.0
55.0 53.74 39.07 3.1
55.0 53.74 30.29 3.5
55.0 53.76 22.36 3.3
55.0 53.75 29.21 3.3
55.0 53.68 54.69 2.8
55.0 53.70 23.11 3.5
55.0 53.72 21.73 3.4
55.0 53.69 38.23 3.5
55.0 53.70 29.80 3.3
55.0 53.69 32.50 3.4
55.0 53.71 23.19 3.9
55.0 53.74 16.37 3.3
55.0 53.78 13.48 3.3
55.0 53.82 14.03 3.3
55.0 53.83 23.60 3.1
55.0 53.86 14.60 3.1
55.0 53.85 30.56 3.0
55.0 53.85 24.04 3.0
55.0 53.86 25.29 2.8
55.0 53.90 7.75 3.1
55.0 53.92 20.74 3.0
55.0 53.91 25.05 2.8
55.0 53.91 26.04 2.8
55.0 53.89 31.16 2.8
55.0 53.98 -8.27 2.7
55.0 53.97 26.88 2.6
55.0 53.99 14.99 3.2
55.0 53.99 22.92 3.0
55.0 54.01 15.36 2.8
55.0 54.01 21.11 2.8
55.0 53.97 37.61 2.7
55.0 53.93 37.08 2.6
55.0 53.91 31.47 2.8
55.0 53.97 3.14 2.9
55.0 53.96 25.05 2.8
55.0 53.92 37.38 2.6
55.0 53.95 14.29 2.8
55.0 53.94 26.51 2.7
55.0 53.92 31.58 2.6
55.0 53.92 26.17 2.9
55.0 53.84 52.03 2.5
55.0 53.85 23.94 3.0
55.0 53.82 36.24 2.6
55.0 53.84 18.16 3.0
55.0 53.86 19.99 3.0
55.0 53.86 24.21 2.9
55.0 53.78 56.07 2.8
55.0 53.79 24.36 3.0
55.0 53.80 23.11 3.1
55.0 53.81 24.61 3.2
55.0 53.86 9.14 3.3
55.0 53.86 24.18 3.0
55.0 53.85 29.64 3.0
55.0 53.84 29.45 3.0
55.0 53.83 31.25 2.9
55.0 53.83 23.70 3.0
55.0 53.87 14.68 2.9
55.0 53.88 20.30 2.8
55.0 53.86 35.39 3.0
55.0 53.84 30.47 3.1
55.0 53.75 61.50 2.8
55.0 53.78 20.50 2.6
55.0 53.70 55.14 3.3
55.0 53.73 16.27 3.0
55.0 53.72 34.06 3.2
55.0 53.74 23.60 3.4
55.0 53.79 8.23 3.5
55.0 53.82 16.03 2.9
55.0 53.82 24.84 2.8
55.0 53.82 30.08 3.0
55.0 53.81 28.93 3.4
55.0 53.90 -6.61 3.1
55.0 53.86 41.34 2.8
55.0 53.86 25.36 3.0
55.0 53.86 24.20 2.9
55.0 53.89 13.33 3.1
55.0 53.89 26.90 2.7
55.0 53.89 24.70 3.0
55.0 53.86 36.07 3.1
55.0 53.88 18.79 3.0
55.0 53.91 16.86 3.0
55.0 53.89 30.37 3.0
55.0 53.99 -13.85 3.1
55.0 54.00 22.95 3.0
55.0 54.00 21.93 3.1
55.0 53.96 37.44 2.7
55.0 53.95 25.74 2.4
55.0 53.93 31.70 3.0
55.0 53.94 21.10 3.0
55.0 53.94 25.44 2.9
55.0 53.93 26.32 3.7
55.0 53.87 46.77 3.0
55.0 53.84 35.76 2.9
55.0 53.86 18.44 3.1
55.0 53.85 29.60 3.2
55.0 53.82 36.24 3.0
55.0 53.87 7.21 3.5
55.0 53.90 13.47 2.9
55.0 53.90 24.84 3.0
55.0 53.93 15.52 3.1
55.0 53.97 10.65 3.0
55.0 53.94 31.27 2.7
55.0 53.91 36.73 3.0
55.0 53.95 10.42 2.3
55.0 53.94 25.59 2.9
55.0 53.97 16.07 2.4
55.0 53.94 31.88 2.7
55.0 53.94 26.44 2.6
55.0 53.96 14.49 2.8
55.0 54.10 -25.95 2.8
55.0 54.08 28.96 2.8
55.0 54.03 38.42 2.4
55.0 54.07 6.73 2.7
55.0 54.10 9.69 2.8
55.0 54.11 18.04 2.9
55.0 54.08 28.02 2.6
55.0 54.06 27.67 2.6
55.0 54.12 1.90 2.2
55.0 54.11 22.77 2.8
55.0 54.10 23.37 2.6
55.0 54.08 27.95 2.4
55.0 54.03 38.45 2.8
55.0 54.00 32.70 2.6
55.0 54.01 20.96 2.7
55.0 53.99 27.21 2.6
55.0 53.98 27.06 2.6
55.0 53.97 26.92 3.0
55.0 53.89 52.86 2.9
55.0 53.91 19.24 2.9
55.0 53.90 27.01 3.0
55.0 53.89 30.28 3.0
55.0 53.90 20.54 2.6
55.0 53.90 24.83 2.7
55.0 53.80 61.57 2.8
55.0 53.81 24.59 2.7
55.0 53.79 34.18 3.1
55.0 53.81 19.25 3.1
55.0 53.75 50.33 3.1
55.0 53.82 0.51 2.8
55.0 53.81 28.95 3.1
55.0 53.83 19.56 3.1
55.0 53.87 14.65 3.5
55.0 53.80 51.21 2.8
55.0 53.79 29.72 3.0
55.0 53.95 -28.12 3.2
55.0 53.93 31.63 3.2
55.0 53.86 46.72 3.3
55.0 53.84 35.09 3.3
55.0 53.84 26.33 3.7
55.0 53.85 23.91 3.3
55.0 53.86 18.53 3.2
55.0 53.84 35.72 3.1
55.0 53.84 25.09 3.1
55.0 53.88 14.78 3.5
55.0 53.89 18.98 3.1
55.0 53.88 31.78 3.2
55.0 53.88 24.43 2.8
55.0 53.88 24.44 3.3
55.0 53.88 25.59 3.1
55.0 53.94 4.79 2.6
55.0 53.93 25.38 2.9
55.0 53.94 19.86 2.9
55.0 53.94 25.45 2.6
55.0 53.99 7.46 3.0
55.0 54.01 13.87 2.8
55.0 54.01 22.06 2.7
55.0 53.95 42.72 2.6
55.0 53.99 10.98 2.6
55.0 53.99 21.85 2.6
55.0 54.00 20.83 2.5
55.0 53.99 27.11 2.5
55.0 53.99 21.80 2.7
55.0 53.89 57.68 2.6
55.0 53.88 30.14 2.6
55.0 53.91 15.24 2.7
55.0 53.85 46.49 2.8
55.0 53.84 29.43 3.0
55.0 53.81 35.38 3.2
55.0 53.81 29.93 3.3
55.0 53.78 34.18 3.2
55.0 53.81 19.25 3.2
55.0 53.93 -20.72 3.0
55.0 53.93 28.28 3.1
55.0 53.94 19.82 2.4
55.0 53.90 36.66 3.1
55.0 53.90 24.88 3.5
55.0 53.92 20.74 3.0
55.0 53.90 31.23 3.0
55.0 53.88 30.20 3.0
55.0 53.90 21.84 3.3
55.0 53.91 19.31 3.4
55.0 53.85 46.54 2.7
55.0 53.87 20.07 2.8
55.0 53.90 15.10 3.0
55.0 53.88 31.01 3.1
55.0 53.90 19.09 3.7
55.0 53.90 24.76 3.1
55.0 53.88 31.82 3.0
55.0 53.88 24.50 3.0
55.0 53.90 20.46 3.0
55.0 53.87 35.56 3.0
55.0 53.84 36.42 3.3
55.0 53.83 29.28 2.9
55.0 53.82 29.12 3.1
55.0 53.81 31.06 3.6
55.0 53.82 23.44 3.3
55.0 53.75 50.44 3.0
55.0 53.77 22.54 3.4
55.0 53.76 29.35 3.0
55.0 53.82 8.58 3.3
55.0 53.87 4.93 3.3
55.0 53.89 18.89 2.9
55.0 53.93 10.12 2.9
55.0 53.92 25.26 2.8
55.0 53.93 21.01 2.3
55.0 53.87 46.93 2.3
55.0 53.90 16.79 3.0
55.0 53.92 19.40 3.0
55.0 53.90 31.23 2.7
55.0 53.90 24.77 3.2
55.0 53.88 30.99 2.7
55.0 53.94 4.82 2.9
55.0 53.93 24.47 2.2
55.0 53.96 17.40 2.9
55.0 53.95 25.71 2.6
55.0 53.94 25.59 2.6
55.0 53.91 36.72 2.4
55.0 53.92 20.82 2.8
55.0 53.98 5.33 2.8
55.0 53.98 19.40 2.6
55.0 54.00 15.15 3.0
55.0 54.05 8.11 2.4
55.0 54.10 -2.48 2.5
55.0 54.10 23.28 2.4
55.0 54.08 27.85 2.2
55.0 54.07 23.77 2.6
55.0 54.07 22.01 2.4
55.0 54.05 27.38 2.3
55.0 54.03 27.75 2.6
55.0 54.02 27.54 2.6
55.0 53.99 32.51 2.6
55.0 54.05 -1.23 2.6
55.0 54.06 17.43 2.6
55.0 54.06 22.78 2.7
55.0 54.01 38.12 2.4
55.0 54.02 22.14 2.6
55.0 54.03 16.97 2.6
55.0 54.03 22.37 2.4
55.0 54.03 21.40 2.7
55.0 54.05 15.93 2.6
55.0 54.13 -6.52 2.9
55.0 54.12 22.96 2.4
55.0 54.13 18.31 2.3
55.0 54.06 44.54 2.2
55.0 54.07 17.53 2.6
55.0 54.04 33.19 2.4
55.0 54.02 26.94 2.6
55.0 54.02 23.24 2.6
55.0 54.02 21.27 2.7
55.0 53.95 48.30 2.1
55.0 54.00 5.73 2.9
55.0 54.01 20.97 2.9
55.0 54.01 22.05 2.6
55.0 54.03 15.58 2.3
55.0 54.05 11.88 2.8
55.0 54.04 27.83 2.5
55.0 54.05 16.03 2.6
55.0 54.08 12.21 2.5
55.0 54.10 11.18 2.4
55.0 54.11 19.09 2.2
55.0 54.09 28.06 2.3
55.0 54.02 43.92 3.1
55.0 54.02 23.25 2.4
55.0 54.02 21.29 2.9
55.0 54.04 17.09 2.6
55.0 54.05 16.07 2.6
55.0 54.07 18.59 2.4
55.0 54.08 16.46 2.4
55.0 54.01 43.75 2.4
55.0 54.04 11.74 2.4
55.0 54.10 1.65 2.5
55.0 54.11 17.02 2.4
55.0 54.10 22.60 2.3
55.0 54.11 17.01 2.4
55.0 54.10 24.09 2.2
55.0 54.06 33.34 2.5
55.0 54.08 17.59 2.4
55.0 54.09 16.62 2.4
55.0 54.09 17.85 2.4
55.0 54.16 -3.00 3.0
55.0 54.15 23.41 2.3
55.0 54.15 19.54 2.1
55.0 54.20 1.27 2.2
55.0 54.22 6.14 2.2
55.0 54.20 24.39 2.4
55.0 54.17 29.73 2.0
55.0 54.17 18.95 2.2
55.0 54.14 29.03 1.9
55.0 54.21 -2.37 2.3
55.0 54.19 24.57 2.2
55.0 54.17 23.83 2.3
55.0 54.22 3.26 2.1
55.0 54.21 18.11 2.0
55.0 54.19 25.13 2.0
55.0 54.24 1.94 2.4
55.0 54.23 18.47 2.1
55.0 54.22 19.68 2.0
55.0 54.20 24.81 2.1
55.0 54.17 29.73 2.6
55.0 54.16 23.59 2.0
55.0 54.19 8.33 2.2
55.0 54.22 7.40 2.2
55.0 54.26 0.68 2.0
55.0 54.23 24.90 1.9
55.0 54.23 19.73 1.6
55.0 54.22 18.99 2.0
55.0 54.19 29.96 2.1
55.0 54.19 18.38 2.1
55.0 54.19 19.94 2.1
55.0 54.17 23.80 2.3
55.0 54.20 8.49 1.8
55.0 54.18 23.58 1.9
55.0 54.18 19.09 2.6
55.0 54.23 3.39 2.1
55.0 54.19 29.80 2.0
55.0 54.16 29.56 1.9
55.0 54.16 18.81 2.1
55.0 54.22 -4.10 2.0
55.0 54.23 14.37 2.1
55.0 54.23 19.05 2.0
55.0 54.21 25.27 2.1
55.0 54.17 29.56 2.0
55.0 54.15 29.06 2.3
55.0 54.10 34.32 2.2
55.0 54.10 22.53 2.4
55.0 54.03 43.78 2.0
55.0 54.06 10.47 2.3
55.0 54.12 3.71 2.3
55.0 54.12 16.25 2.3
55.0 54.14 11.87 2.3
55.0 54.13 23.77 1.8
55.0 54.14 18.43 1.7
55.0 54.10 34.01 2.1
55.0 54.06 33.27 2.7
55.0 54.03 32.71 2.5
55.0 54.00 33.14 2.4
55.0 54.11 -17.78 2.5
55.0 54.05 38.81 2.6
55.0 54.04 27.83 2.7
55.0 54.04 22.44 2.6
55.0 54.06 10.53 2.6
55.0 54.05 27.36 2.7
55.0 54.06 18.53 2.6
55.0 54.12 -0.14 2.8
55.0 54.11 23.42 2.5
55.0 54.10 22.57 2.7
55.0 54.11 18.02 2.5
55.0 54.07 33.64 2.5
55.0 54.07 21.99 2.6
55.0 54.09 12.39 2.7
55.0 54.04 38.58 2.6
55.0 54.05 16.09 2.5
55.0 53.91 73.57 2.8
55.0 53.92 20.82 2.8
55.0 53.93 20.98 2.9
55.0 53.97 8.91 3.0
55.0 53.98 20.47 2.5
55.0 53.98 21.67 2.2
55.0 54.02 9.69 2.5
55.0 54.02 21.16 2.6
55.0 54.03 15.72 3.1
55.0 54.08 8.44 2.4
55.0 54.09 15.50 2.2
55.0 54.07 27.70 2.1
55.0 54.09 12.40 2.4
55.0 54.06 33.45 2.6
55.0 54.05 22.68 2.4
55.0 54.14 -11.34 2.8
55.0 54.11 28.90 2.3
55.0 54.08 34.00 2.2
55.0 54.10 11.15 2.4
55.0 54.09 23.24 2.2
55.0 54.07 28.33 2.4
55.0 54.08 17.69 2.0
55.0 54.05 33.07 2.8
55.0 54.11 -0.31 3.0
55.0 54.11 19.11 2.6
55.0 54.10 22.65 2.6
55.0 54.08 28.45 2.4
55.0 54.09 16.72 2.7
55.0 54.10 17.93 2.6
55.0 54.08 28.40 2.4
55.0 54.07 22.12 2.3
55.0 54.10 12.49 2.6
55.0 54.09 23.20 2.2
55.0 54.06 33.45 2.5
55.0 54.07 16.31 2.6
55.0 54.08 17.63 2.4
55.0 54.13 2.07 2.5
55.0 54.11 28.06 2.3
55.0 54.11 18.13 2.1
55.0 54.15 7.77 2.6
55.0 54.14 22.63 2.3
55.0 54.14 18.51 2.1
55.0 54.16 12.15 2.2
55.0 54.18 14.68 2.0
55.0 54.18 18.17 2.3
55.0 54.28 -20.65 1.9
55.0 54.24 30.73 2.3
55.0 54.19 35.32 2.2
55.0 54.19 19.17 2.0
55.0 54.26 -9.27 2.2
55.0 54.25 20.06 2.6
55.0 54.20 35.48 2.4
55.0 54.17 29.46 2.5
55.0 54.17 18.91 1.4
55.0 54.10 44.69 2.6
55.0 54.09 23.20 2.6
55.0 54.00 54.69 2.7
55.0 54.00 20.88 2.7
55.0 54.05 8.12 2.9
55.0 54.05 20.75 2.8
55.0 54.07 12.15 2.9
55.0 54.10 11.11 2.8
55.0 54.11 18.02 2.8
55.0 54.10 23.30 2.4
55.0 54.06 33.30 2.6
55.0 54.04 27.93 2.5
55.0 54.01 32.86 2.6
55.0 53.97 37.61 2.2
55.0 53.95 31.35 2.8
55.0 53.94 26.49 2.9
55.0 53.92 31.57 3.0
55.0 53.92 25.15 3.0
55.0 53.89 36.40 2.7
55.0 53.90 20.53 3.0
55.0 53.91 19.37 2.9
55.0 53.94 15.68 3.0
55.0 53.93 25.42 2.6
55.0 53.94 22.35 2.8
55.0 53.91 36.30 3.1
55.0 53.91 25.98 2.9
55.0 53.89 30.32 3.0
55.0 53.93 10.17 2.9
55.0 53.94 21.11 2.8
55.0 53.92 30.88 2.8
55.0 54.02 -10.47 2.8
55.0 54.04 18.27 2.8
55.0 53.99 37.75 3.4
55.0 54.01 16.68 3.0
55.0 54.07 1.21 2.7
55.0 54.05 27.46 2.6
55.0 54.04 27.17 2.8
55.0 54.03 21.46 2.5
55.0 54.08 8.45 3.0
55.0 54.06 27.05 2.5
55.0 54.11 1.82 2.7
55.0 54.13 10.42 2.5
55.0 54.11 29.30 2.4
55.0 54.12 17.15 2.3
55.0 54.09 28.16 2.3
55.0 54.16 -3.01 2.8
55.0 54.18 13.59 2.2
55.0 54.16 24.19 2.2
55.0 54.09 45.07 2.6
55.0 54.06 33.44 2.4
55.0 54.02 33.00 2.4
55.0 54.00 32.15 2.8
55.0 54.07 -4.25 2.8
55.0 54.05 28.05 2.7
55.0 54.07 17.45 2.4
55.0 54.06 21.93 2.6
55.0 54.06 21.87 2.4
55.0 54.07 18.65 2.6
55.0 54.08 16.54 2.6
55.0 54.08 22.99 2.6
55.0 54.11 5.63 2.4
55.0 54.14 11.74 2.5
55.0 54.12 23.68 2.5
55.0 54.07 39.12 2.2
55.0 54.08 17.68 2.5
55.0 54.05 33.33 2.4
55.0 54.03 27.10 2.3
55.0 54.03 22.36 2.0
55.0 54.03 22.36 2.6
55.0 54.03 22.36 2.8
55.0 54.05 15.93 2.8
55.0 54.04 22.54 2.0
55.0 54.04 22.52 2.5
55.0 54.04 21.56 2.3
55.0 54.02 27.66 2.4
55.0 54.01 26.75 2.6
55.0 54.03 18.17 2.6
55.0 54.01 26.78 2.7
55.0 54.01 21.11 2.6
55.0 53.94 47.83 2.3
55.0 53.95 21.26 2.6
55.0 53.92 36.83 2.7
55.0 53.94 14.16 2.8
55.0 53.98 12.52 2.8
55.0 53.99 20.61 2.6
55.0 53.97 26.13 2.6
55.0 53.98 21.65 2.6
55.0 53.99 21.72 3.0
55.0 54.00 16.59 2.6
55.0 53.98 31.85 2.6
55.0 53.98 20.57 2.7
55.0 53.96 32.70 2.8
55.0 53.95 25.72 2.8
55.0 53.89 47.03 3.1
55.0 53.89 24.60 3.1
55.0 53.90 20.53 2.5
55.0 53.91 20.71 2.8
55.0 53.91 25.02 3.0
55.0 53.94 17.17 2.8
55.0 53.95 19.94 2.9
55.0 53.93 31.62 2.6
55.0 53.92 25.20 2.9
55.0 53.93 20.98 2.8
55.0 53.97 10.71 2.8
55.0 53.95 31.33 2.2
55.0 53.93 31.64 2.6
55.0 53.94 21.05 2.7
55.0 53.95 19.94 2.1
55.0 53.95 21.29 2.8
55.0 53.93 31.08 2.8
55.0 53.94 22.35 2.8
55.0 53.91 36.30 2.6
55.0 53.93 15.61 2.7
55.0 53.96 14.44 2.8
55.0 53.97 21.45 2.8
55.0 53.93 37.00 2.4
55.0 53.95 14.34 2.2
55.0 53.95 27.48 2.6
55.0 53.93 30.95 2.9
55.0 53.99 -2.21 3.2
55.0 54.00 21.90 2.8
55.0 54.03 11.54 2.4
55.0 54.03 22.35 2.6
55.0 54.04 15.92 2.7
55.0 54.06 16.14 2.6
55.0 54.05 23.59 2.2
55.0 54.04 27.21 2.4
55.0 54.04 22.45 2.4
55.0 54.02 26.93 2.6
55.0 54.05 13.31 2.6
55.0 54.03 27.16 2.7
55.0 54.05 15.99 2.2
55.0 54.03 28.44 2.4
55.0 54.00 32.28 2.7
55.0 53.99 27.18 2.7
55.0 53.98 26.22 2.4
55.0 53.97 26.89 2.7
55.0 54.01 11.19 2.7
55.0 54.01 21.00 2.6
55.0 53.97 37.53 2.6
55.0 54.02 5.91 2.6
55.0 54.00 26.62 2.6
55.0 53.99 26.41 2.6
55.0 54.04 4.33 2.4
55.0 54.05 17.27 2.5
55.0 54.05 21.73 2.2
55.0 54.06 17.41 2.4
55.0 54.03 33.09 2.4
55.0 53.99 37.66 2.4
55.0 54.02 11.40 2.6
55.0 54.02 21.23 2.7
55.0 54.01 28.16 2.6
55.0 53.97 37.30 2.6
55.0 53.96 25.84 2.6
55.0 53.91 42.02 2.9
55.0 53.92 20.80 3.3
55.0 53.93 20.95 2.8
55.0 53.95 14.37 2.6
55.0 54.02 0.51 2.8
55.0 53.96 42.89 2.6
55.0 53.97 20.36 2.8
55.0 53.93 37.06 2.2
55.0 54.00 -2.10 2.6
55.0 54.02 18.08 3.1
55.0 54.00 26.64 2.7
55.0 53.96 37.26 2.6
55.0 53.98 17.71 3.0
55.0 53.97 26.13 2.7
55.0 53.99 16.46 3.0
55.0 54.00 20.83 2.6
55.0 54.00 21.95 2.4
55.0 53.98 32.31 2.8
55.0 53.97 25.97 2.7
55.0 53.96 26.71 2.6
55.0 54.02 0.55 2.6
55.0 54.05 10.33 2.7
55.0 54.04 27.18 2.4
55.0 54.02 26.92 2.5
55.0 54.04 18.28 2.2
55.0 54.02 26.92 2.6
55.0 53.99 32.56 2.5
55.0 54.08 -12.28 2.5
55.0 54.04 38.61 2.7
55.0 54.04 22.42 3.2
55.0 54.06 10.51 2.8
55.0 54.06 23.65 3.0
55.0 54.03 32.72 2.6
55.0 54.06 11.92 2.6
55.0 54.03 32.67 2.6
55.0 54.10 -3.87 3.1
55.0 54.06 33.55 2.6
55.0 54.05 27.34 2.8
55.0 54.04 22.54 2.3
55.0 54.06 17.33 2.8
55.0 54.02 32.66 2.4
55.0 53.97 42.87 2.6
55.0 53.97 21.56 3.0
55.0 53.98 21.64 2.9
55.0 53.98 20.59 2.7
55.0 53.99 20.67 2.6
55.0 54.01 17.95 2.6
55.0 54.01 21.03 2.8
55.0 53.98 32.42 2.6
55.0 53.97 26.09 2.8
55.0 53.96 27.68 3.1
55.0 53.93 36.62 3.1
55.0 53.91 30.65 3.3
55.0 53.98 -0.08 3.0
55.0 53.97 26.87 2.8
55.0 53.96 26.75 2.8
55.0 53.97 20.31 2.6
55.0 53.96 25.86 3.0
55.0 53.97 22.61 2.6
55.0 53.96 25.83 2.7
55.0 53.95 26.61 2.8
55.0 53.94 26.52 2.8
55.0 53.97 16.07 3.0
55.0 53.90 47.43 2.9
55.0 53.88 30.25 2.8
55.0 53.80 56.03 2.4
55.0 53.82 17.80 3.0
55.0 53.92 -6.44 3.2
55.0 53.84 51.98 3.1
55.0 53.85 25.13 3.1
55.0 53.85 25.19 3.3
55.0 53.90 7.63 3.1
55.0 53.89 24.75 3.0
55.0 53.91 20.64 3.3
55.0 53.93 14.03 3.0
55.0 53.86 51.91 3.0
55.0 53.88 20.18 3.0
55.0 53.91 15.20 3.1
55.0 53.89 30.31 2.9
55.0 53.89 25.73 3.1
55.0 53.89 25.73 3.0
55.0 53.77 67.47 3.0
55.0 53.80 19.10 3.4
55.0 53.78 34.07 3.3
55.0 53.82 15.85 3.2
55.0 53.84 18.09 3.2
55.0 53.86 18.42 3.1
55.0 53.88 20.17 3.3
55.0 53.93 4.76 2.8
55.0 53.91 30.76 2.9
55.0 53.93 19.60 2.7
55.0 53.97 8.82 2.8
55.0 53.97 21.54 2.8
55.0 53.99 15.02 2.5
55.0 53.98 27.04 2.8
55.0 53.96 32.06 2.8
55.0 53.98 16.24 2.8
55.0 53.98 20.59 2.8
55.0 53.97 26.11 2.6
55.0 53.99 17.80 3.1
55.0 53.91 53.19 2.6
55.0 53.92 20.85 2.4
55.0 53.95 14.26 3.0
55.0 53.94 26.49 2.6
55.0 53.95 21.23 2.8
55.0 53.86 57.84 2.3
55.0 53.87 20.17 3.0
55.0 53.85 35.85 3.0
55.0 53.85 25.21 2.9
55.0 53.91 2.15 2.9
55.0 53.89 30.42 2.8
55.0 53.89 25.82 2.7
55.0 53.86 35.54 3.0
55.0 53.89 15.06 3.1
55.0 53.91 20.64 2.6
55.0 53.91 24.94 3.0
55.0 53.89 31.11 3.3
55.0 53.89 24.64 2.4
55.0 53.82 51.24 2.8
55.0 53.87 7.12 2.4
55.0 53.90 11.61 3.0
55.0 53.91 20.67 2.8
55.0 53.89 31.17 2.4
55.0 53.85 41.21 3.2
55.0 53.90 7.63 3.0
55.0 53.90 23.68 3.0
55.0 53.89 26.90 2.8
55.0 53.88 30.14 3.2
55.0 53.89 20.43 3.0
55.0 53.92 15.43 2.7
55.0 53.93 20.98 2.8
55.0 53.93 25.31 2.8
55.0 53.94 19.79 2.2
55.0 53.98 12.48 2.8
55.0 53.98 20.54 2.5
55.0 53.96 32.06 2.6
55.0 53.96 20.25 2.3
55.0 54.00 11.11 2.8
55.0 53.97 32.30 2.6
55.0 53.96 25.96 2.9
55.0 53.97 21.53 2.5
55.0 53.99 16.41 2.6
55.0 54.01 16.67 2.6
55.0 54.01 21.07 2.7
55.0 54.01 21.10 2.5
55.0 54.03 18.20 2.4
55.0 54.00 32.24 3.1
55.0 53.99 27.15 2.6
55.0 53.98 27.00 3.0
55.0 54.01 9.63 2.4
55.0 53.97 37.38 2.7
55.0 53.96 25.91 2.4
55.0 53.91 42.27 3.0
55.0 53.88 35.81 2.6
55.0 53.89 19.05 2.8
55.0 53.89 25.81 2.8
55.0 53.85 41.20 2.9
55.0 53.88 14.87 2.9
55.0 53.87 29.95 3.0
55.0 53.93 4.66 2.8
55.0 53.94 19.79 2.8
55.0 53.96 14.49 1.9
55.0 54.01 5.85 2.8
55.0 54.01 21.10 2.4
55.0 54.00 27.32 2.6
55.0 53.99 26.37 2.7
55.0 53.98 26.19 2.4
55.0 53.97 27.74 2.6
55.0 53.99 14.97 2.6
55.0 53.96 32.17 2.5
55.0 53.99 14.90 3.0
55.0 54.00 16.59 3.0
55.0 54.02 16.83 2.6
55.0 54.04 15.78 2.2
55.0 54.04 22.43 2.3
55.0 54.01 32.75 2.6
55.0 54.01 22.05 2.6
55.0 54.08 -6.47 2.0
55.0 54.08 22.22 2.4
55.0 54.09 18.85 2.2
55.0 53.97 65.29 1.9
55.0 53.92 42.14 2.6
55.0 53.93 20.91 2.9
55.0 53.95 14.32 3.0
55.0 53.96 21.36 2.8
55.0 53.94 31.16 2.8
55.0 53.93 27.33 2.7
55.0 53.94 19.86 2.8
55.0 53.95 21.24 2.9
55.0 53.92 36.42 2.5
55.0 53.99 0.01 2.9
55.0 53.99 20.68 2.6
55.0 53.99 20.75 2.6
55.0 54.01 16.69 2.6
55.0 54.01 22.11 3.0
55.0 54.03 15.66 2.8
55.0 54.04 17.15 2.4
55.0 54.03 27.70 2.4
55.0 54.03 22.32 2.6
55.0 54.15 -22.93 2.3
55.0 54.12 28.99 3.1
55.0 54.17 4.30 2.6
55.0 54.14 28.76 2.5
55.0 54.12 28.92 2.0
55.0 54.14 11.75 2.4
55.0 54.14 19.42 2.2
55.0 54.14 17.62 2.3
55.0 54.12 28.58 2.2
55.0 54.08 33.78 2.4
55.0 54.09 17.78 2.6
55.0 54.08 23.09 2.5
55.0 54.12 5.75 2.5
55.0 54.14 10.55 2.4
55.0 54.14 19.48 2.2
55.0 54.13 23.16 2.2
55.0 54.15 13.25 2.2
55.0 54.30 -34.31 2.6
55.0 54.29 21.09 2.4
55.0 54.34 -2.11 2.8
55.0 54.34 15.20 2.3
55.0 54.31 26.37 2.6
55.0 54.29 20.18 2.4
55.0 54.21 46.24 2.2
55.0 54.18 29.58 2.6
55.0 54.15 29.36 2.6
55.0 54.13 23.82 2.5
55.0 54.15 12.05 2.6
55.0 54.16 18.71 2.4
55.0 54.14 23.93 2.7
55.0 54.12 28.57 2.7
55.0 54.08 33.77 2.0
55.0 54.09 17.77 2.7
55.0 54.05 33.42 2.2
55.0 54.07 16.28 2.6
55.0 54.06 22.80 2.7
55.0 54.07 17.56 2.7
55.0 54.07 22.05 2.6
55.0 54.05 28.02 2.6
55.0 54.11 -0.28 2.6
55.0 54.10 24.08 2.6
55.0 54.11 16.98 2.6
55.0 54.13 11.62 2.5
55.0 54.13 18.40 2.9
55.0 54.12 23.65 2.6
55.0 54.13 18.32 2.6
55.0 54.12 22.89 2.6
55.0 54.09 29.13 2.0
55.0 54.07 27.82 2.2
55.0 54.08 16.59 1.6
55.0 54.11 12.62 2.5
55.0 54.06 38.79 2.4
55.0 54.04 27.85 2.4
55.0 53.97 48.54 2.1
55.0 53.93 36.66 2.6
55.0 53.97 12.38 3.1
55.0 53.99 14.95 2.8
55.0 54.04 6.19 2.9
55.0 54.05 14.76 2.8
55.0 54.03 27.78 3.0
55.0 54.02 27.57 1.9
55.0 54.09 -6.32 2.4
55.0 54.10 18.99 2.6
55.0 54.09 22.48 2.6
55.0 54.13 7.52 2.4
55.0 54.14 16.53 2.4
55.0 54.11 28.86 2.4
55.0 54.09 28.54 2.1
55.0 54.07 27.72 2.6
55.0 54.15 -8.62 2.8
55.0 54.07 49.57 1.6
55.0 54.05 27.40 2.6
55.0 54.06 17.40 2.8
55.0 54.07 16.41 2.3
55.0 54.10 13.82 2.7
55.0 54.00 54.80 2.4
55.0 54.05 4.53 2.9
55.0 54.08 10.76 2.6
55.0 54.09 17.76 2.4
55.0 54.10 17.88 2.4
55.0 54.03 44.06 2.0
55.0 54.09 3.42 2.6
55.0 54.10 15.76 2.5
55.0 54.12 11.50 2.2
55.0 54.13 18.30 2.2
55.0 54.16 7.93 2.2
55.0 54.10 39.67 2.0
55.0 54.10 22.52 2.2
55.0 54.09 22.41 2.4
55.0 54.03 43.54 1.7
55.0 54.03 21.32 2.6
55.0 54.08 1.41 2.0
55.0 54.09 15.66 2.4
55.0 54.09 23.15 2.1
55.0 54.11 12.67 2.9
55.0 54.13 11.68 2.1
55.0 54.15 13.23 2.3
55.0 54.18 8.24 2.1
55.0 54.21 5.87 2.1
55.0 54.16 35.05 1.6
55.0 54.16 17.99 2.2
55.0 54.17 19.71 2.0
55.0 54.17 18.02 2.2
55.0 54.15 24.07 2.2
55.0 54.14 23.90 2.1
55.0 54.13 23.09 2.2
55.0 54.12 23.60 1.9
55.0 54.11 22.76 2.2
55.0 54.13 14.20 2.3
55.0 54.16 6.50 2.7
55.0 54.14 28.67 2.2
55.0 54.13 23.70 2.0
55.0 54.15 13.16 2.0
55.0 54.10 34.14 1.8
55.0 54.11 17.08 2.2
55.0 54.10 22.65 2.7
55.0 54.13 14.13 2.1
55.0 54.12 22.86 2.1
55.0 54.11 23.43 2.4
55.0 54.06 38.79 2.3
55.0 54.10 7.04 2.5
55.0 54.10 15.89 2.3
55.0 54.10 22.54 2.4
55.0 54.09 23.99 2.2
55.0 54.10 16.85 2.3
55.0 54.11 18.02 1.8
55.0 54.10 22.56 2.4
55.0 54.09 23.22 2.1
55.0 54.07 28.30 2.2
55.0 54.20 -27.90 2.2
55.0 54.17 29.94 2.6
55.0 54.15 24.10 1.5
55.0 54.14 23.92 2.6
55.0 54.10 33.98 3.0
55.0 54.05 38.72 2.4
55.0 54.03 27.79 3.0
55.0 54.05 15.98 3.0
55.0 54.05 22.58 2.7
55.0 54.06 17.36 2.8
55.0 54.06 21.83 2.2
55.0 54.04 27.85 2.8
55.0 54.02 26.96 2.7
55.0 53.99 33.10 2.8
55.0 54.03 9.89 3.1
55.0 53.98 37.55 2.7
55.0 53.96 32.10 2.8
55.0 53.98 16.27 2.9
55.0 53.97 26.91 2.9
55.0 53.96 25.92 2.7
55.0 53.98 16.31 2.8
55.0 53.97 26.94 2.8
55.0 53.96 25.95 2.7
55.0 54.02 5.89 2.8
55.0 54.02 21.15 2.6
55.0 54.05 11.77 2.6
55.0 54.05 21.64 2.2
55.0 54.06 16.15 2.4
55.0 54.04 28.53 2.2
55.0 54.01 32.41 2.4
55.0 54.10 -9.34 2.4
55.0 54.08 27.92 2.6
55.0 54.07 23.80 2.9
55.0 54.07 22.06 2.3
55.0 54.09 11.04 2.9
55.0 54.09 23.16 2.5
55.0 54.11 12.68 2.4
55.0 54.10 23.38 2.6
55.0 54.10 22.51 2.6
55.0 54.07 28.35 2.9
55.0 54.11 7.27 2.4
55.0 54.08 33.45 2.4
55.0 54.03 38.40 2.4
55.0 54.03 22.32 2.2
55.0 54.03 21.35 2.6
55.0 54.03 22.33 2.4
55.0 54.03 21.36 2.5
55.0 54.04 18.35 2.5
55.0 54.03 27.03 2.4
55.0 54.09 1.43 2.0
55.0 54.08 21.45 2.4
55.0 54.08 22.98 2.6
55.0 54.06 28.09 2.4
55.0 54.04 27.23 3.0
55.0 53.95 53.22 1.9
55.0 53.93 31.68 2.6
55.0 53.93 25.28 2.7
55.0 53.94 21.03 2.5
55.0 53.95 21.16 2.7
55.0 53.97 16.08 3.0
55.0 53.96 25.86 3.0
55.0 53.98 14.83 2.8
55.0 53.99 22.83 3.1
55.0 54.00 15.23 2.8
55.0 54.01 22.03 2.4
55.0 54.08 -6.49 2.8
55.0 54.05 33.69 2.4
55.0 54.03 27.11 2.1
55.0 54.13 -17.26 3.0
55.0 54.07 43.99 2.6
55.0 54.08 17.62 3.1
55.0 54.13 2.06 2.8
55.0 54.11 28.04 2.6
55.0 54.10 23.31 2.5
55.0 54.08 28.39 2.4
55.0 54.09 16.65 2.0
55.0 54.07 28.24 2.6
55.0 54.09 12.41 3.0
55.0 54.07 28.31 2.4
55.0 54.01 43.68 2.3
55.0 54.04 10.11 2.8
55.0 54.02 28.35 2.4
55.0 54.01 26.74 2.9
55.0 54.09 -4.05 3.3
55.0 54.09 16.78 2.5
55.0 54.10 17.97 2.8
55.0 54.07 33.60 2.6
55.0 54.06 21.94 2.8
55.0 54.09 12.36 2.6
55.0 54.05 33.42 2.5
55.0 54.07 16.28 2.6
55.0 54.05 27.97 2.3
55.0 54.06 17.38 2.6
55.0 54.06 22.73 2.5
55.0 54.05 21.80 2.5
55.0 54.14 -8.79 2.4
55.0 54.13 23.73 2.5
55.0 54.13 17.45 2.5
55.0 54.11 28.83 2.5
55.0 54.06 38.87 2.8
55.0 54.04 28.52 2.7
55.0 54.05 16.07 2.9
55.0 54.07 16.28 2.6
55.0 54.08 17.60 2.9
55.0 54.13 2.05 2.4
55.0 54.08 39.21 2.7
55.0 54.04 32.97 2.5
55.0 53.98 43.07 2.6
55.0 54.02 9.72 2.1
55.0 53.99 31.66 2.7
55.0 54.01 16.65 2.1
55.0 53.92 52.83 2.6
55.0 53.92 26.18 3.0
55.0 53.92 25.12 3.7
55.0 53.88 35.89 2.9
55.0 53.90 21.86 3.3
55.0 53.94 8.40 2.9
55.0 53.91 36.27 2.8
55.0 53.90 24.91 2.8
55.0 53.92 20.75 3.0
55.0 53.93 20.92 3.1
55.0 54.00 -2.18 2.7
55.0 53.94 42.51 2.6
55.0 53.95 21.24 2.7
55.0 53.96 21.35 2.7
55.0 53.97 20.27 2.8
55.0 53.96 26.71 3.0
55.0 53.96 21.43 2.6
55.0 53.97 20.36 2.8
55.0 54.02 5.96 2.7
55.0 53.99 32.10 2.4
55.0 54.00 20.80 2.7
55.0 53.94 42.50 2.6
55.0 53.96 14.55 2.6
55.0 53.97 22.67 3.3
55.0 53.95 31.34 2.5
55.0 53.96 20.11 3.1
55.0 53.96 21.42 2.8
55.0 53.97 21.51 2.7
55.0 54.01 11.19 2.6
55.0 54.02 15.53 2.6
55.0 54.02 23.24 2.4
55.0 54.02 21.27 2.2
55.0 54.01 26.72 3.0
55.0 54.06 6.45 2.4
55.0 54.05 21.77 2.4
55.0 54.06 17.44 2.6
55.0 54.05 27.36 2.3
55.0 54.04 21.64 2.4
55.0 54.01 33.31 2.5
55.0 53.94 48.16 2.9
55.0 53.95 21.26 2.7
55.0 54.05 -12.91 2.6
55.0 54.03 29.14 2.7
55.0 54.05 15.94 3.3
55.0 54.06 16.16 2.7
55.0 54.03 33.04 2.6
55.0 54.01 27.48 2.6
55.0 54.04 11.72 2.2
55.0 54.09 5.14 2.6
55.0 54.08 22.24 2.4
55.0 54.08 22.98 2.6
55.0 54.11 5.62 2.6
55.0 54.09 28.13 2.4
55.0 54.10 17.93 2.4
55.0 54.14 6.01 3.0
55.0 54.11 28.47 2.3
55.0 54.12 17.17 2.4
55.0 54.08 34.04 2.4
55.0 54.12 5.70 2.0
55.0 54.11 22.06 2.4
55.0 54.09 28.52 2.4
55.0 54.07 28.24 1.6
55.0 54.05 27.98 2.5
55.0 54.03 27.11 2.8
55.0 54.03 22.37 2.6
55.0 53.99 37.83 2.2
55.0 53.98 26.17 2.4
55.0 53.97 26.86 2.4
55.0 53.97 21.57 2.7
55.0 53.99 16.45 2.5
55.0 54.00 20.83 2.6
55.0 53.99 26.33 2.5
55.0 53.99 22.88 2.4
55.0 53.98 26.21 2.8
55.0 53.97 26.89 2.6
55.0 53.96 25.90 2.6
55.0 53.98 16.29 2.6
55.0 54.03 6.12 2.8
55.0 54.02 26.19 2.6
55.0 54.03 16.99 2.4
55.0 54.02 27.55 2.5
55.0 53.98 37.65 2.5
55.0 53.98 20.53 2.6
55.0 54.06 -4.43 3.0
55.0 53.98 48.40 2.5
55.0 53.99 20.66 2.5
55.0 54.01 16.63 2.7
55.0 54.02 16.86 2.6
55.0 54.08 -0.69 2.6
55.0 54.05 33.34 2.4
55.0 54.05 21.67 2.0
55.0 54.07 13.56 2.6
55.0 54.07 22.06 2.5
55.0 54.07 22.85 2.4
55.0 54.12 -0.05 2.7
55.0 54.10 28.66 2.4
55.0 54.09 23.19 2.4
55.0 54.08 22.31 2.4
55.0 54.06 28.20 2.4
55.0 54.06 22.78 3.0
55.0 54.06 21.85 2.5
55.0 54.08 12.29 2.6
55.0 54.03 38.49 2.5
55.0 54.06 12.00 2.5
55.0 54.07 16.43 2.5
55.0 53.94 70.36 3.0
55.0 53.95 22.43 2.7
55.0 53.94 25.58 2.8
55.0 54.03 -4.90 2.8
55.0 54.07 4.85 2.8
55.0 54.05 28.02 2.8
55.0 54.05 21.70 2.8
55.0 54.03 27.11 2.6
55.0 54.05 17.18 2.5
55.0 54.03 27.73 2.5
55.0 54.02 27.53 2.7
55.0 54.00 26.60 2.8
55.0 54.01 22.00 2.6
55.0 53.98 32.36 2.6
55.0 53.97 26.02 3.2
55.0 53.99 16.38 2.8
55.0 53.92 47.52 2.5
55.0 53.93 20.98 2.5
55.0 53.91 30.73 3.0
55.0 53.92 19.57 3.0
55.0 53.91 32.11 2.8
55.0 53.89 30.33 3.0
55.0 53.83 46.25 2.4
55.0 53.85 18.30 3.0
55.0 53.83 35.55 3.1
55.0 53.85 19.76 3.1
55.0 53.84 29.39 3.5
55.0 53.85 21.37 3.1
55.0 53.76 61.67 3.1
55.0 53.78 17.15 3.0
55.0 53.79 24.42 3.4
55.0 53.82 19.37 3.1
55.0 53.85 14.47 3.1
55.0 53.86 24.09 3.1
55.0 53.86 25.33 2.9
55.0 53.88 20.19 2.8
55.0 53.86 29.87 3.0
55.0 53.89 15.04 3.2
55.0 53.89 24.71 3.1
55.0 53.92 16.99 2.9
55.0 53.92 25.13 3.0
55.0 53.93 19.63 2.9
55.0 53.95 15.87 2.8
55.0 54.03 -4.78 3.0
55.0 54.03 22.40 2.6
55.0 54.05 15.97 2.6
55.0 54.13 -6.49 2.4
55.0 54.12 22.99 2.5
55.0 54.10 28.27 2.7
55.0 54.09 23.23 2.5
55.0 54.09 23.14 2.2
55.0 54.12 7.42 2.6
55.0 54.11 22.17 2.4
55.0 54.09 28.14 2.5
55.0 54.09 23.93 2.3
55.0 54.11 11.29 2.4
55.0 54.10 23.34 2.6
55.0 54.09 22.48 2.5
55.0 54.06 33.48 2.4
55.0 54.00 43.29 2.3
55.0 54.00 20.88 2.8
55.0 53.99 27.96 2.7
55.0 53.96 31.61 2.8
55.0 54.09 -20.57 2.8
55.0 54.07 28.26 3.0
55.0 54.02 38.29 2.7
55.0 53.98 37.70 2.8
55.0 54.00 15.11 3.1
55.0 54.00 21.94 2.8
55.0 54.00 21.98 2.8
55.0 53.92 53.34 3.3
55.0 54.02 -10.49 3.1
55.0 53.96 42.79 2.7
55.0 53.97 22.64 2.5
55.0 53.95 31.30 3.0
55.0 53.95 21.29 3.3
55.0 53.95 26.57 3.3
55.0 53.94 25.54 2.9
55.0 53.95 21.22 2.5
55.0 53.97 14.67 3.1
55.0 54.02 7.83 2.9
55.0 54.04 14.49 2.7
55.0 54.02 26.94 2.5
55.0 53.99 32.57 2.6
55.0 54.00 21.88 2.6
55.0 53.97 32.26 2.4
55.0 53.98 20.47 2.7
55.0 54.03 4.11 2.6
55.0 54.03 22.30 2.7
55.0 54.04 15.86 2.6
55.0 54.05 17.30 2.2
55.0 54.05 21.76 2.5
55.0 54.06 18.58 2.2
55.0 54.05 27.36 2.4
55.0 54.03 27.08 2.5
55.0 54.00 33.17 2.5
55.0 53.96 37.20 2.0
55.0 53.97 21.47 2.7
55.0 53.90 47.43 3.0
55.0 53.91 20.72 3.1
55.0 53.94 15.69 2.4
55.0 53.93 25.43 2.7
55.0 54.02 -5.01 2.4
55.0 54.00 27.36 2.8
55.0 53.99 27.19 2.3
55.0 53.97 31.66 2.8
55.0 53.97 20.40 3.1
55.0 53.96 27.68 3.0
55.0 53.97 20.36 2.6
55.0 53.95 31.92 2.3
55.0 53.93 31.63 3.4
55.0 53.95 14.31 2.7
55.0 53.94 26.53 2.8
55.0 53.97 14.59 2.8
55.0 53.94 32.54 3.5
55.0 53.94 25.50 2.8
55.0 53.92 30.83 2.3
55.0 53.84 51.71 3.2
55.0 53.86 19.99 3.0
55.0 53.88 20.23 3.0
55.0 53.92 8.09 3.0
55.0 53.92 25.16 3.0
55.0 53.94 15.75 2.8
55.0 53.94 25.50 2.8
55.0 53.98 10.79 2.8
55.0 54.01 9.61 3.1
55.0 53.93 52.87 2.9
55.0 53.97 8.83 2.6
55.0 53.96 24.97 2.9
55.0 53.98 17.64 2.8
55.0 54.00 15.13 2.8
55.0 54.00 21.96 2.6
55.0 53.98 31.81 2.4
55.0 53.98 21.66 2.8
55.0 53.91 47.41 2.6
55.0 53.91 25.02 2.7
55.0 53.95 10.44 2.2
55.0 53.96 21.36 2.7
55.0 53.95 26.63 3.1
55.0 53.95 25.61 2.6
55.0 53.95 20.06 2.6
55.0 53.95 27.49 2.7
55.0 54.01 -1.89 2.1
55.0 54.03 16.94 2.6
55.0 54.03 22.34 2.8
55.0 54.03 21.37 2.5
55.0 53.97 42.92 2.3
55.0 53.99 15.01 2.6
55.0 53.98 27.87 2.5
55.0 53.99 20.62 2.6
55.0 53.96 32.12 2.6
55.0 53.94 31.18 2.8
55.0 53.95 21.20 2.4
55.0 53.96 21.31 2.8
55.0 54.02 -1.74 2.6
55.0 54.02 22.25 2.6
55.0 53.97 42.84 2.8
55.0 53.94 31.25 2.8
55.0 53.98 10.84 3.1
55.0 53.94 37.19 3.0
55.0 54.01 0.35 2.7
55.0 54.01 20.03 2.6
55.0 54.00 26.53 3.0
55.0 53.99 27.94 2.3
55.0 53.96 31.58 2.4
55.0 54.09 -20.59 2.8
55.0 54.07 28.24 2.7
55.0 54.06 23.68 2.8
55.0 54.07 16.43 2.7
55.0 54.10 11.12 3.0
55.0 54.11 18.02 2.6
55.0 54.16 2.43 2.0
55.0 54.09 45.01 2.5
55.0 54.08 22.26 2.5
55.0 54.06 27.61 2.8
55.0 54.06 23.63 2.7
55.0 54.06 21.81 2.7
55.0 54.01 38.13 2.5
55.0 54.00 27.26 2.8
55.0 53.97 32.25 2.4
55.0 53.99 15.00 2.6
55.0 53.97 31.65 2.4
55.0 53.97 22.68 3.0
55.0 53.96 25.93 3.6
55.0 53.94 31.83 2.8
55.0 53.92 30.87 2.4
55.0 53.92 26.14 3.0
55.0 53.93 20.92 2.8
55.0 53.95 14.34 3.0
55.0 53.89 47.06 2.3
55.0 53.89 25.73 2.9
55.0 53.93 8.23 3.0
55.0 53.94 19.85 2.9
55.0 53.94 26.40 2.5
55.0 53.93 26.32 2.7
55.0 53.94 19.83 2.9
55.0 53.93 26.38 2.7
55.0 54.00 0.26 2.3
55.0 53.98 31.38 2.6
55.0 53.98 21.67 2.6
55.0 53.97 26.07 2.8
55.0 54.01 12.81 2.9
55.0 53.99 26.46 2.3
55.0 54.01 15.36 2.6
55.0 54.03 16.93 2.4
55.0 54.01 27.50 2.6
55.0 54.03 16.95 3.0
55.0 54.04 15.92 2.6
55.0 54.09 5.15 2.2
55.0 54.10 17.88 2.3
55.0 54.13 5.94 2.4
55.0 54.11 28.42 2.1
55.0 54.11 18.14 2.2
55.0 54.06 38.88 2.8
55.0 54.09 10.94 2.3
55.0 54.01 49.31 2.4
55.0 54.01 23.12 2.4
55.0 53.98 31.97 2.4
55.0 53.97 26.95 2.7
55.0 53.97 25.97 2.8
55.0 53.91 42.12 3.1
55.0 53.94 15.69 2.8
55.0 53.95 19.99 3.2
55.0 53.99 10.92 2.7
55.0 53.96 32.13 2.6
55.0 53.95 25.76 2.8
55.0 53.98 16.19 3.0
55.0 54.01 9.60 2.6
55.0 54.03 16.91 2.5
55.0 54.03 21.33 2.1
55.0 54.03 22.31 2.3
55.0 54.01 27.49 2.4
55.0 54.03 15.65 2.5
55.0 54.00 32.67 2.2
55.0 53.97 31.78 2.4
55.0 53.99 17.81 2.2
55.0 54.09 -12.26 2.6
55.0 54.09 17.86 3.1
55.0 54.09 23.16 2.7
55.0 54.13 7.45 2.6
55.0 54.13 17.40 2.7
55.0 54.14 17.48 3.0
55.0 54.12 23.01 2.4
55.0 54.04 48.75 2.0
55.0 54.10 -0.39 2.3
55.0 54.08 28.41 2.4
55.0 54.07 22.96 2.4
55.0 54.08 17.71 2.2
55.0 54.09 16.75 2.3
55.0 54.07 27.80 2.4
55.0 54.07 23.74 2.2
55.0 54.05 27.41 2.4
55.0 54.05 22.59 2.6
55.0 54.12 -5.88 2.6
55.0 54.15 7.83 2.6
55.0 54.17 12.35 2.7
55.0 54.11 39.83 2.2
55.0 54.12 18.20 2.2
55.0 54.23 -18.61 2.8
55.0 54.24 15.37 2.6
55.0 54.22 24.59 2.6
55.0 54.21 19.51 2.5
55.0 54.18 29.82 2.2
55.0 54.15 29.14 2.9
55.0 54.14 23.86 2.8
55.0 54.14 18.52 2.4
55.0 54.12 28.55 2.4
55.0 54.11 23.43 2.4
55.0 54.06 38.85 2.7
55.0 54.10 8.66 2.7
55.0 54.09 21.66 2.2
55.0 54.08 22.31 2.4
55.0 54.12 7.40 2.4
55.0 54.13 17.35 2.5
55.0 54.13 18.39 2.7
55.0 54.14 17.50 2.5
55.0 54.16 13.29 2.6
55.0 54.13 29.10 2.3
55.0 54.12 22.90 2.5
55.0 54.09 28.63 2.3
55.0 54.19 -13.59 2.2
55.0 54.22 10.01 2.4
55.0 54.21 18.84 2.2
55.0 54.20 24.24 2.3
55.0 54.22 10.06 2.6
55.0 54.19 29.82 2.2
55.0 54.16 29.53 2.4
55.0 54.12 34.24 2.4
55.0 54.06 38.93 3.5
55.0 54.06 21.91 2.7
55.0 54.04 27.30 2.7
55.0 54.03 27.69 2.7
55.0 54.03 22.31 2.3
55.0 54.03 22.32 2.4
55.0 54.06 10.39 2.6
55.0 54.08 12.29 2.7
55.0 54.01 48.71 2.8
55.0 54.02 15.54 2.4
55.0 54.05 11.85 2.7
55.0 54.08 12.23 2.7
55.0 54.09 17.78 2.1
55.0 54.05 33.16 2.4
55.0 54.05 21.75 2.4
55.0 54.05 23.53 2.4
55.0 54.08 10.73 2.6
55.0 54.13 2.05 2.4
55.0 54.12 22.28 2.1
55.0 54.10 28.66 2.5
55.0 54.12 12.78 2.5
55.0 54.10 28.20 2.3
55.0 54.00 53.94 2.2
55.0 54.01 22.00 2.5
55.0 54.02 15.53 2.5
55.0 54.02 22.25 2.6
55.0 54.05 11.85 2.6
55.0 54.06 17.44 2.4
55.0 53.99 48.94 2.8
55.0 54.01 16.64 2.3
55.0 54.11 -14.69 2.5
55.0 54.09 28.57 2.6
55.0 54.07 28.28 2.2
55.0 54.11 5.54 2.5
55.0 54.10 23.35 2.6
55.0 54.12 11.54 2.5
55.0 54.11 22.82 2.9
55.0 54.09 28.58 2.4
55.0 54.08 23.11 2.5
55.0 54.11 12.63 2.6
55.0 54.06 38.86 2.1
55.0 54.05 23.58 2.5
55.0 53.98 48.78 2.7
55.0 54.06 -6.92 2.6
55.0 54.05 22.70 2.8
55.0 54.05 22.66 2.8
55.0 54.04 27.80 3.1
55.0 54.03 21.47 3.1
55.0 54.01 32.32 2.7
55.0 54.04 13.15 2.8
55.0 54.02 26.93 2.7
55.0 54.02 22.24 2.6
55.0 53.98 37.53 2.6
55.0 54.04 0.82 2.6
55.0 54.04 21.58 2.6
55.0 54.05 16.10 2.6
55.0 54.05 23.57 2.4
55.0 54.05 21.73 2.5
55.0 54.05 22.60 2.6
55.0 54.05 21.66 2.5
55.0 54.07 12.15 2.5
55.0 54.08 17.71 2.6
55.0 54.14 0.23 2.4
55.0 54.14 17.57 2.2
55.0 54.13 23.74 2.2
55.0 54.16 6.47 2.7
55.0 54.12 34.31 2.2
55.0 54.11 22.79 2.4
55.0 54.15 9.22 2.2
55.0 54.16 11.03 2.2
55.0 54.15 23.47 2.3
55.0 54.10 39.34 2.2
55.0 54.09 23.17 2.2
55.0 54.14 2.21 2.1
55.0 54.14 16.71 2.2
55.0 54.15 17.69 2.3
55.0 54.18 9.58 2.0
55.0 54.18 17.43 2.1
55.0 54.15 29.41 2.1
55.0 54.11 34.19 2.1
55.0 54.10 23.34 2.1
55.0 54.09 22.47 2.2
55.0 54.21 -21.92 2.0
55.0 54.22 16.11 2.2
55.0 54.23 13.33 2.6
55.0 54.18 35.17 2.4
55.0 54.19 12.73 2.3
55.0 54.18 24.40 2.2
55.0 54.12 39.66 2.2
55.0 54.12 17.28 2.5
55.0 54.09 33.86 2.4
55.0 54.07 28.22 2.6
55.0 54.11 7.16 2.2
55.0 54.07 33.29 2.5
55.0 54.09 12.43 2.4
55.0 54.12 12.75 2.4
55.0 54.08 33.59 2.4
55.0 54.06 28.14 2.5
55.0 54.10 7.08 2.2
55.0 54.09 21.72 2.5
55.0 54.12 12.74 2.6
55.0 54.12 17.25 2.3
55.0 54.10 29.17 2.6
55.0 54.09 22.43 2.4
55.0 54.11 11.38 2.4
55.0 54.13 13.01 2.6
55.0 54.11 28.85 2.4
55.0 54.10 23.35 2.4
55.0 54.14 6.04 2.6
55.0 54.14 16.65 2.3
55.0 54.15 19.48 2.1
55.0 54.10 34.03 2.1
55.0 54.11 18.10 2.6
55.0 54.07 33.71 2.4
55.0 54.07 22.91 2.3
55.0 54.07 21.99 2.8
55.0 54.06 21.93 2.4
55.0 54.03 33.48 2.7
55.0 54.02 26.82 2.8
55.0 54.00 27.33 2.6
55.0 53.98 31.82 2.5
55.0 54.05 -4.49 2.8
55.0 54.04 27.83 2.6
55.0 54.04 21.49 2.7
55.0 54.02 27.60 2.8
55.0 54.04 17.04 3.0
55.0 54.04 22.43 2.7
55.0 54.04 21.47 2.6
55.0 54.05 17.22 2.6
55.0 54.05 22.59 2.6
55.0 54.06 16.18 2.0
55.0 54.09 12.32 2.4
55.0 54.05 33.38 2.0
55.0 54.12 -5.81 2.6
55.0 54.16 7.88 2.4
55.0 54.07 51.31 2.5
55.0 54.07 23.74 2.4
55.0 54.08 16.50 2.0
55.0 54.07 22.13 2.6
55.0 54.11 7.26 2.4
55.0 54.06 38.94 2.4
55.0 54.06 22.74 2.4
55.0 54.07 16.35 2.6
55.0 54.08 17.66 2.6
55.0 54.06 28.15 2.4
55.0 54.07 16.39 3.1
55.0 54.08 17.68 2.6
55.0 54.12 7.37 2.4
55.0 54.10 28.23 2.2
55.0 54.06 33.28 2.4
55.0 54.04 27.31 2.6
55.0 54.09 8.54 2.6
55.0 54.11 9.89 2.5
55.0 54.09 28.06 2.3
55.0 54.04 38.53 2.2
55.0 53.99 37.91 2.5
55.0 54.00 21.89 2.7
55.0 53.99 26.31 2.7
55.0 54.02 11.38 3.0
55.0 54.06 6.57 2.6
55.0 54.06 21.04 2.8
55.0 54.06 22.73 2.6
55.0 54.01 38.07 2.4
55.0 53.98 32.98 2.3
55.0 53.99 20.67 2.4
55.0 53.99 21.82 2.7
55.0 54.01 16.68 2.8
55.0 54.00 26.53 2.4
55.0 53.99 27.12 2.4
55.0 53.98 26.15 2.6
55.0 53.98 22.78 2.6
55.0 53.99 20.63 2.2
55.0 53.99 20.70 2.2
55.0 54.01 16.66 2.3
55.0 53.98 32.41 2.5
55.0 53.97 26.92 2.8
55.0 53.96 25.93 2.9
55.0 53.97 20.35 2.6
55.0 54.00 12.80 2.9
55.0 54.01 20.99 2.6
55.0 54.02 16.87 2.6
55.0 54.01 27.45 2.7
55.0 54.03 16.90 2.7
55.0 54.00 32.20 2.4
55.0 53.94 42.54 2.6
55.0 53.92 32.30 2.6
55.0 53.92 25.16 2.8
55.0 53.93 20.94 3.2
55.0 53.94 19.83 2.5
55.0 53.95 21.21 2.8
55.0 53.94 26.50 3.1
55.0 53.97 14.55 2.8
55.0 53.89 52.30 2.7
55.0 53.90 20.52 2.7
55.0 53.94 10.30 2.7
55.0 53.95 20.01 2.8
55.0 53.93 31.02 2.7
55.0 53.92 27.25 2.8
55.0 53.94 19.75 2.7
55.0 53.94 21.15 2.5
55.0 53.90 41.85 3.0
55.0 53.88 30.16 2.8
55.0 53.94 4.81 3.0
55.0 53.93 24.46 2.8
55.0 53.96 17.40 2.8
55.0 53.92 36.52 2.6
55.0 53.92 25.14 2.8
55.0 53.94 15.73 2.6
55.0 53.92 31.58 2.7
55.0 53.88 41.58 2.8
55.0 53.89 18.99 2.8
55.0 53.90 20.59 3.0
55.0 53.95 10.36 2.8
55.0 53.95 20.08 2.8
55.0 53.96 21.39 3.0
55.0 53.84 67.39 2.3
55.0 53.83 30.27 3.1
55.0 53.85 18.28 2.8
55.0 53.85 24.03 3.0
55.0 53.80 46.04 3.3
55.0 53.82 17.79 3.0
55.0 53.78 40.30 3.1
55.0 53.81 17.58 3.2
55.0 53.77 40.74 3.1
55.0 53.80 17.40 3.0
55.0 53.81 23.24 3.1
55.0 53.81 24.71 3.0
55.0 53.82 24.81 3.0
55.0 53.83 24.89 3.0
55.0 53.76 50.62 3.1
55.0 53.73 39.54 3.3
55.0 53.79 8.16 3.3
55.0 53.80 21.69 2.8
55.0 53.81 24.61 3.0
55.0 53.80 29.87 3.2
55.0 53.81 23.27 2.8
55.0 53.86 9.15 3.3
55.0 53.88 17.26 3.0
55.0 53.89 21.79 2.6
55.0 53.91 19.25 2.9
55.0 53.89 31.11 2.8
55.0 53.87 30.07 2.7
55.0 53.93 4.74 3.0
55.0 53.94 19.89 2.7
55.0 53.97 14.57 2.7
55.0 53.97 21.54 2.7
55.0 53.91 47.31 2.3
55.0 53.95 8.51 2.7
55.0 53.96 20.11 2.9
55.0 53.96 20.23 2.8
55.0 53.97 22.65 2.7
55.0 53.89 52.82 2.4
55.0 53.90 19.20 2.6
55.0 53.89 31.90 2.8
55.0 53.80 56.86 2.8
55.0 53.82 19.45 2.9
55.0 53.81 29.05 3.1
55.0 53.81 31.02 3.0
55.0 53.84 12.47 3.1
55.0 53.88 13.03 3.0
55.0 53.85 35.88 3.3
55.0 53.87 20.06 2.6
55.0 53.84 35.75 3.0
55.0 53.83 29.30 3.1
55.0 53.84 23.72 3.0
55.0 53.85 21.37 3.1
55.0 53.80 45.68 2.6
55.0 53.81 24.61 3.0
55.0 53.74 50.31 3.4
55.0 53.79 13.54 3.1
55.0 53.81 17.61 3.2
55.0 53.79 34.26 3.0
55.0 53.74 45.41 3.2
55.0 53.77 16.91 3.1
55.0 53.88 -12.38 2.4
55.0 53.86 35.97 3.1
55.0 53.86 25.32 3.7
55.0 53.88 20.18 3.1
55.0 53.89 18.98 3.0
55.0 53.89 25.76 3.1
55.0 53.90 20.58 2.8
55.0 53.92 20.75 3.3
55.0 53.91 25.06 3.0
55.0 53.94 15.68 2.5
55.0 53.96 16.01 2.9
55.0 53.94 31.21 2.8
55.0 53.92 31.54 2.8
55.0 53.87 41.54 3.0
55.0 53.86 29.82 3.0
55.0 53.88 20.20 2.8
55.0 53.88 24.45 3.0
55.0 53.91 16.84 2.7
55.0 53.98 -2.50 2.8
55.0 53.95 31.44 3.1
55.0 53.95 26.56 2.7
55.0 53.97 16.11 3.1
55.0 53.99 16.39 3.0
55.0 53.99 20.77 2.7
55.0 53.94 42.59 3.1
55.0 53.89 41.64 2.8
55.0 53.99 -13.86 3.4
55.0 53.98 27.88 2.9
55.0 54.05 0.86 3.0
55.0 54.04 21.62 2.8
55.0 54.06 16.13 2.9
55.0 54.05 21.80 3.0
55.0 54.04 28.49 2.8
55.0 54.05 16.02 3.6
55.0 54.01 38.08 2.8
55.0 54.02 15.53 3.0
55.0 54.01 28.17 2.8
55.0 54.00 26.49 2.7
55.0 54.00 20.85 2.7
55.0 53.97 32.86 2.8
55.0 53.98 20.50 2.5
55.0 53.97 26.87 2.8
55.0 53.96 25.88 2.6
55.0 53.97 21.47 2.6
55.0 53.99 16.37 2.5
55.0 54.04 4.28 2.8
55.0 54.02 26.92 2.6
55.0 54.02 22.23 2.9
55.0 54.01 26.70 2.6
55.0 54.05 6.43 2.6
55.0 54.05 20.86 2.4
55.0 54.05 23.53 2.6
55.0 54.05 21.68 2.4
55.0 54.02 32.90 2.4
55.0 54.02 21.17 2.5
55.0 54.05 11.79 2.5
55.0 54.05 22.57 2.4
55.0 54.03 27.07 2.9
55.0 54.03 23.31 2.4
55.0 54.10 -6.15 2.7
55.0 54.15 0.54 2.2
55.0 54.19 6.85 2.2
55.0 54.16 29.24 2.2
55.0 54.16 18.74 2.4
55.0 54.14 23.35 1.9
55.0 54.16 12.21 1.8
55.0 54.16 19.68 2.2
55.0 54.11 39.72 2.2
55.0 54.10 23.31 2.4
55.0 54.06 33.31 2.4
55.0 54.07 18.69 2.9
55.0 54.11 5.61 2.5
55.0 54.10 21.96 2.4
55.0 54.08 28.47 2.6
55.0 54.06 28.19 2.4
55.0 54.07 17.57 2.4
55.0 53.95 65.07 3.1
55.0 53.99 10.99 2.0
55.0 53.97 32.19 2.6
55.0 54.00 9.44 2.9
55.0 53.99 26.39 2.2
55.0 53.99 21.84 3.0
55.0 54.04 4.37 2.5
55.0 54.01 32.42 2.4
55.0 54.00 26.53 2.5
55.0 54.03 13.08 2.4
55.0 54.09 -0.59 2.6
55.0 54.07 27.74 2.4
55.0 54.06 22.84 2.5
55.0 54.06 22.78 2.4
55.0 54.06 22.74 2.7
55.0 54.05 21.81 2.8
55.0 54.07 17.47 2.5
55.0 54.03 33.14 2.5
55.0 54.08 4.99 2.5
55.0 54.09 16.65 2.3
55.0 54.13 7.44 2.7
55.0 54.10 28.30 2.2
55.0 54.09 22.48 2.1
55.0 54.09 22.37 2.3
55.0 54.05 33.74 2.6
55.0 54.05 21.73 2.2
55.0 54.09 6.97 2.4
55.0 54.09 21.56 2.3
55.0 54.08 23.05 2.6
55.0 54.09 17.79 2.2
55.0 54.10 16.84 1.9
55.0 54.22 -24.23 2.0
55.0 54.20 25.25 2.2
55.0 54.19 24.55 2.2
55.0 54.19 18.35 2.3
55.0 54.18 18.33 2.0
55.0 54.11 44.49 2.5
55.0 54.07 33.51 2.4
55.0 54.07 22.90 2.6
55.0 53.97 58.68 2.0
55.0 53.99 14.91 2.8
55.0 54.00 16.60 2.8
55.0 54.01 20.99 2.6
55.0 53.99 28.02 2.6
55.0 54.03 9.89 2.6
55.0 54.04 14.59 2.7
55.0 54.08 6.87 2.4
55.0 54.06 27.67 2.6
55.0 54.08 17.59 2.5
55.0 54.10 11.14 2.4
55.0 54.12 12.83 2.4
55.0 54.13 18.32 2.3
55.0 54.15 11.94 2.0
55.0 54.14 23.82 2.2
55.0 54.17 6.55 2.1
55.0 54.18 13.69 2.1
55.0 54.18 18.30 2.0
55.0 54.17 23.75 1.9
55.0 54.12 34.54 2.2
55.0 54.17 0.87 2.2
55.0 54.16 23.61 2.2
55.0 54.18 12.43 1.5
55.0 54.15 29.36 2.2
55.0 54.13 23.82 2.6
55.0 54.11 28.44 2.2
55.0 54.19 -8.10 2.6
55.0 54.17 24.36 2.2
55.0 54.13 34.49 2.4
55.0 54.11 28.37 2.4
55.0 54.04 44.20 2.3
55.0 54.04 23.42 2.6
55.0 54.07 10.57 2.6
55.0 54.09 12.41 2.6
55.0 54.09 23.14 2.5
55.0 54.07 27.69 2.4
55.0 54.05 27.97 2.2
55.0 54.03 27.10 2.4
55.0 54.02 28.26 2.5
55.0 53.99 32.04 2.6
55.0 53.99 21.83 2.7
55.0 54.01 15.34 2.8
55.0 54.00 27.28 3.1
55.0 54.00 21.95 2.4
55.0 53.96 37.21 2.6
55.0 53.97 21.47 2.8
55.0 53.97 21.56 2.8
55.0 53.95 31.37 2.7
55.0 53.94 26.51 3.3
55.0 53.92 31.58 2.7
55.0 53.92 26.17 2.3
55.0 53.86 46.69 2.5
55.0 53.86 24.16 3.0
55.0 53.88 21.63 3.0
55.0 53.89 19.02 2.6
55.0 53.91 20.61 2.6
55.0 53.92 19.46 2.9
55.0 53.92 27.14 2.8
55.0 53.94 14.13 3.1
55.0 53.88 47.03 2.8
55.0 53.91 15.23 3.0
55.0 53.92 20.80 3.2
55.0 53.93 20.95 3.0
55.0 53.95 14.38 3.2
55.0 53.96 20.22 2.9
55.0 53.91 42.27 2.6
55.0 53.87 41.20 3.1
55.0 53.81 45.95 3.1
55.0 53.86 9.16 3.0
55.0 53.88 18.75 3.0
55.0 53.89 19.02 2.5
55.0 53.91 19.25 2.9
55.0 53.93 17.13 2.8
55.0 53.96 14.42 2.2
55.0 53.96 21.43 2.6
55.0 53.97 20.36 3.0
55.0 53.95 31.93 2.4
55.0 53.99 10.90 2.6
55.0 54.02 9.74 2.8
55.0 54.03 15.74 2.4
55.0 54.05 17.21 2.6
55.0 54.05 21.66 2.2
55.0 54.07 12.15 2.3
55.0 54.04 33.23 2.3
55.0 54.04 22.48 2.4
55.0 54.02 26.97 2.4
55.0 54.10 -3.89 2.6
55.0 54.09 23.20 2.6
55.0 54.10 16.86 2.7
55.0 54.06 33.55 2.4
55.0 54.09 10.95 2.5
55.0 54.08 23.90 2.2
55.0 54.15 -5.32 2.6
55.0 54.12 28.70 2.5
55.0 54.11 23.54 2.4
55.0 54.11 23.42 2.2
55.0 54.10 23.31 2.3
55.0 54.16 -5.08 2.8
55.0 54.17 18.00 2.3
55.0 54.15 24.67 2.6
55.0 54.14 23.27 2.2
55.0 54.17 8.10 1.8
55.0 54.09 50.61 2.2
55.0 54.11 12.65 2.6
55.0 54.13 11.67 2.2
55.0 54.12 22.94 2.4
55.0 54.13 19.27 2.2
55.0 54.16 6.42 2.4
55.0 54.15 23.40 2.2
55.0 54.14 23.19 2.5
55.0 54.11 28.85 2.2
55.0 54.09 28.53 2.4
55.0 54.05 33.14 2.7
55.0 53.99 43.22 2.6
55.0 54.01 16.68 2.4
55.0 54.03 15.62 2.8
55.0 53.97 42.90 2.6
55.0 54.02 3.99 2.6
55.0 54.01 27.39 2.7
55.0 54.04 10.06 2.2
55.0 54.05 17.25 2.5
55.0 54.09 6.98 2.6
55.0 54.09 21.58 2.2
55.0 54.08 23.06 2.6
55.0 54.09 16.70 2.3
55.0 54.08 23.91 2.5
55.0 54.09 16.75 2.4
55.0 54.10 16.89 2.2
55.0 54.11 18.05 2.3
55.0 54.12 18.15 2.2
55.0 54.11 23.42 2.2
55.0 54.07 33.43 2.4
55.0 54.05 27.44 2.5
55.0 54.03 28.46 2.4
55.0 54.00 32.32 2.8
55.0 53.98 32.36 3.1
55.0 54.01 11.29 2.8
55.0 53.99 32.46 2.4
55.0 53.99 20.69 2.7
55.0 53.99 20.75 2.6
55.0 53.98 27.88 2.5
55.0 53.99 20.65 2.4
55.0 53.99 21.81 2.5
55.0 54.01 15.32 2.8
55.0 54.01 22.09 2.8
55.0 54.00 27.29 2.3
55.0 54.00 20.90 2.4
55.0 54.00 21.99 3.1
55.0 54.01 22.03 2.5
55.0 53.99 27.23 2.6
55.0 53.94 42.49 1.7
55.0 53.91 36.68 2.7
55.0 53.86 41.36 3.3
55.0 53.88 18.75 2.8
55.0 53.89 20.42 3.0
55.0 53.91 20.61 3.3
55.0 53.92 19.46 2.9
55.0 53.99 0.05 2.9
55.0 54.01 13.86 2.6
55.0 54.01 23.08 2.4
55.0 54.04 10.11 2.4
55.0 54.04 21.54 2.4
55.0 54.08 6.83 2.4
55.0 54.08 22.18 2.5
55.0 54.09 17.74 2.1
55.0 54.07 27.70 2.3
55.0 54.05 27.98 2.7
55.0 54.05 22.57 2.2
55.0 54.04 21.63 2.5
55.0 54.04 22.53 2.4
55.0 54.09 6.87 2.4
55.0 54.08 22.23 2.2
55.0 54.13 0.17 2.4
55.0 54.12 22.33 2.2
55.0 54.10 29.18 2.2
55.0 54.14 6.00 2.4
55.0 54.14 17.55 2.2
55.0 54.14 17.61 2.1
55.0 54.16 13.37 2.1
55.0 54.18 13.60 2.2
55.0 54.13 34.52 2.0
55.0 54.18 2.77 2.1
55.0 54.14 34.59 2.0
55.0 54.14 17.58 2.1
55.0 54.14 18.56 2.2
55.0 54.12 28.59 2.2
55.0 54.11 24.20 2.1
55.0 54.07 33.48 2.5
55.0 54.10 12.48 2.3
55.0 54.09 23.19 2.2
55.0 54.08 22.31 2.4
55.0 54.06 28.21 1.8
55.0 54.05 27.35 2.3
55.0 54.03 28.41 2.4
55.0 54.06 10.43 2.6
55.0 54.04 27.27 2.2
55.0 54.04 22.49 2.6
55.0 54.04 22.48 2.4
55.0 54.05 17.27 2.3
55.0 54.06 16.27 2.4
55.0 54.13 -3.37 2.3
55.0 54.10 34.00 2.4
55.0 54.10 16.92 2.3
55.0 54.14 7.64 2.3
55.0 54.17 5.07 2.2
55.0 54.19 13.74 2.2
55.0 54.17 23.82 2.0
55.0 54.17 18.11 1.9
55.0 54.17 19.78 2.1
55.0 54.26 -15.09 2.2
55.0 54.25 20.67 2.2
55.0 54.17 46.48 2.4
55.0 54.14 29.32 2.2
55.0 54.21 -2.38 2.7
55.0 54.19 24.09 2.1
55.0 54.17 24.34 2.2
55.0 54.23 -2.02 2.4
55.0 54.21 24.88 2.0
55.0 54.31 -20.10 2.7
55.0 54.27 31.07 2.4
55.0 54.22 35.54 2.7
55.0 54.20 24.25 2.5
55.0 54.15 34.78 2.6
55.0 54.17 13.47 2.6
55.0 54.21 1.54 2.8
55.0 54.19 24.21 2.6
55.0 54.21 12.97 1.8
55.0 54.20 20.13 2.6
55.0 54.14 40.34 2.5
55.0 54.13 23.77 2.8
55.0 54.14 17.49 2.5
55.0 54.14 18.49 2.8
55.0 54.14 18.54 2.2
55.0 54.15 17.67 2.5
55.0 54.13 23.82 2.3
55.0 54.15 13.26 2.0
55.0 54.20 1.31 2.7
55.0 54.15 34.87 2.2
55.0 54.14 23.29 2.2
55.0 54.12 29.36 2.5
55.0 54.09 28.14 2.5
55.0 54.10 16.88 2.5
55.0 54.09 24.02 2.2
55.0 54.09 22.36 2.6
55.0 54.07 28.24 2.4
55.0 54.06 21.94 2.6
55.0 54.07 18.69 2.9
55.0 54.01 43.72 2.2
55.0 54.04 10.15 2.3
55.0 54.04 22.51 3.0
55.0 54.04 22.49 2.5
55.0 53.95 53.24 3.1
55.0 54.00 3.73 2.7
55.0 54.08 -9.14 2.7
55.0 54.03 38.56 2.8
55.0 54.10 -6.12 2.3
55.0 54.07 33.62 2.7
55.0 54.09 12.43 2.7
55.0 54.13 5.91 2.6
55.0 54.16 6.49 2.6
55.0 54.15 22.91 2.3
55.0 54.14 24.52 2.4
55.0 54.13 23.06 2.3
55.0 54.15 13.18 2.1
55.0 54.15 17.73 2.4
55.0 54.15 18.67 2.2
55.0 54.13 29.07 2.2
55.0 54.13 17.39 2.2
55.0 54.13 18.42 2.4
55.0 54.12 23.67 2.8
55.0 54.14 11.89 2.3
55.0 54.15 18.59 2.5
55.0 54.14 23.19 2.2
55.0 54.12 24.36 2.4
55.0 54.13 17.38 2.6
55.0 54.12 22.92 2.4
55.0 54.10 29.14 2.2
55.0 54.09 22.40 2.4
55.0 54.08 23.10 2.6
55.0 54.12 5.75 2.4
55.0 54.11 23.50 2.4
55.0 54.10 22.66 2.3
55.0 54.10 22.53 2.4
55.0 54.08 28.36 2.2
55.0 54.01 43.50 2.8
55.0 54.03 16.94 2.4
55.0 54.01 26.81 2.7
55.0 54.00 26.58 2.5
55.0 53.99 27.96 2.6
55.0 54.01 15.29 2.2
55.0 54.04 11.67 2.4
55.0 54.01 32.80 2.4
55.0 54.01 22.09 2.4
55.0 54.13 -23.19 2.6
55.0 54.12 23.63 2.6
55.0 54.07 38.97 2.3
55.0 54.05 27.42 2.7
55.0 53.95 58.43 2.5
55.0 53.97 14.64 2.8
55.0 53.95 31.92 3.1
55.0 53.94 26.47 3.0
55.0 53.93 25.44 3.1
55.0 53.92 31.47 3.0
55.0 53.90 31.23 2.8
55.0 53.90 24.77 3.1
55.0 53.91 20.66 3.0
55.0 53.91 26.00 3.0
55.0 53.93 15.60 2.8
55.0 53.96 14.43 3.0
55.0 53.96 21.44 2.8
55.0 53.97 21.53 3.1
55.0 54.02 4.02 3.1
55.0 54.04 15.78 2.6
55.0 54.04 21.48 2.7
55.0 54.05 18.42 2.4
55.0 54.00 37.96 2.6
55.0 53.98 31.85 2.8
55.0 54.01 11.28 2.6
55.0 54.01 22.12 2.6
55.0 54.03 16.95 2.6
55.0 54.12 -11.71 2.5
55.0 54.08 34.04 2.6
55.0 54.09 17.79 2.4
55.0 54.05 33.17 2.5
55.0 54.10 7.02 2.7
55.0 54.09 22.40 2.8
55.0 54.10 17.90 2.5
55.0 54.09 22.43 2.6
55.0 54.14 0.35 2.4
55.0 54.15 18.58 2.4
55.0 54.13 23.18 2.6
55.0 54.12 23.67 2.2
55.0 54.10 28.28 2.4
55.0 54.09 23.23 2.5
55.0 54.10 17.95 2.6
55.0 54.09 22.48 2.3
55.0 54.12 12.75 2.0
55.0 54.12 18.25 2.2
55.0 54.10 28.69 2.2
55.0 54.09 22.44 2.4
55.0 54.04 38.59 1.7
55.0 54.04 22.50 2.6
55.0 54.04 21.54 2.5
55.0 54.04 22.47 2.0
55.0 54.02 27.63 2.4
55.0 53.94 53.64 2.2
55.0 53.96 15.98 2.8
55.0 53.97 20.31 3.0
55.0 54.00 12.77 2.4
55.0 53.96 37.23 2.9
55.0 53.95 26.66 3.0
55.0 53.96 20.21 3.0
55.0 53.95 26.66 3.0
55.0 53.95 26.56 2.7
55.0 53.93 30.96 2.7
55.0 53.89 36.50 3.2
55.0 53.89 25.79 2.9
55.0 53.92 13.78 3.1
55.0 53.93 20.96 3.5
55.0 53.91 31.43 2.7
55.0 53.88 36.32 2.8
55.0 53.90 19.06 2.8
55.0 53.89 24.74 3.0
55.0 53.86 36.71 3.0
55.0 53.87 24.25 3.1
55.0 53.90 15.08 2.8
55.0 53.85 40.98 2.6
55.0 53.88 16.59 3.6
55.0 53.83 46.15 3.0
55.0 53.85 18.23 3.0
55.0 53.87 20.04 3.0
55.0 53.90 15.08 2.9
55.0 53.92 15.47 2.8
55.0 53.93 19.74 2.9
55.0 53.90 36.61 2.8
55.0 53.94 10.31 2.8
55.0 53.92 30.90 2.7
55.0 53.90 31.32 2.9
55.0 53.87 36.22 2.7
55.0 53.92 9.96 3.3
55.0 53.94 12.55 3.0
55.0 53.95 20.04 2.8
55.0 53.96 22.54 2.7
55.0 54.01 3.84 3.1
55.0 54.04 10.13 2.4
55.0 54.04 21.56 3.2
55.0 54.02 27.65 2.4
55.0 54.00 32.61 2.2
55.0 53.98 26.30 2.6
55.0 53.99 21.78 2.5
55.0 53.99 21.83 2.6
55.0 54.00 20.81 2.6
55.0 54.00 21.93 2.6
55.0 54.00 21.97 2.4
55.0 54.03 11.60 2.4
55.0 54.03 21.45 2.5
55.0 54.08 6.76 2.6
55.0 54.04 32.98 2.2
55.0 54.06 16.13 2.1
55.0 54.05 22.69 2.3
55.0 54.02 32.62 2.6
55.0 54.02 23.24 2.4
55.0 54.04 15.81 2.5
55.0 54.04 21.51 2.4
55.0 54.08 6.80 2.4
55.0 54.06 27.60 2.3
55.0 54.04 27.91 2.4
55.0 54.03 27.03 2.4
55.0 54.03 22.31 2.5
55.0 54.01 27.49 2.6
55.0 54.04 10.17 2.5
55.0 54.07 12.12 2.6
55.0 54.08 17.68 2.6
55.0 54.09 17.81 2.6
55.0 54.07 27.77 2.3
55.0 54.11 5.55 2.6
55.0 54.09 28.53 2.3
55.0 54.08 22.27 2.2
55.0 54.06 28.17 2.3
55.0 54.09 10.93 2.2
55.0 54.18 -13.68 2.2
55.0 54.17 24.86 2.3
55.0 54.16 23.54 2.2
55.0 54.14 23.93 2.6
55.0 54.15 18.58 2.4
55.0 54.12 28.62 2.4
55.0 54.10 28.66 2.4
55.0 54.09 23.18 2.4
55.0 54.05 33.43 2.7
55.0 54.04 27.20 2.4
55.0 54.02 27.62 2.8
55.0 54.01 27.42 2.6
55.0 54.00 26.49 2.7
55.0 53.98 27.09 3.1
55.0 54.02 9.73 2.6
55.0 54.02 22.20 2.7
55.0 54.01 26.66 2.8
55.0 53.96 37.27 2.6
55.0 53.99 16.33 2.7
55.0 53.98 26.96 2.6
55.0 53.95 31.99 2.8
55.0 54.02 -1.81 2.7
55.0 53.95 47.69 2.6
55.0 53.98 9.15 2.8
55.0 53.90 53.75 3.1
55.0 53.89 31.07 3.2
55.0 53.87 30.86 2.8
55.0 53.87 25.52 3.7
55.0 53.89 18.94 3.0
55.0 53.86 35.46 3.0
55.0 53.88 21.61 3.1
55.0 53.80 51.37 3.3
55.0 53.81 24.68 3.0
55.0 53.78 39.68 3.8
55.0 53.79 24.32 3.0
55.0 53.80 24.46 3.1
55.0 53.85 6.82 3.2
55.0 53.82 34.85 3.1
55.0 53.84 19.75 2.8
55.0 53.85 25.18 3.0
55.0 53.88 13.10 3.0
55.0 53.97 -5.69 3.0
55.0 53.89 52.34 3.0
55.0 53.90 19.19 3.0
55.0 53.90 25.92 2.9
55.0 53.90 25.89 2.9
55.0 53.90 24.80 3.0
55.0 53.97 -0.21 3.0
55.0 53.96 25.89 2.8
55.0 53.95 27.56 2.9
55.0 54.00 3.74 2.6
55.0 53.99 25.69 2.8
55.0 53.98 27.05 2.8
55.0 53.99 21.74 2.8
55.0 53.99 21.80 2.7
55.0 53.98 26.22 2.5
55.0 53.98 22.82 2.8
55.0 54.00 15.22 2.7
55.0 53.96 37.25 2.8
55.0 53.94 31.83 3.0
55.0 53.99 5.58 2.8
55.0 54.00 20.81 2.6
55.0 54.01 15.40 2.4
55.0 54.00 26.58 2.8
55.0 53.99 27.97 2.4
55.0 54.11 -23.53 2.6
55.0 54.10 24.13 2.7
55.0 54.05 38.79 2.6
55.0 54.06 18.59 2.8
55.0 53.99 48.94 2.3
55.0 54.02 9.80 2.9
55.0 54.04 15.80 3.0
55.0 54.05 17.25 2.8
55.0 54.08 12.21 2.4
55.0 54.09 16.66 2.6
55.0 54.07 28.25 2.6
55.0 54.06 22.82 2.7
55.0 53.97 54.27 1.9
55.0 53.98 21.64 2.8
55.0 53.96 32.04 3.0
55.0 53.98 14.76 2.9
55.0 53.88 57.51 3.0
55.0 53.87 29.95 2.8
55.0 53.88 21.69 3.4
55.0 53.88 24.56 3.0
55.0 53.90 20.50 2.9
55.0 53.93 13.87 3.7
55.0 53.97 10.63 3.0
55.0 53.91 42.11 2.8
55.0 53.88 35.86 2.8
55.0 53.90 21.84 2.8
55.0 54.03 -24.96 3.1
55.0 54.03 22.32 2.6
55.0 54.00 32.65 3.0
55.0 54.00 21.96 2.7
55.0 54.00 22.00 2.9
55.0 54.08 -6.53 2.9
55.0 54.08 22.99 2.8
55.0 54.06 28.10 2.9
55.0 54.08 10.84 2.8
55.0 54.14 2.13 2.6
55.0 54.10 33.86 2.3
55.0 54.05 38.73 2.6
55.0 54.06 16.17 2.7
55.0 54.06 21.83 3.0
55.0 54.05 22.68 2.4
55.0 54.08 12.24 2.7
55.0 54.07 22.98 3.0
55.0 54.07 22.08 2.8
55.0 54.04 33.19 2.7
55.0 54.04 22.44 2.6
55.0 54.04 21.48 2.6
55.0 54.03 22.42 2.8
55.0 54.03 22.41 2.6
55.0 54.02 27.58 2.8
55.0 54.01 26.66 2.7
55.0 54.02 15.54 2.8
55.0 53.98 37.99 2.7
55.0 53.96 31.47 2.8
55.0 53.95 26.58 2.9
55.0 53.96 20.12 2.8
55.0 53.96 21.42 2.8
55.0 53.98 16.32 2.6
55.0 53.99 20.68 2.6
55.0 53.98 27.84 2.8
55.0 54.09 -18.09 2.7
55.0 54.08 23.88 2.8
55.0 54.15 -5.35 3.0
55.0 54.09 39.32 2.9
55.0 54.07 28.33 2.6
55.0 54.04 32.91 3.5
55.0 53.98 43.05 2.9
55.0 54.00 16.53 3.1
55.0 53.99 26.36 2.9
55.0 53.95 37.29 2.8
55.0 53.96 20.13 2.9
55.0 54.02 2.67 3.0
55.0 54.01 26.03 2.9
55.0 54.01 21.05 3.0
55.0 53.97 37.87 2.8
55.0 53.95 31.31 2.8
55.0 54.00 5.66 2.5
55.0 53.99 25.58 2.9
55.0 54.02 12.97 2.8
55.0 54.02 21.23 2.6
55.0 54.05 10.30 2.6
55.0 54.03 27.79 2.6
55.0 54.00 32.73 2.8
55.0 54.02 16.84 2.7
55.0 54.01 26.70 2.6
55.0 53.98 31.91 2.0
55.0 53.97 27.76 2.4
55.0 53.98 20.47 2.8
55.0 54.00 16.49 2.7
55.0 53.94 42.51 2.6
55.0 53.92 31.57 2.6
55.0 53.87 41.36 3.1
55.0 53.88 24.42 2.8
55.0 53.92 11.86 2.4
55.0 53.89 35.95 2.8
55.0 53.96 -0.33 2.9
55.0 53.97 20.30 2.8
55.0 53.97 21.56 2.8
55.0 54.01 11.23 2.8
55.0 53.98 31.91 2.7
55.0 54.00 16.54 2.8
55.0 54.00 21.98 2.5
55.0 54.02 15.50 2.6
55.0 53.95 47.91 2.9
55.0 53.93 31.00 2.6
55.0 53.97 12.38 3.0
55.0 54.03 -1.56 2.7
55.0 54.05 17.19 2.6
55.0 54.06 17.37 2.6
55.0 54.03 32.70 2.2
55.0 54.04 17.12 2.5
55.0 54.04 21.57 2.6
55.0 54.07 13.50 2.6
55.0 54.05 27.43 2.6
55.0 54.05 21.70 2.2
55.0 54.08 12.17 2.7
55.0 54.03 38.39 2.3
55.0 53.98 37.78 2.6
55.0 53.99 20.67 3.2
55.0 54.01 16.63 2.7
55.0 53.97 37.52 2.6
55.0 53.97 20.39 2.5
55.0 53.98 21.62 2.6
55.0 53.98 21.69 2.7
55.0 54.00 16.56 2.3
55.0 53.99 26.39 2.5
55.0 53.95 37.04 2.8
55.0 53.97 17.58 2.8
55.0 53.94 36.77 2.7
55.0 53.93 26.33 2.7
55.0 53.97 8.89 2.8
55.0 54.00 9.49 2.6
55.0 54.01 20.98 2.6
55.0 54.01 21.02 2.6
55.0 54.00 27.26 2.5
55.0 54.00 21.93 2.7
55.0 54.00 21.97 2.6
55.0 54.03 10.01 2.6
55.0 54.05 15.99 2.4
55.0 54.05 23.50 2.5
55.0 54.06 16.17 2.4
55.0 54.03 33.05 2.5
55.0 54.03 22.31 2.1
55.0 54.09 -0.63 2.6
55.0 54.07 28.23 2.5
55.0 54.05 27.38 2.4
55.0 54.05 23.49 2.4
55.0 54.04 21.63 2.5
55.0 54.06 16.14 2.3
55.0 54.08 12.29 2.4
55.0 54.11 12.62 2.4
55.0 54.11 18.13 2.8
55.0 54.12 17.22 2.2
55.0 54.10 28.66 2.1
55.0 54.13 7.55 2.2
55.0 54.11 28.09 2.0
55.0 54.06 38.81 2.2
55.0 54.04 27.87 2.6
55.0 54.02 27.65 2.5
55.0 54.02 21.29 1.9
55.0 54.03 21.30 2.8
55.0 53.98 38.01 2.4
55.0 54.03 4.19 2.6
55.0 54.07 4.94 2.7
55.0 54.06 26.99 2.4
55.0 54.05 22.67 2.0
55.0 54.05 22.64 2.4
55.0 54.05 21.69 2.0
55.0 54.05 22.58 2.2
55.0 54.04 22.55 2.4
55.0 54.04 22.53 2.1
55.0 54.03 27.02 2.7
55.0 54.06 10.39 2.6
55.0 54.05 23.58 2.3
55.0 54.07 16.28 2.9
55.0 54.06 22.80 2.4
55.0 54.02 38.22 2.4
55.0 54.02 21.15 2.5
55.0 54.02 22.18 2.6
55.0 54.02 21.19 2.7
55.0 53.99 33.06 2.3
55.0 53.97 31.64 2.6
55.0 53.97 20.39 2.8
55.0 53.98 21.62 2.6
55.0 53.97 26.86 2.6
55.0 53.97 21.57 2.6
55.0 53.98 20.52 2.6
55.0 53.98 21.72 2.6
55.0 54.02 11.37 2.6
55.0 54.00 26.64 2.4
55.0 54.02 16.84 2.7
55.0 53.99 32.57 2.3
55.0 53.98 27.06 2.8
55.0 54.02 9.70 2.7
55.0 53.93 54.35 2.4
55.0 53.97 12.41 2.6
55.0 53.90 47.48 2.6
55.0 53.92 20.76 3.0
55.0 53.91 25.07 2.8
55.0 54.03 -12.90 2.8
55.0 54.07 6.69 2.8
55.0 54.07 21.20 2.6
55.0 54.02 38.29 2.6
55.0 54.02 22.23 2.7
55.0 54.04 17.05 2.5
55.0 54.08 5.03 2.7
55.0 54.07 21.34 2.6
55.0 54.07 23.76 2.6
55.0 54.08 16.54 2.4
55.0 54.10 12.58 2.5
55.0 54.10 23.29 2.4
55.0 54.13 5.97 2.6
55.0 54.14 17.53 2.3
55.0 54.11 28.50 2.1
55.0 54.09 29.08 2.4
55.0 54.07 27.75 2.4
55.0 54.07 22.84 2.4
55.0 54.09 10.98 2.4
55.0 54.03 43.70 2.4
55.0 54.04 17.12 2.7
55.0 54.03 27.00 2.4
55.0 54.04 17.10 2.8
55.0 54.05 17.29 2.6
55.0 53.97 54.12 2.8
55.0 54.00 11.13 2.6
55.0 54.08 -4.18 2.6
55.0 54.06 28.12 2.6
55.0 54.03 32.68 2.2
55.0 54.07 4.86 2.8
55.0 54.07 22.85 2.6
55.0 54.06 21.94 2.3
55.0 54.10 7.12 2.5
55.0 54.10 21.76 2.7
55.0 54.09 23.97 2.2
55.0 54.11 11.34 2.4
55.0 54.24 -27.26 2.6
55.0 54.22 25.38 2.4
55.0 54.24 9.06 2.5
55.0 54.21 30.10 2.4
55.0 54.19 24.10 2.0
55.0 54.13 40.10 2.2
55.0 54.13 19.35 2.6
55.0 54.14 17.51 2.9
55.0 54.11 28.88 2.9
55.0 54.07 33.71 2.6
55.0 54.10 11.12 2.6
55.0 54.08 28.40 2.6
55.0 54.10 11.17 3.0
55.0 54.09 24.04 2.6
55.0 54.10 16.92 2.5
55.0 54.10 23.27 3.0
55.0 54.13 5.94 2.5
55.0 54.14 17.50 2.0
55.0 54.14 18.51 2.4
55.0 54.19 1.12 2.1
55.0 54.19 18.36 2.2
55.0 54.16 29.50 2.2
55.0 54.19 6.89 1.8
55.0 54.19 18.36 2.0
55.0 54.17 23.80 2.2
55.0 54.08 49.21 2.6
55.0 54.12 5.77 2.2
55.0 54.11 22.13 2.2
55.0 54.09 29.08 2.1
55.0 54.08 22.31 2.6
55.0 54.21 -24.40 2.4
55.0 54.22 14.24 2.6
55.0 54.22 20.29 2.4
55.0 54.23 13.34 2.6
55.0 54.22 18.99 2.3
55.0 54.20 24.78 2.4
55.0 54.20 19.35 2.4
55.0 54.11 50.18 2.2
55.0 54.12 17.18 3.0
55.0 54.12 17.27 2.4
55.0 54.03 53.58 2.5
55.0 54.03 21.34 3.3
55.0 54.06 11.92 3.0
55.0 54.08 10.85 2.5
55.0 54.06 28.78 2.5
55.0 54.00 43.55 2.5
55.0 54.03 10.00 2.7
55.0 54.06 13.44 2.6
55.0 54.06 21.89 2.6
55.0 54.00 43.30 2.2
55.0 54.00 20.89 2.6
55.0 54.00 21.99 2.6
55.0 54.02 16.83 2.7
55.0 54.07 4.80 2.9
55.0 54.09 10.99 2.6
55.0 54.09 23.13 2.4
55.0 54.09 16.77 2.8
55.0 54.03 43.74 2.9
55.0 54.02 26.82 2.5
55.0 53.99 33.02 2.5
55.0 53.99 20.73 2.8
55.0 54.00 21.87 2.6
55.0 54.01 16.72 2.7
55.0 54.07 -0.85 2.8
55.0 54.05 28.07 2.4
55.0 54.08 10.81 2.5
55.0 54.09 18.88 2.6
55.0 54.07 27.76 2.4
55.0 54.04 32.87 2.6
55.0 54.04 22.43 3.0
55.0 54.14 -14.33 2.8
55.0 54.11 29.33 2.6
55.0 54.09 28.11 2.6
55.0 54.04 38.57 2.6
55.0 54.04 22.48 2.5
55.0 54.11 -5.99 2.8
55.0 54.10 23.38 2.6
55.0 54.10 23.28 2.8
55.0 54.09 23.18 2.5
55.0 54.08 22.30 2.8
55.0 54.08 22.20 3.0
55.0 54.07 23.80 2.7
55.0 54.07 22.05 2.8
55.0 54.08 17.64 2.9
55.0 54.06 27.59 2.6
55.0 54.06 22.72 2.4
55.0 54.10 7.05 2.4
55.0 54.09 21.67 2.5
55.0 54.10 17.92 2.6
55.0 54.09 23.22 2.2
55.0 54.07 28.31 2.3
55.0 54.08 16.56 2.4
55.0 54.09 16.72 2.4
55.0 54.10 18.97 2.5
55.0 54.08 27.90 2.4
55.0 54.09 17.76 2.2
55.0 54.07 28.25 2.6
55.0 54.09 11.01 2.5
55.0 54.09 23.14 2.4
55.0 54.11 11.30 2.2
55.0 54.17 -0.83 2.4
55.0 54.17 18.16 2.3
55.0 54.16 24.18 2.3
55.0 54.18 12.45 2.4
55.0 54.15 29.37 2.0
55.0 54.09 39.29 2.3
55.0 54.03 44.00 2.4
55.0 54.03 22.32 2.4
55.0 54.00 32.65 2.7
55.0 54.00 20.90 2.7
55.0 54.03 11.59 2.2
55.0 54.11 -3.76 2.7
55.0 54.13 12.92 2.4
55.0 54.09 33.77 2.2
55.0 54.10 16.83 1.9
55.0 54.12 14.07 2.5
55.0 54.08 33.65 2.0
55.0 54.12 7.37 2.6
55.0 54.08 33.58 2.4
55.0 54.09 18.89 2.3
55.0 54.03 43.99 2.6
55.0 54.04 15.88 3.4
55.0 54.07 12.10 2.5
55.0 54.05 28.03 2.1
55.0 54.06 17.43 2.6
55.0 54.12 -0.07 2.5
55.0 54.11 23.47 2.4
55.0 54.10 23.36 2.6
55.0 54.12 11.55 2.4
55.0 54.07 39.00 2.4
55.0 54.05 28.04 2.5
55.0 54.08 12.23 2.8
55.0 54.07 22.14 2.7
55.0 54.10 11.11 2.7
55.0 54.11 19.05 2.3
55.0 54.08 28.01 2.3
55.0 54.15 -3.12 2.6
55.0 54.13 28.71 2.4
55.0 54.10 28.72 2.9
55.0 54.09 23.25 2.5
55.0 54.04 38.64 2.4
55.0 54.04 23.45 2.2
55.0 54.01 32.44 2.6
55.0 54.01 21.10 2.6
55.0 54.02 22.14 2.6
55.0 53.94 47.85 3.1
55.0 53.95 21.27 2.8
55.0 53.99 9.24 3.0
55.0 53.99 20.76 2.8
55.0 54.03 11.49 3.0
55.0 54.04 15.86 2.5
55.0 54.04 22.49 2.5
55.0 54.04 21.54 2.8
55.0 54.04 23.41 2.2
55.0 53.98 43.16 2.6
55.0 53.97 26.04 2.4
55.0 53.96 26.76 2.8
55.0 53.91 42.06 2.7
55.0 53.89 31.16 3.1
55.0 53.88 30.12 3.0
55.0 53.89 21.80 2.8
55.0 53.89 24.70 2.8
55.0 53.91 19.24 3.0
55.0 53.92 20.78 2.8
55.0 53.94 15.74 2.7
55.0 54.03 -4.90 3.0
55.0 54.03 21.31 2.3
55.0 54.01 26.76 2.7
55.0 53.97 37.88 2.6
55.0 53.96 25.89 3.1
55.0 53.92 36.94 2.8
55.0 53.94 19.75 3.0
55.0 53.93 26.32 3.0
55.0 53.93 26.26 3.1
55.0 53.95 14.30 3.0
55.0 53.96 22.52 3.0
55.0 53.97 20.27 2.8
55.0 53.96 26.70 3.0
55.0 53.96 20.25 2.8
55.0 54.00 11.11 2.6
55.0 54.06 1.08 2.5
55.0 54.04 26.75 2.6
55.0 54.03 27.69 2.5
55.0 54.03 22.32 2.4
55.0 54.03 21.35 2.6
55.0 54.04 17.13 2.6
55.0 54.04 21.58 2.0
55.0 54.04 23.43 2.6
55.0 54.07 10.59 2.6
55.0 54.06 21.97 2.6
55.0 54.09 12.38 2.4
55.0 54.05 33.43 2.4
55.0 54.05 22.66 2.5
55.0 54.05 21.72 2.0
55.0 54.05 23.51 2.6
55.0 54.08 10.71 2.4
55.0 54.13 0.10 2.4
55.0 54.10 28.36 2.0
55.0 54.07 33.62 2.1
55.0 54.06 22.83 2.5
55.0 54.06 21.91 2.3
55.0 54.12 -0.12 2.2
55.0 54.11 24.17 2.3
55.0 54.10 22.58 2.2
55.0 54.14 7.59 2.2
55.0 54.17 5.01 2.2
55.0 54.18 12.59 2.3
55.0 54.21 8.67 2.0
55.0 54.28 -11.13 1.8
55.0 54.26 25.84 2.1
55.0 54.25 20.03 2.3
55.0 54.23 25.12 2.1
55.0 54.22 18.97 2.2
55.0 54.20 24.77 2.4
55.0 54.20 19.34 2.0
55.0 54.23 7.56 1.9
55.0 54.21 24.43 2.0
55.0 54.22 14.18 2.1
55.0 54.14 45.95 2.4
55.0 54.13 23.76 2.3
55.0 54.15 11.99 2.5
55.0 54.11 34.36 2.3
55.0 54.09 28.04 2.2
55.0 54.04 38.52 2.9
55.0 54.12 -9.01 2.6
55.0 54.17 2.65 3.0
55.0 54.14 29.04 2.8
55.0 54.08 44.81 2.4
55.0 54.09 18.81 2.6
55.0 54.08 22.23 2.6
55.0 54.07 22.14 2.5
55.0 54.07 22.91 2.2
55.0 54.07 22.85 2.6
55.0 54.03 33.13 2.8
55.0 54.02 26.87 2.6
55.0 54.00 26.64 2.7
55.0 53.95 42.69 2.6
55.0 53.97 14.67 2.6
55.0 53.98 21.61 2.4
55.0 54.00 15.10 2.7
55.0 54.06 3.07 2.6
55.0 54.06 20.95 2.6
55.0 54.05 21.78 2.2
55.0 54.04 27.82 2.7
55.0 54.08 6.79 2.6
55.0 54.06 27.59 2.6
55.0 54.04 27.29 2.4
55.0 54.10 1.62 2.5
55.0 54.12 11.51 2.4
55.0 54.11 22.80 2.2
55.0 54.06 38.85 2.2
55.0 54.04 27.91 2.4
55.0 54.06 16.12 2.2
55.0 54.05 22.68 1.8
55.0 54.04 27.19 2.6
55.0 54.04 23.38 2.6
55.0 54.05 16.01 2.4
55.0 53.99 43.34 2.2
55.0 53.99 21.84 2.5
55.0 53.91 52.65 2.4
55.0 53.92 20.84 2.8
55.0 53.96 8.77 3.0
55.0 53.95 25.78 2.8
55.0 53.93 31.73 2.6
55.0 53.91 30.74 3.5
55.0 53.90 31.21 2.8
55.0 53.85 41.24 3.1
55.0 53.87 20.10 3.0
55.0 53.89 18.89 3.0
55.0 53.90 19.14 2.9
55.0 53.93 17.07 2.8
55.0 53.95 14.33 2.6
55.0 53.96 21.36 2.8
55.0 53.94 31.16 2.3
55.0 53.93 26.35 2.6
55.0 53.97 10.71 2.8
55.0 53.98 20.47 2.4
55.0 54.01 11.27 2.7
55.0 54.00 27.29 2.5
55.0 53.99 27.12 2.6
55.0 54.01 15.25 2.7
55.0 53.92 52.81 2.7
55.0 53.93 20.98 2.5
55.0 53.97 8.92 2.9
55.0 53.92 42.13 3.0
55.0 53.93 20.95 2.6
55.0 53.94 19.83 2.6
55.0 53.93 26.39 2.3
55.0 53.93 25.34 2.6
55.0 53.90 37.06 3.0
55.0 53.92 13.84 2.8
55.0 53.93 21.01 3.0
55.0 53.93 25.34 2.9
55.0 53.91 31.40 2.8
55.0 53.94 15.64 2.8
55.0 53.92 30.80 2.4
55.0 53.93 20.92 2.6
55.0 53.95 15.87 2.9
55.0 53.99 9.24 2.9
55.0 53.99 20.75 2.7
55.0 53.95 37.35 2.2
55.0 53.98 16.19 2.5
55.0 53.94 36.81 2.4
55.0 53.93 25.39 2.6
55.0 53.93 27.28 2.8
55.0 53.84 57.49 3.1
55.0 53.84 25.08 2.8
55.0 53.90 2.01 3.0
55.0 53.90 25.94 2.9
55.0 53.87 35.67 2.8
55.0 53.84 35.19 3.0
55.0 53.79 45.68 3.1
55.0 53.79 29.65 3.0
55.0 53.74 44.94 3.6
55.0 53.78 11.38 3.3
55.0 53.79 24.38 3.2
55.0 53.79 29.66 3.1
55.0 53.80 23.05 3.2
55.0 53.79 29.72 3.1
55.0 53.84 8.92 3.0
55.0 53.89 5.38 3.1
55.0 53.89 24.67 2.8
55.0 53.93 8.27 2.8
55.0 54.00 0.24 2.9
55.0 54.00 19.89 2.5
55.0 53.99 26.43 1.7
55.0 54.00 21.87 2.4
55.0 54.01 16.73 2.6
55.0 54.00 27.32 2.6
55.0 54.02 15.46 2.4
55.0 54.02 22.20 2.2
55.0 54.12 -14.54 2.4
55.0 54.17 2.64 2.6
55.0 54.14 29.03 2.4
55.0 54.10 34.01 2.4
55.0 54.10 24.05 2.6
55.0 54.13 5.95 2.5
55.0 54.14 16.56 2.3
55.0 54.13 24.39 2.2
55.0 54.09 33.74 2.4
55.0 54.08 23.08 2.2
55.0 54.12 5.73 2.6
55.0 54.11 22.78 2.4
55.0 54.12 18.18 2.1
55.0 54.11 22.74 2.3
55.0 54.10 23.34 2.4
55.0 54.09 23.24 2.4
55.0 54.09 23.15 2.4
55.0 54.05 33.13 2.3
55.0 54.09 5.27 2.5
55.0 54.09 23.15 2.2
55.0 54.10 16.81 2.4
55.0 54.07 28.36 2.2
55.0 54.08 16.61 2.5
55.0 54.06 28.21 2.4
55.0 54.09 12.38 2.4
55.0 54.07 27.76 2.6
55.0 54.09 13.79 2.6
55.0 54.09 22.38 2.5
55.0 54.08 22.28 2.6
55.0 54.06 28.18 2.2
55.0 54.12 1.87 2.6
55.0 54.07 39.01 2.4
55.0 54.05 27.37 2.4
55.0 54.03 27.74 2.2
55.0 54.05 17.17 2.4
55.0 54.01 32.48 2.1
55.0 54.06 6.52 2.8
55.0 54.04 26.72 2.6
55.0 54.07 13.52 2.5
55.0 54.05 27.45 2.5
55.0 54.05 21.72 2.8
55.0 54.06 18.56 2.5
55.0 54.04 27.32 2.4
55.0 54.01 32.85 2.5
55.0 53.97 37.40 2.4
55.0 53.96 26.78 2.6
55.0 53.97 21.50 2.6
55.0 54.03 -1.53 2.9
55.0 54.03 22.40 2.6
55.0 54.02 27.57 2.4
55.0 54.03 17.01 2.6
55.0 54.00 32.31 2.6
55.0 54.01 20.99 2.2
55.0 53.99 28.02 2.4
55.0 54.01 15.37 2.8
55.0 54.07 1.25 2.7
55.0 54.04 32.69 2.5
55.0 54.04 22.47 2.6
55.0 54.10 1.57 2.8
55.0 54.09 21.65 2.3
55.0 54.07 28.84 2.3
55.0 54.05 27.43 2.0
55.0 54.02 32.56 2.5
55.0 54.02 22.21 2.6
55.0 54.02 22.22 2.6
55.0 53.99 32.56 2.6
55.0 54.00 20.81 2.7
55.0 54.00 21.92 2.7
55.0 53.99 27.14 2.8
55.0 54.01 15.27 2.4
55.0 54.01 22.05 2.2
55.0 53.98 31.92 2.5
55.0 53.97 27.77 2.6
55.0 53.98 20.48 2.9
55.0 53.98 20.57 2.7
55.0 54.02 11.35 2.5
55.0 54.05 11.78 2.6
55.0 54.07 12.16 2.4
55.0 54.06 27.51 2.4
55.0 54.01 38.32 2.2
55.0 54.01 21.06 2.2
55.0 54.00 26.54 2.7
55.0 53.97 32.28 3.1
55.0 53.95 31.95 2.4
55.0 53.96 21.33 2.9
55.0 53.98 14.79 2.6
55.0 54.00 15.13 2.4
55.0 53.97 32.85 2.3
55.0 53.95 31.36 2.8
55.0 54.02 0.44 2.2
55.0 54.03 14.38 2.5
55.0 54.02 27.54 2.3
55.0 53.96 42.77 2.5
55.0 53.97 20.30 2.8
55.0 53.96 27.62 2.8
55.0 53.97 20.28 3.0
55.0 53.94 31.87 3.1
55.0 53.97 14.57 2.7
55.0 53.96 26.72 2.5
55.0 53.94 31.77 2.6
55.0 53.93 25.37 2.7
55.0 53.88 41.68 2.6
55.0 53.90 20.49 3.5
55.0 53.90 24.77 2.8
55.0 53.97 -0.23 3.3
55.0 53.99 14.96 2.8
55.0 53.99 22.90 2.6
55.0 54.03 9.86 2.5
55.0 54.03 20.33 2.4
55.0 54.08 1.41 2.1
55.0 54.08 22.23 2.4
55.0 54.10 12.57 2.2
55.0 54.13 11.57 2.4
55.0 54.14 14.34 2.0
55.0 54.12 28.60 2.3
55.0 54.08 33.62 2.3
55.0 54.13 2.10 2.3
55.0 54.12 22.99 2.3
55.0 54.11 23.53 2.0
55.0 54.06 38.96 2.2
55.0 54.04 27.32 2.3
55.0 54.09 8.55 2.7
55.0 54.07 27.22 2.7
55.0 54.05 27.98 2.4
55.0 54.08 10.71 2.2
55.0 54.09 17.73 2.2
55.0 54.08 23.05 2.3
55.0 54.02 43.81 2.6
55.0 54.00 28.12 2.5
55.0 54.01 20.97 2.7
55.0 54.10 -9.40 2.2
55.0 54.09 22.41 2.4
55.0 54.10 17.91 2.6
55.0 54.11 18.02 2.4
55.0 54.16 0.58 2.4
55.0 54.14 23.35 2.3
55.0 54.13 23.79 2.2
55.0 54.14 17.50 2.2
55.0 54.07 44.28 2.4
55.0 54.08 16.51 2.6
55.0 54.07 23.80 2.4
55.0 54.11 5.61 2.8
55.0 54.10 21.96 2.4
55.0 54.11 18.10 2.5
55.0 54.12 18.19 2.3
55.0 54.11 23.46 2.4
55.0 54.13 11.66 1.9
55.0 54.12 24.32 2.4
55.0 54.13 17.31 2.4
55.0 54.16 6.41 2.2
55.0 54.15 23.39 2.2
55.0 54.06 49.51 1.9
55.0 54.07 17.57 2.3
55.0 54.10 11.12 2.4
55.0 54.05 38.72 2.0
55.0 54.03 28.43 2.3
55.0 54.00 32.28 2.0
55.0 53.99 27.18 2.5
55.0 53.99 20.77 2.4
55.0 53.98 27.08 2.6
55.0 53.94 37.22 2.6
55.0 53.95 20.06 2.7
55.0 53.96 21.37 2.7
55.0 54.07 -15.28 3.0
55.0 54.07 23.72 2.7
55.0 54.05 27.39 2.7
55.0 54.06 17.38 2.7
55.0 54.04 27.91 2.6
55.0 54.03 27.03 2.5
55.0 54.01 27.49 2.8
55.0 54.03 16.94 2.9
55.0 54.01 26.81 2.6
55.0 54.03 16.96 3.0
55.0 54.07 4.93 3.0
55.0 54.07 22.91 2.5
55.0 54.08 16.53 2.8
55.0 54.08 22.16 2.4
55.0 54.07 22.92 2.4
55.0 53.99 48.54 2.4
55.0 54.00 21.90 2.6
55.0 53.99 26.33 2.7
55.0 53.99 22.88 2.6
55.0 53.99 20.77 2.4
55.0 54.04 4.38 2.6
55.0 54.03 27.01 2.6
55.0 54.03 22.30 2.1
55.0 54.03 22.30 2.4
55.0 54.00 32.19 2.6
55.0 53.97 31.75 2.2
55.0 53.93 37.48 2.3
55.0 53.93 25.34 2.6
55.0 53.95 15.88 2.2
55.0 53.96 20.20 2.6
55.0 54.01 7.72 2.2
55.0 54.00 25.83 2.8
55.0 53.99 26.35 2.6
55.0 53.99 21.81 2.6
55.0 54.02 11.46 2.6
55.0 54.04 17.09 2.4
55.0 54.04 21.53 2.4
55.0 54.02 27.63 2.5
55.0 53.98 37.72 2.4
55.0 53.97 26.05 2.6
55.0 53.90 47.28 3.0
55.0 53.90 25.94 2.8
55.0 53.90 24.85 3.0
55.0 53.99 -5.45 3.0
55.0 53.95 36.98 2.8
55.0 53.94 27.43 3.0
55.0 53.95 20.00 2.7
55.0 53.94 26.51 3.0
55.0 53.84 63.04 3.1
55.0 53.87 14.72 3.2
55.0 53.89 20.34 3.1
55.0 53.97 -8.36 2.8
55.0 53.97 27.69 2.9
55.0 53.99 14.91 3.2
55.0 53.92 47.73 2.8
55.0 53.93 20.94 3.3
55.0 53.95 15.89 3.1
55.0 54.05 -10.06 3.3
55.0 54.00 38.06 2.8
55.0 54.05 6.39 3.2
55.0 54.05 21.70 2.7
55.0 54.03 27.11 2.8
55.0 54.03 22.37 3.1
55.0 54.06 10.46 2.6
55.0 54.06 23.62 2.6
55.0 54.07 16.34 2.5
55.0 54.08 16.52 2.7
55.0 54.10 13.89 2.2
55.0 54.10 22.52 2.4
55.0 54.06 33.52 2.5
55.0 54.01 38.13 2.2
55.0 54.02 22.15 2.8
55.0 54.00 27.34 2.6
55.0 54.02 15.49 2.1
55.0 54.04 17.02 2.8
55.0 54.01 32.74 3.0
55.0 54.01 22.04 2.6
55.0 54.04 10.09 2.8
55.0 53.98 43.18 2.2
55.0 53.97 27.75 2.8
55.0 53.88 58.16 2.6
55.0 53.88 25.57 2.4
55.0 53.85 35.88 3.0
55.0 53.88 13.10 3.1
55.0 53.91 15.28 3.0
55.0 53.92 19.53 3.0
55.0 53.92 27.18 2.9
55.0 53.86 46.68 3.3
55.0 53.87 20.17 3.0
55.0 53.85 35.25 2.9
55.0 53.97 -16.72 3.0
55.0 53.95 32.55 3.0
55.0 53.95 20.06 3.2
55.0 53.98 16.19 3.0
55.0 53.95 31.99 3.0
55.0 53.96 20.17 3.3
55.0 53.95 26.63 2.8
55.0 54.03 -4.79 3.0
55.0 54.03 22.39 2.8
55.0 54.05 15.96 2.6
55.0 54.05 22.56 2.8
55.0 54.03 27.71 2.8
55.0 54.01 26.81 3.1
55.0 53.99 32.48 2.9
55.0 53.99 20.71 2.8
55.0 53.99 22.93 2.9
55.0 53.95 37.11 2.9
55.0 53.95 25.66 2.4
55.0 53.96 21.31 2.8
55.0 54.02 0.53 2.9
55.0 54.01 26.70 2.4
55.0 54.00 26.48 2.7
55.0 53.98 26.29 2.7
55.0 54.05 2.95 3.0
55.0 54.06 14.97 2.6
55.0 54.07 17.54 2.4
55.0 54.04 33.20 2.7
55.0 54.04 22.45 2.6
55.0 54.02 26.94 2.6
55.0 54.08 -0.72 2.8
55.0 54.06 28.76 2.4
55.0 54.06 21.87 2.7
55.0 54.11 1.82 2.5
55.0 54.08 33.45 2.3
55.0 54.07 22.94 2.6
55.0 54.04 33.20 2.4
55.0 53.95 53.88 2.6
55.0 53.96 21.35 2.5
55.0 54.02 0.57 2.8
55.0 54.03 20.31 2.5
55.0 54.03 22.29 2.0
55.0 54.04 15.84 2.6
55.0 54.02 28.35 2.4
55.0 54.13 -17.38 2.7
55.0 54.10 29.23 2.6
55.0 54.11 18.09 2.8
55.0 54.06 38.91 2.6
55.0 54.06 22.72 2.6
55.0 54.07 16.32 2.0
55.0 54.01 43.32 2.7
55.0 53.98 31.88 3.1
55.0 53.97 26.04 3.3
55.0 53.99 16.40 3.0
55.0 53.97 32.18 2.6
55.0 53.97 21.53 2.9
55.0 53.92 42.14 3.0
55.0 53.92 26.13 3.0
55.0 53.93 20.91 3.2
55.0 53.92 25.24 3.0
55.0 53.90 31.33 2.9
55.0 53.92 20.77 3.4
55.0 53.91 26.10 2.9
55.0 53.90 30.45 3.0
55.0 53.89 24.75 2.2
55.0 53.91 21.97 3.1
55.0 53.89 30.36 3.0
55.0 53.98 -5.56 3.0
55.0 53.95 31.45 2.8
55.0 53.96 21.40 3.0
55.0 53.95 26.66 2.8
55.0 53.98 14.74 3.1
55.0 54.00 16.48 3.0
55.0 54.01 16.73 2.6
55.0 53.99 32.47 2.9
55.0 53.96 31.57 2.8
55.0 53.95 26.66 3.0
55.0 53.95 26.56 3.3
55.0 53.96 20.09 3.0
55.0 54.01 5.77 2.8
55.0 54.02 15.55 2.6
55.0 54.04 15.81 2.6
55.0 54.05 17.26 2.7
55.0 54.09 5.27 2.5
55.0 54.09 23.15 2.5
55.0 54.04 38.54 2.5
55.0 54.07 10.56 2.4
55.0 54.09 12.40 2.6
55.0 54.10 17.93 2.8
55.0 54.09 23.23 2.4
55.0 54.06 33.22 2.0
55.0 54.03 33.02 1.7
55.0 54.03 22.29 2.5
55.0 54.07 4.86 2.5
55.0 54.05 27.45 2.6
55.0 54.06 17.43 2.3
55.0 54.06 22.78 2.2
55.0 54.09 10.90 2.6
55.0 54.05 33.12 2.2
55.0 54.05 23.53 2.4
55.0 54.15 -16.99 3.0
55.0 54.15 19.57 2.5
55.0 54.14 23.29 2.7
55.0 54.14 19.47 2.4
55.0 54.18 6.69 2.4
55.0 54.13 34.61 2.5
55.0 54.12 23.64 1.8
55.0 54.14 13.11 2.8
55.0 54.12 28.94 2.4
55.0 54.12 17.25 2.4
55.0 54.07 38.98 2.5
55.0 53.99 48.53 2.5
55.0 53.98 26.25 2.8
55.0 53.94 37.21 2.4
55.0 53.88 46.94 2.8
55.0 53.91 13.59 3.2
55.0 53.92 20.83 2.6
55.0 53.95 14.23 2.9
55.0 53.93 32.34 2.7
55.0 53.94 19.77 2.5
55.0 53.96 15.97 2.8
55.0 53.92 36.57 3.1
55.0 53.92 26.18 2.9
55.0 53.89 36.42 3.0
55.0 53.89 24.61 2.9
55.0 53.87 30.87 3.0
55.0 53.83 40.94 3.2
55.0 53.86 12.82 3.2
55.0 53.98 -16.50 2.9
55.0 53.97 27.79 3.0
55.0 53.95 31.97 3.3
55.0 53.96 20.15 2.8
55.0 53.99 11.04 2.9
55.0 53.98 27.07 3.0
55.0 53.97 26.10 2.6
55.0 53.99 16.44 3.1
55.0 54.00 20.82 3.4
55.0 54.01 18.04 2.8
55.0 54.05 10.20 2.4
55.0 54.12 -5.90 2.6
55.0 54.12 18.26 2.5
55.0 54.14 13.12 2.4
55.0 54.12 28.95 2.4
55.0 54.11 22.73 2.4
55.0 54.13 14.18 2.5
55.0 54.13 17.46 2.7
55.0 54.08 39.26 2.4
55.0 54.07 22.98 2.4
55.0 54.14 -3.24 2.9
55.0 54.13 23.78 2.4
55.0 54.11 28.41 2.5
55.0 54.11 17.12 2.3
55.0 54.18 -0.78 2.5
55.0 54.18 18.22 2.3
55.0 54.15 29.40 2.4
55.0 54.17 12.28 2.4
55.0 54.17 18.88 2.6
55.0 54.23 -2.07 2.4
55.0 54.22 18.96 2.4
55.0 54.20 25.23 2.2
55.0 54.18 24.05 2.0
55.0 54.17 24.31 2.2
55.0 54.14 28.98 2.2
55.0 54.14 18.55 2.2
55.0 54.19 2.91 2.8
55.0 54.19 17.64 2.3
55.0 54.12 44.95 2.2
55.0 54.15 7.80 2.4
55.0 54.15 16.89 2.4
55.0 54.13 29.08 2.6
55.0 54.13 17.41 2.4
55.0 54.09 34.17 2.5
55.0 54.09 22.34 3.1
55.0 54.14 0.27 2.4
55.0 54.14 17.60 2.4
55.0 54.13 23.77 2.0
55.0 54.15 13.22 2.4
55.0 54.14 23.24 2.1
55.0 54.14 19.44 2.7
55.0 54.13 23.11 2.0
55.0 54.12 22.93 2.1
55.0 54.10 28.66 2.3
55.0 54.12 12.78 2.4
55.0 54.11 23.47 2.4
55.0 54.09 28.06 2.4
55.0 54.13 5.82 2.6
55.0 54.13 18.36 2.3
55.0 54.12 22.93 1.9
55.0 54.04 49.17 2.2
55.0 54.04 21.52 2.5
55.0 54.04 22.45 2.1
55.0 53.98 43.02 2.4
55.0 53.97 26.03 2.7
55.0 53.99 17.76 2.2
55.0 53.99 20.75 2.7
55.0 54.00 21.89 2.6
55.0 54.06 -1.11 2.2
55.0 54.07 17.52 2.5
55.0 54.07 22.86 2.8
55.0 54.06 21.94 2.8
55.0 54.12 1.87 2.4
55.0 54.11 22.74 2.4
55.0 54.10 22.60 2.4
55.0 54.11 18.05 2.1
55.0 54.07 33.46 2.5
55.0 54.08 18.78 2.4
55.0 54.05 33.05 2.6
55.0 53.99 43.31 2.7
55.0 54.01 16.62 2.6
55.0 54.04 11.65 2.6
55.0 54.01 32.78 2.5
55.0 54.04 10.09 2.8
55.0 53.95 52.75 2.6
55.0 53.96 20.17 2.2
55.0 53.92 36.56 2.6
55.0 53.90 31.33 2.7
55.0 53.90 25.94 2.9
55.0 53.92 20.74 2.8
55.0 53.91 25.05 2.9
55.0 53.92 19.55 2.8
55.0 53.95 17.30 2.8
55.0 53.93 30.99 2.8
55.0 53.95 15.87 3.0
55.0 53.96 20.18 2.8
55.0 54.01 7.71 2.7
55.0 54.00 25.81 2.6
55.0 54.00 20.89 2.5
55.0 54.00 21.99 2.6
55.0 53.92 52.79 2.2
55.0 53.87 41.54 2.8
55.0 53.86 29.82 3.1
55.0 53.91 9.80 3.2
55.0 53.90 24.90 3.0
55.0 53.93 13.96 2.6
55.0 53.96 15.90 2.6
55.0 53.93 31.73 2.6
55.0 53.94 19.88 3.1
55.0 53.92 31.58 2.7
55.0 53.98 3.27 2.9
55.0 53.97 26.86 2.6
55.0 54.05 -7.10 2.5
55.0 54.03 27.74 2.2
55.0 54.03 21.39 2.2
55.0 54.03 22.36 2.4
55.0 54.03 22.36 2.6
55.0 54.04 15.92 2.6
55.0 54.03 28.40 2.8
55.0 54.06 10.41 2.4
55.0 54.14 -11.28 2.4
55.0 54.13 24.45 2.3
55.0 54.14 18.44 2.6
55.0 53.98 74.60 3.1
55.0 54.00 15.18 3.1
55.0 54.03 11.59 2.7
55.0 54.02 27.57 2.8
55.0 54.02 21.20 2.7
55.0 53.98 37.68 2.5
55.0 53.98 20.56 2.8
55.0 54.02 12.92 2.8
55.0 54.02 21.17 3.0
55.0 54.06 4.73 2.6
55.0 54.04 27.93 2.4
55.0 54.06 16.14 3.0
55.0 54.05 22.70 2.6
55.0 54.02 32.63 2.8
55.0 54.04 17.07 1.6
55.0 54.02 27.63 2.6
55.0 53.99 32.14 2.4
55.0 54.00 21.90 2.6
55.0 54.00 21.94 2.6
55.0 54.02 16.79 3.1
55.0 54.03 15.74 2.6
55.0 53.95 53.81 2.5
55.0 54.01 2.57 2.7
55.0 54.03 14.35 2.6
55.0 54.04 17.16 2.9
55.0 54.04 21.60 2.6
55.0 54.07 12.11 2.6
55.0 53.99 48.55 2.2
e 71.24169182777405