95.0 -27.31 12.75 0.0
95.0 -17.19 -0.64 0.1
95.0 -8.12 -13.36 0.0
95.0 0.06 -25.44 0.0
95.0 7.56 -36.92 0.0
95.0 14.17 -47.82 0.0
95.0 20.10 -58.18 0.0
95.0 25.47 -68.02 0.0
95.0 30.32 -77.37 0.0
95.0 34.68 -86.25 0.0
95.0 38.64 -94.69 0.0
95.0 42.15 -102.70 0.0
95.0 45.25 -110.32 0.0
95.0 48.10 -117.55 0.2
95.0 50.64 -124.43 0.0
95.0 52.92 -130.95 0.0
95.0 55.13 -137.16 0.0
95.0 56.96 -143.05 0.0
95.0 58.64 -148.65 0.0
95.0 60.20 -153.96 0.0
95.0 61.53 -159.02 0.0
95.0 62.72 -163.81 0.0
95.0 63.70 -168.37 0.0
95.0 64.65 -172.71 0.0
95.0 65.53 -176.82 0.0
95.0 66.28 -180.73 0.0
95.0 67.00 -184.44 0.0
95.0 67.64 -187.97 0.0
95.0 68.20 -191.32 0.0
95.0 68.73 -194.51 0.0
95.0 69.23 -197.53 0.0
95.0 69.80 -200.40 0.0
95.0 70.17 -203.13 0.0
95.0 70.53 -205.73 0.0
95.0 70.75 -208.19 0.0
95.0 71.02 -210.53 0.3
95.0 71.31 -212.75 0.0
95.0 71.48 -214.87 0.0
95.0 71.68 -216.87 0.0
95.0 71.88 -218.78 0.0
95.0 72.04 -220.59 0.0
95.0 72.19 -222.31 0.2
95.0 72.36 -223.95 0.0
95.0 72.50 -225.50 0.0
95.0 72.55 -226.97 0.0
95.0 72.61 -228.37 0.0
95.0 72.70 -229.71 0.1
95.0 72.88 -230.97 0.0
95.0 72.99 -232.17 0.0
95.0 73.04 -233.31 0.0
95.0 73.01 -234.40 0.0
95.0 73.03 -235.43 0.0
95.0 73.05 -236.41 0.0
95.0 73.04 -237.34 0.0
95.0 73.06 -238.22 0.0
95.0 73.12 -239.06 0.0
95.0 73.18 -239.86 0.0
95.0 73.19 -240.61 0.2
95.0 73.17 -241.33 0.0
95.0 73.17 -242.02 0.0
95.0 73.13 -242.66 0.0
95.0 73.04 -243.28 0.0
95.0 73.06 -243.87 0.0
95.0 73.23 -244.42 0.0
95.0 73.23 -244.95 0.0
95.0 73.20 -245.46 0.2
95.0 73.20 -245.93 0.0
95.0 73.18 -246.39 0.0
95.0 73.16 -246.82 0.1
95.0 73.14 -247.23 0.0
95.0 73.15 -247.61 0.0
95.0 73.16 -247.98 0.0
95.0 73.14 -248.33 0.0
95.0 73.15 -248.67 0.0
95.0 73.13 -248.98 0.0
95.0 73.11 -249.29 0.0
95.0 73.17 -249.57 0.0
95.0 73.15 -249.84 0.0
95.0 73.14 -250.10 0.0
95.0 73.22 -250.35 0.0
95.0 73.22 -250.58 0.0
0.0 73.20 -250.80 0.1
0.0 73.17 -251.01 0.0
0.0 73.18 -251.21 0.0
0.0 73.23 -251.40 0.0
0.0 73.33 -251.58 0.0
0.0 
0.0 73.27 -251.75 0.0
0.0 73.24 -251.91 0.0
0.0 73.19 -252.07 0.0
0.0 73.02 -252.21 0.0
0.0 73.00 -252.35 0.0
0.0 73.02 -252.48 0.0
0.0 72.87 -252.61 0.0
0.0 72.95 -252.73 0.0
0.0 72.93 -252.84 0.0
0.0 72.94 -252.95 0.0
0.0 72.92 -253.05 0.0
0.0 72.90 -253.15 0.0
0.0 72.86 -253.24 0.0
0.0 72.84 -253.33 0.0
0.0 72.83 -253.41 0.0
0.0 72.82 -253.49 0.0
0.0 72.91 -253.57 0.0
0.0 72.89 -253.64 0.0
0.0 72.88 -253.71 0.0
0.0 72.81 -253.77 0.0
0.0 72.81 -253.83 0.0
0.0 72.75 -253.89 0.0
0.0 72.75 -253.95 0.0
0.0 72.75 -254.00 0.0
0.0 72.70 -254.05 0.0
0.0 72.67 -254.10 0.0
0.0 72.61 -254.14 0.0
0.0 72.62 -254.19 0.0
0.0 72.56 -254.23 0.0
0.0 72.53 -254.27 0.0
0.0 72.55 -254.30 0.0
0.0 72.54 -254.34 0.0
0.0 72.54 -254.37 0.0
0.0 72.53 -254.40 0.0
0.0 72.50 -254.43 0.0
0.0 72.48 -254.46 0.0
0.0 72.58 -254.49 0.0
0.0 72.52 -254.51 0.0
0.0 72.52 -254.54 0.0
0.0 72.51 -254.56 0.0
0.0 72.49 -254.58 0.0
0.0 72.49 -254.60 0.0
0.0 72.44 -254.62 0.0
0.0 72.47 -254.64 0.0
0.0 72.44 -254.66 0.0
0.0 72.42 -254.68 0.0
0.0 72.48 -254.69 0.0
0.0 72.48 -254.71 0.0
0.0 72.46 -254.72 0.0
0.0 72.46 -254.74 0.0
0.0 72.46 -254.75 0.0
0.0 72.44 -254.76 0.0
0.0 72.44 -254.77 0.0
0.0 72.35 -254.79 0.0
0.0 72.37 -254.80 0.0
0.0 72.38 -254.81 0.0
0.0 72.41 -254.82 0.0
0.0 72.42 -254.83 0.0
0.0 72.40 -254.83 0.0
0.0 72.34 -254.84 0.1
0.0 72.35 -254.85 0.0
0.0 72.34 -254.86 0.0
0.0 72.33 -254.86 0.0
0.0 72.25 -254.87 0.0
0.0 72.23 -254.88 0.2
0.0 72.21 -254.88 0.0
0.0 72.16 -254.89 0.0
0.0 72.17 -254.90 0.0
0.0 72.15 -254.90 0.0
0.0 72.16 -254.91 0.0
0.0 72.22 -254.91 0.0
0.0 72.13 -254.91 0.0
0.0 72.14 -254.92 0.0
0.0 72.17 -254.92 0.0
0.0 72.16 -254.93 0.0
0.0 72.14 -254.93 0.0
0.0 72.13 -254.93 0.0
0.0 72.11 -254.94 0.0
0.0 72.13 -254.94 0.0
0.0 72.12 -254.94 0.0
0.0 72.13 -254.95 0.0
0.0 72.14 -254.95 0.0
0.0 72.27 -254.95 0.0
0.0 72.25 -254.95 0.0
0.0 72.22 -254.96 0.0
0.0 72.22 -254.96 0.0
0.0 72.20 -254.96 0.0
0.0 72.16 -254.96 0.0
0.0 72.12 -254.96 0.0
0.0 72.08 -254.97 0.0
0.0 72.10 -254.97 0.2
0.0 72.11 -254.97 0.0
0.0 72.10 -254.97 0.0
0.0 72.09 -254.97 0.0
0.0 72.06 -254.97 0.0
0.0 72.01 -254.98 0.0
0.0 71.89 -254.98 0.0
0.0 71.90 -254.98 0.0
0.0 71.91 -254.98 0.0
0.0 71.97 -254.98 0.0
0.0 71.97 -254.98 0.0
0.0 72.02 -254.98 0.0
0.0 72.02 -254.98 0.0
0.0 72.07 -254.98 0.0
0.0 72.04 -254.98 0.0
0.0 72.01 -254.99 0.0
0.0 71.94 -254.99 0.0
0.0 71.92 -254.99 0.0
0.0 71.93 -254.99 0.0
0.0 71.94 -254.99 0.0
0.0 71.92 -254.99 0.0
0.0 71.93 -254.99 0.2
0.0 71.91 -254.99 0.0
0.0 71.87 -254.99 0.0
0.0 71.86 -254.99 0.0
0.0 71.83 -254.99 0.0
0.0 71.82 -254.99 0.0
0.0 71.82 -254.99 0.0
0.0 71.86 -254.99 0.0
95.0 71.85 -254.99 0.0
95.0 71.77 -254.99 0.0
95.0 71.77 -254.99 0.0
95.0 71.79 -254.99 0.0
95.0 71.82 -254.99 0.0
95.0 
95.0 71.74 -229.49 0.0
95.0 71.70 -205.27 0.0
95.0 71.63 -182.26 0.0
95.0 71.60 -160.39 0.0
95.0 71.59 -139.62 0.0
95.0 71.58 -119.89 0.0
95.0 71.58 -101.15 0.0
95.0 71.55 -83.34 0.0
95.0 71.55 -66.42 0.0
95.0 71.52 -50.35 0.0
95.0 71.41 -35.08 0.0
95.0 71.33 -20.58 0.0
95.0 71.32 -6.80 0.0
95.0 71.34 6.29 0.0
95.0 71.34 18.72 0.0
95.0 71.29 30.54 0.0
95.0 71.24 41.76 0.0
95.0 71.27 52.42 0.0
95.0 71.39 62.55 0.0
95.0 71.36 72.17 0.0
95.0 71.35 81.32 0.0
95.0 71.35 90.00 0.0
95.0 71.36 98.25 0.0
95.0 71.33 106.09 0.0
95.0 71.45 113.53 0.0
95.0 71.43 120.61 0.0
95.0 71.40 127.33 0.0
95.0 71.41 133.71 0.0
95.0 71.37 139.77 0.1
95.0 71.49 145.54 0.0
95.0 71.47 151.01 0.0
95.0 71.45 156.21 0.0
95.0 71.39 161.15 0.0
95.0 71.40 165.84 0.0
95.0 71.41 170.30 0.0
95.0 71.43 174.53 0.0
95.0 71.41 178.56 0.0
95.0 71.35 182.38 0.0
95.0 71.35 186.01 0.0
95.0 71.27 189.46 0.0
95.0 71.25 192.74 0.0
95.0 71.28 195.85 0.0
95.0 71.26 198.81 0.0
95.0 71.33 201.62 0.0
95.0 71.35 204.29 0.0
95.0 71.39 206.82 0.0
95.0 71.36 209.23 0.0
95.0 71.35 211.52 0.0
95.0 71.35 213.69 0.0
95.0 71.27 215.76 0.0
95.0 71.27 217.72 0.0
95.0 71.21 219.58 0.0
95.0 71.19 221.36 0.0
95.0 71.27 223.04 0.0
95.0 71.28 224.64 0.0
95.0 71.42 226.15 0.0
95.0 71.41 227.60 0.0
95.0 71.30 228.97 0.0
95.0 71.30 230.27 0.0
95.0 71.28 231.50 0.0
95.0 71.30 232.68 0.0
95.0 71.26 233.80 0.0
95.0 71.24 234.86 0.0
95.0 71.22 235.86 0.0
95.0 71.18 236.82 0.0
95.0 71.17 237.73 0.0
95.0 71.18 238.59 0.0
95.0 71.17 239.41 0.0
95.0 71.18 240.19 0.0
95.0 71.12 240.93 0.0
95.0 71.12 241.64 0.0
95.0 71.09 242.30 0.0
95.0 71.06 242.94 0.0
95.0 71.06 243.54 0.0
95.0 71.06 244.11 0.0
95.0 71.02 244.66 0.0
95.0 70.95 245.18 0.0
95.0 70.94 245.67 0.1
95.0 70.95 246.13 0.0
95.0 70.96 246.58 0.2
95.0 70.95 247.00 0.0
95.0 71.01 247.40 0.0
95.0 70.92 247.78 0.0
95.0 70.86 248.14 0.0
95.0 70.86 248.48 0.0
95.0 70.83 248.81 0.0
95.0 70.88 249.12 0.0
95.0 70.88 249.41 0.0
95.0 70.82 249.69 0.0
95.0 70.83 249.96 0.0
95.0 70.83 250.21 0.0
95.0 70.83 250.45 0.0
95.0 70.78 250.68 0.0
95.0 70.78 250.89 0.0
95.0 70.86 251.10 0.0
95.0 70.86 251.29 0.0
95.0 70.83 251.48 0.0
95.0 70.81 251.65 0.0
95.0 70.81 251.82 0.0
95.0 70.79 251.98 0.0
95.0 70.79 252.13 0.0
95.0 70.80 252.27 0.0
95.0 70.85 252.41 0.0
95.0 70.82 252.54 0.0
95.0 70.82 252.66 0.0
95.0 70.82 252.78 0.0
95.0 70.80 252.89 0.0
95.0 70.78 253.00 0.0
95.0 70.78 253.10 0.0
95.0 70.77 253.19 0.0
95.0 70.70 253.28 0.0
95.0 70.69 253.37 0.2
95.0 70.75 253.45 0.0
95.0 70.76 253.53 0.0
95.0 70.74 253.60 0.0
95.0 70.78 253.67 0.0
95.0 70.71 253.74 0.0
95.0 70.70 253.80 0.3
95.0 70.67 253.86 0.0
95.0 70.66 253.92 0.0
95.0 70.65 253.97 0.0
95.0 70.67 254.02 0.0
95.0 70.66 254.07 0.0
95.0 70.66 254.12 0.2
95.0 70.67 254.16 0.0
95.0 70.62 254.20 0.0
95.0 70.67 254.24 0.0
95.0 70.64 254.28 0.0
95.0 70.63 254.32 0.0
95.0 70.70 254.35 0.0
95.0 70.71 254.38 0.0
95.0 70.68 254.42 0.0
95.0 70.76 254.44 0.0
95.0 70.72 254.47 0.0
95.0 70.66 254.50 0.0
95.0 70.66 254.52 0.0
95.0 70.47 254.55 0.0
95.0 70.49 254.57 0.0
95.0 70.50 254.59 0.0
95.0 70.51 254.61 0.0
95.0 70.59 254.63 0.0
95.0 70.50 254.65 0.0
95.0 70.51 254.67 0.0
95.0 70.49 254.68 0.0
95.0 70.53 254.70 0.0
95.0 70.49 254.71 0.0
95.0 70.43 254.73 0.0
95.0 70.45 254.74 0.0
95.0 70.46 254.76 0.0
95.0 70.43 254.77 0.0
95.0 70.42 254.78 0.0
95.0 70.35 254.79 0.0
95.0 70.35 254.80 0.0
95.0 70.38 254.81 0.0
95.0 70.40 254.82 0.0
95.0 70.35 254.83 0.0
95.0 70.35 254.84 0.5
95.0 70.35 254.85 0.0
95.0 70.36 254.85 0.0
95.0 70.36 254.86 0.0
95.0 70.36 254.87 0.3
95.0 70.36 254.87 0.0
95.0 70.36 254.88 0.0
95.0 70.36 254.89 0.0
95.0 70.36 254.89 0.0
95.0 70.36 254.90 0.0
95.0 70.36 254.90 0.0
95.0 70.34 254.91 0.0
95.0 70.37 254.91 0.0
95.0 70.34 254.92 0.0
95.0 70.32 254.92 0.0
95.0 70.33 254.92 0.0
95.0 70.31 254.93 0.0
95.0 70.29 254.93 0.0
95.0 70.37 254.94 0.0
95.0 70.37 254.94 0.0
95.0 70.37 254.94 0.0
95.0 70.35 254.94 0.0
95.0 70.40 254.95 0.0
95.0 70.35 254.95 0.0
95.0 70.40 254.95 0.0
95.0 70.42 254.95 0.3
95.0 70.43 254.96 0.0
95.0 70.38 254.96 0.0
95.0 70.36 254.96 0.0
95.0 70.34 254.96 0.0
95.0 70.32 254.97 0.0
95.0 70.35 254.97 0.0
95.0 70.32 254.97 0.0
95.0 70.33 254.97 0.0
95.0 70.29 254.97 0.0
95.0 70.27 254.97 0.0
95.0 70.22 254.97 0.0
95.0 70.21 254.98 0.0
95.0 70.13 254.98 0.0
95.0 70.05 254.98 0.0
95.0 70.12 254.98 0.0
95.0 70.04 254.98 0.0
95.0 70.05 254.98 0.0
95.0 70.10 254.98 0.0
95.0 70.08 254.98 0.3
95.0 70.13 254.98 0.0
95.0 70.11 254.98 0.1
95.0 70.09 254.99 0.0
95.0 70.08 254.99 0.0
95.0 70.04 254.99 0.0
95.0 70.05 254.99 0.0
95.0 70.06 254.99 0.0
95.0 70.07 254.99 0.0
95.0 70.10 254.99 0.0
95.0 70.12 254.99 0.0
95.0 70.04 254.99 0.0
95.0 70.09 254.99 0.0
95.0 70.07 254.99 0.0
95.0 70.04 254.99 0.0
95.0 70.05 254.99 0.0
95.0 69.99 254.99 0.0
95.0 69.98 254.99 0.0
95.0 69.98 254.99 0.0
95.0 69.97 254.99 0.0
95.0 69.85 254.99 0.0
95.0 69.86 254.99 0.0
95.0 69.87 254.99 0.0
95.0 69.74 254.99 0.0
95.0 69.73 255.00 0.0
95.0 69.82 255.00 0.0
95.0 69.83 255.00 0.0
95.0 69.82 255.00 0.0
95.0 69.85 255.00 0.0
95.0 69.81 255.00 0.0
95.0 69.82 255.00 0.1
95.0 69.88 255.00 0.0
95.0 69.86 255.00 0.0
95.0 69.86 255.00 0.0
95.0 69.80 255.00 0.0
95.0 69.79 255.00 0.0
95.0 69.85 255.00 0.0
95.0 69.83 255.00 0.0
95.0 69.75 255.00 0.0
95.0 69.79 255.00 0.0
95.0 69.80 255.00 0.0
95.0 69.79 255.00 0.0
95.0 69.78 255.00 0.0
95.0 69.80 255.00 0.0
95.0 69.76 255.00 0.0
95.0 69.76 255.00 0.0
95.0 69.77 255.00 0.0
95.0 69.88 255.00 0.0
95.0 69.86 255.00 0.0
95.0 69.82 255.00 0.0
95.0 69.81 255.00 0.0
95.0 69.80 255.00 0.0
95.0 69.81 255.00 0.2
95.0 69.82 255.00 0.0
95.0 69.85 255.00 0.0
95.0 69.84 255.00 0.0
95.0 69.82 255.00 0.0
95.0 69.81 255.00 0.0
95.0 69.73 255.00 0.0
95.0 69.77 255.00 0.0
95.0 69.81 255.00 0.0
95.0 69.84 255.00 0.0
95.0 69.76 255.00 0.0
95.0 69.80 255.00 0.0
95.0 69.81 255.00 0.0
95.0 69.80 255.00 0.0
95.0 69.79 255.00 0.0
95.0 69.78 255.00 0.0
95.0 69.79 255.00 0.0
95.0 69.78 255.00 0.0
95.0 69.80 255.00 0.0
95.0 69.83 255.00 0.0
95.0 69.86 255.00 0.0
95.0 69.89 255.00 0.0
95.0 69.85 255.00 0.0
95.0 69.79 255.00 0.0
95.0 69.78 255.00 0.1
95.0 69.77 255.00 0.0
95.0 69.74 255.00 0.0
95.0 69.80 255.00 0.0
95.0 69.86 255.00 0.0
95.0 69.78 255.00 0.0
95.0 69.72 255.00 0.3
95.0 69.70 255.00 0.2
95.0 69.67 255.00 0.0
95.0 69.68 255.00 0.0
95.0 69.68 255.00 0.0
95.0 69.63 255.00 0.0
95.0 69.57 255.00 0.0
95.0 69.54 255.00 0.0
95.0 69.56 255.00 0.0
95.0 69.53 255.00 0.0
95.0 69.56 255.00 0.3
95.0 69.67 255.00 0.0
95.0 69.65 255.00 0.0
95.0 69.61 255.00 0.0
95.0 69.59 255.00 0.0
95.0 69.58 255.00 0.0
95.0 69.53 255.00 0.0
95.0 69.50 255.00 0.0
95.0 69.56 255.00 0.0
95.0 69.62 255.00 0.0
95.0 69.65 255.00 0.0
95.0 69.61 255.00 0.0
95.0 69.62 255.00 0.0
95.0 69.58 255.00 0.0
95.0 69.57 255.00 0.0
95.0 69.47 255.00 0.0
95.0 69.45 255.00 0.0
95.0 69.50 255.00 0.0
95.0 69.49 255.00 0.0
95.0 69.47 255.00 0.0
95.0 69.45 255.00 0.0
95.0 69.47 255.00 0.0
95.0 69.45 255.00 0.0
95.0 69.36 255.00 0.0
95.0 69.24 255.00 0.1
95.0 69.29 255.00 0.0
95.0 69.28 255.00 0.0
95.0 69.30 255.00 0.1
95.0 69.30 255.00 0.0
95.0 69.29 255.00 0.0
95.0 69.33 255.00 0.0
95.0 69.32 255.00 0.0
95.0 69.34 255.00 0.0
95.0 69.33 255.00 0.0
95.0 69.30 255.00 0.0
95.0 69.29 255.00 0.0
95.0 69.40 255.00 0.0
95.0 69.36 255.00 0.0
95.0 69.35 255.00 0.0
95.0 69.41 255.00 0.0
95.0 69.41 255.00 0.0
95.0 69.42 255.00 0.0
95.0 69.40 255.00 0.0
95.0 69.41 255.00 0.0
95.0 69.37 255.00 0.0
95.0 69.36 255.00 0.0
95.0 69.46 255.00 0.0
95.0 69.44 255.00 0.0
95.0 69.42 255.00 0.0
95.0 69.40 255.00 0.0
95.0 69.41 255.00 0.0
95.0 69.39 255.00 0.0
95.0 69.45 255.00 0.0
95.0 69.45 255.00 0.0
95.0 69.45 255.00 0.0
95.0 69.45 255.00 0.0
95.0 69.43 255.00 0.0
95.0 69.41 255.00 0.1
95.0 69.37 255.00 0.0
95.0 69.36 255.00 0.0
95.0 69.22 255.00 0.0
95.0 69.20 255.00 0.0
95.0 69.08 255.00 0.0
95.0 69.03 255.00 0.0
95.0 69.03 255.00 0.0
95.0 69.05 255.00 0.0
95.0 69.05 255.00 0.0
95.0 69.07 255.00 0.0
95.0 69.09 255.00 0.0
95.0 69.15 255.00 0.0
95.0 69.11 255.00 0.0
95.0 69.17 255.00 0.0
95.0 69.18 255.00 0.0
95.0 69.19 255.00 0.2
95.0 69.13 255.00 0.0
95.0 69.12 255.00 0.0
95.0 69.11 255.00 0.0
95.0 69.08 255.00 0.0
95.0 69.03 255.00 0.0
95.0 69.03 255.00 0.0
95.0 69.03 255.00 0.0
95.0 69.09 255.00 0.0
95.0 69.18 255.00 0.0
95.0 69.21 255.00 0.0
95.0 69.17 255.00 0.0
95.0 69.13 255.00 0.0
95.0 69.10 255.00 0.0
95.0 69.05 255.00 0.0
95.0 69.13 255.00 0.0
95.0 69.17 255.00 0.0
95.0 69.15 255.00 0.0
95.0 69.12 255.00 0.0
95.0 69.11 255.00 0.2
95.0 69.12 255.00 0.0
95.0 69.07 255.00 0.0
95.0 68.98 255.00 0.0
95.0 68.94 255.00 0.0
95.0 68.93 255.00 0.0
95.0 68.92 255.00 0.0
95.0 68.91 255.00 0.0
95.0 68.90 255.00 0.0
95.0 68.91 255.00 0.0
95.0 68.97 255.00 0.0
95.0 68.95 255.00 0.0
95.0 68.94 255.00 0.0
95.0 68.88 255.00 0.0
95.0 68.87 255.00 0.0
95.0 68.82 255.00 0.0
95.0 68.82 255.00 0.0
95.0 68.84 255.00 0.0
95.0 68.84 255.00 0.0
95.0 68.81 255.00 0.2
95.0 68.81 255.00 0.0
95.0 68.79 255.00 0.0
95.0 68.79 255.00 0.0
95.0 68.77 255.00 0.0
95.0 68.75 255.00 0.0
95.0 68.78 255.00 0.0
95.0 68.94 255.00 0.0
95.0 69.02 255.00 0.0
95.0 69.02 255.00 0.0
95.0 68.97 255.00 0.0
95.0 68.94 255.00 0.0
95.0 68.92 255.00 0.3
95.0 68.91 255.00 0.0
95.0 68.79 255.00 0.0
95.0 68.82 255.00 0.0
95.0 68.82 255.00 0.0
95.0 68.79 255.00 0.0
95.0 68.77 255.00 0.0
95.0 68.76 255.00 0.0
95.0 68.65 255.00 0.0
95.0 68.63 255.00 0.0
95.0 68.62 255.00 0.3
95.0 68.62 255.00 0.0
95.0 68.60 255.00 0.0
95.0 68.60 255.00 0.0
95.0 68.59 255.00 0.0
95.0 68.59 255.00 0.0
95.0 68.62 255.00 0.0
95.0 68.59 255.00 0.0
95.0 68.57 255.00 0.0
95.0 68.57 255.00 0.0
95.0 68.51 255.00 0.0
95.0 68.52 255.00 0.0
95.0 68.55 255.00 0.2
95.0 68.57 255.00 0.0
95.0 68.51 255.00 0.0
95.0 68.56 255.00 0.0
95.0 68.57 255.00 0.0
95.0 68.63 255.00 0.0
95.0 68.61 255.00 0.0
95.0 68.58 255.00 0.0
95.0 68.59 255.00 0.0
95.0 68.59 255.00 0.0
95.0 68.54 255.00 0.0
95.0 68.55 255.00 0.0
95.0 68.45 255.00 0.0
95.0 68.44 255.00 0.0
95.0 68.45 255.00 0.0
95.0 68.45 255.00 0.0
95.0 68.46 255.00 0.0
95.0 68.50 255.00 0.0
95.0 68.51 255.00 0.0
95.0 68.56 255.00 0.0
95.0 68.52 255.00 0.0
95.0 68.50 255.00 0.0
95.0 68.51 255.00 0.0
95.0 68.52 255.00 0.0
95.0 68.48 255.00 0.0
95.0 68.58 255.00 0.0
95.0 68.56 255.00 0.0
95.0 68.59 255.00 0.0
95.0 68.61 255.00 0.0
95.0 68.59 255.00 0.0
95.0 68.67 255.00 0.1
95.0 68.56 255.00 0.0
95.0 68.52 255.00 0.0
95.0 68.48 255.00 0.0
95.0 68.45 255.00 0.0
95.0 68.40 255.00 0.0
95.0 68.49 255.00 0.0
95.0 68.48 255.00 0.0
95.0 68.44 255.00 0.0
95.0 68.42 255.00 0.0
95.0 68.28 255.00 0.0
95.0 68.32 255.00 0.0
95.0 68.30 255.00 0.0
95.0 68.31 255.00 0.4
95.0 68.29 255.00 0.0
95.0 68.30 255.00 0.0
95.0 68.27 255.00 0.0
95.0 68.26 255.00 0.0
95.0 68.27 255.00 0.1
95.0 68.24 255.00 0.0
95.0 68.21 255.00 0.1
95.0 68.22 255.00 0.0
95.0 68.22 255.00 0.0
95.0 68.23 255.00 0.0
95.0 68.27 255.00 0.0
95.0 68.30 255.00 0.0
95.0 68.29 255.00 0.0
95.0 68.28 255.00 0.0
95.0 68.35 255.00 0.0
95.0 68.35 255.00 0.0
95.0 68.36 255.00 0.0
95.0 68.31 255.00 0.0
95.0 68.30 255.00 0.0
95.0 68.29 255.00 0.0
95.0 68.17 255.00 0.0
95.0 68.17 255.00 0.0
95.0 68.17 255.00 0.0
95.0 68.14 255.00 0.0
95.0 68.13 255.00 0.0
95.0 68.13 255.00 0.0
95.0 68.13 255.00 0.0
95.0 68.14 255.00 0.0
95.0 68.14 255.00 0.0
95.0 68.12 255.00 0.0
95.0 68.14 255.00 0.0
95.0 68.15 255.00 0.0
95.0 68.08 255.00 0.0
95.0 68.09 255.00 0.0
95.0 68.10 255.00 0.0
95.0 68.06 255.00 0.0
95.0 68.18 255.00 0.0
95.0 68.18 255.00 0.0
95.0 68.18 255.00 0.0
95.0 68.18 255.00 0.0
95.0 68.17 255.00 0.0
95.0 68.24 255.00 0.0
95.0 68.21 255.00 0.0
95.0 68.20 255.00 0.0
95.0 68.20 255.00 0.0
95.0 68.17 255.00 0.0
95.0 68.13 255.00 0.0
95.0 68.13 255.00 0.0
95.0 68.12 255.00 0.0
95.0 68.10 255.00 0.0
95.0 68.08 255.00 0.0
95.0 68.09 255.00 0.2
95.0 68.12 255.00 0.0
95.0 68.10 255.00 0.0
95.0 68.09 255.00 0.0
95.0 68.07 255.00 0.0
95.0 68.06 255.00 0.0
95.0 68.05 255.00 0.0
95.0 68.04 255.00 0.0
95.0 68.01 255.00 0.0
95.0 68.00 255.00 0.0
95.0 68.04 255.00 0.0
95.0 68.03 255.00 0.3
95.0 68.02 255.00 0.0
95.0 68.06 255.00 0.0
95.0 68.09 255.00 0.0
95.0 68.01 255.00 0.0
95.0 67.99 255.00 0.0
95.0 67.98 255.00 0.0
95.0 67.96 255.00 0.0
95.0 67.96 255.00 0.0
95.0 67.93 255.00 0.0
95.0 67.94 255.00 0.0
95.0 68.09 255.00 0.0
95.0 68.03 255.00 0.0
95.0 68.02 255.00 0.0
95.0 68.00 255.00 0.0
95.0 67.95 255.00 0.0
95.0 67.93 255.00 0.0
95.0 68.02 255.00 0.0
95.0 67.95 255.00 0.0
95.0 67.86 255.00 0.0
95.0 67.85 255.00 0.0
95.0 67.86 255.00 0.0
95.0 67.85 255.00 0.0
95.0 67.77 255.00 0.0
95.0 67.81 255.00 0.0
95.0 67.83 255.00 0.0
95.0 67.82 255.00 0.0
95.0 67.81 255.00 0.0
95.0 67.82 255.00 0.0
95.0 67.99 255.00 0.0
95.0 67.96 255.00 0.0
95.0 67.96 255.00 0.0
95.0 67.92 255.00 0.0
95.0 67.90 255.00 0.0
95.0 67.90 255.00 0.0
95.0 67.87 255.00 0.0
95.0 67.81 255.00 0.0
95.0 67.93 255.00 0.0
95.0 67.89 255.00 0.0
95.0 67.81 255.00 0.0
95.0 67.81 255.00 0.0
95.0 67.80 255.00 0.0
95.0 67.77 255.00 0.0
95.0 67.75 255.00 0.3
95.0 67.73 255.00 0.0
95.0 67.68 255.00 0.0
95.0 67.69 255.00 0.0
95.0 67.67 255.00 0.0
95.0 67.81 255.00 0.0
95.0 67.76 255.00 0.0
95.0 67.69 255.00 0.0
95.0 67.72 255.00 0.0
95.0 67.70 255.00 0.0
95.0 67.68 255.00 0.0
95.0 67.71 255.00 0.0
95.0 67.69 255.00 0.0
95.0 67.65 255.00 0.0
95.0 67.62 255.00 0.0
95.0 67.61 255.00 0.0
95.0 67.54 255.00 0.0
95.0 67.52 255.00 0.0
95.0 67.54 255.00 0.0
95.0 67.52 255.00 0.0
95.0 67.65 255.00 0.0
95.0 67.66 255.00 0.0
95.0 67.62 255.00 0.3
95.0 67.61 255.00 0.0
95.0 67.58 255.00 0.0
95.0 67.62 255.00 0.0
95.0 67.63 255.00 0.0
95.0 67.66 255.00 0.0
95.0 67.65 255.00 0.0
95.0 67.57 255.00 0.0
95.0 67.53 255.00 0.0
95.0 67.51 255.00 0.0
95.0 67.47 255.00 0.0
95.0 67.37 255.00 0.0
95.0 67.41 255.00 0.0
95.0 67.42 255.00 0.0
95.0 67.41 255.00 0.2
95.0 67.42 255.00 0.0
95.0 67.39 255.00 0.0
95.0 67.38 255.00 0.0
95.0 67.37 255.00 0.0
95.0 67.37 255.00 0.0
95.0 67.34 255.00 0.1
95.0 67.34 255.00 0.0
95.0 67.32 255.00 0.0
95.0 67.34 255.00 0.5
95.0 67.29 255.00 0.0
95.0 67.36 255.00 0.0
95.0 67.36 255.00 0.0
95.0 67.35 255.00 0.0
95.0 67.41 255.00 0.0
95.0 67.42 255.00 0.0
95.0 67.41 255.00 0.0
95.0 67.34 255.00 0.0
95.0 67.34 255.00 0.0
95.0 67.34 255.00 0.0
95.0 67.33 255.00 0.0
95.0 67.35 255.00 0.0
95.0 67.35 255.00 0.0
95.0 67.39 255.00 0.0
95.0 67.38 255.00 0.0
95.0 67.37 255.00 0.0
95.0 67.29 255.00 0.0
95.0 67.29 255.00 0.0
95.0 67.27 255.00 0.0
95.0 67.32 255.00 0.0
95.0 67.32 255.00 0.0
95.0 67.30 255.00 0.0
95.0 67.22 255.00 0.0
95.0 67.23 255.00 0.0
95.0 67.13 255.00 0.0
95.0 67.13 255.00 0.0
95.0 67.13 255.00 0.0
95.0 67.15 255.00 0.0
95.0 67.16 255.00 0.0
95.0 67.18 255.00 0.0
95.0 67.34 255.00 0.0
95.0 67.45 255.00 0.0
95.0 67.39 255.00 0.0
95.0 67.36 255.00 0.0
95.0 67.38 255.00 0.0
95.0 67.39 255.00 0.0
95.0 67.39 255.00 0.0
95.0 67.30 255.00 0.0
95.0 67.28 255.00 0.0
95.0 67.26 255.00 0.0
95.0 67.27 255.00 0.0
95.0 67.27 255.00 0.2
95.0 67.26 255.00 0.0
95.0 67.32 255.00 0.0
95.0 67.26 255.00 0.2
95.0 67.23 255.00 0.0
95.0 67.19 255.00 0.0
95.0 67.16 255.00 0.0
95.0 67.14 255.00 0.0
95.0 67.11 255.00 0.0
95.0 67.09 255.00 0.2
95.0 67.07 255.00 0.0
95.0 67.06 255.00 0.0
95.0 67.06 255.00 0.0
95.0 67.05 255.00 0.0
95.0 67.01 255.00 0.0
95.0 67.04 255.00 0.0
95.0 67.07 255.00 0.0
95.0 67.09 255.00 0.0
95.0 67.07 255.00 0.0
95.0 67.04 255.00 0.0
95.0 66.96 255.00 0.0
95.0 66.96 255.00 0.0
95.0 66.95 255.00 0.0
95.0 66.95 255.00 0.0
95.0 66.98 255.00 0.2
95.0 67.00 255.00 0.0
95.0 67.03 255.00 0.0
95.0 67.04 255.00 0.0
95.0 67.00 255.00 0.0
95.0 66.95 255.00 0.0
95.0 66.93 255.00 0.0
95.0 66.92 255.00 0.0
95.0 66.94 255.00 0.0
95.0 66.90 255.00 0.0
95.0 66.90 255.00 0.0
95.0 66.90 255.00 0.0
95.0 66.86 255.00 0.0
95.0 66.92 255.00 0.0
95.0 66.86 255.00 0.0
95.0 66.86 255.00 0.0
95.0 66.87 255.00 0.0
95.0 66.85 255.00 0.0
95.0 66.82 255.00 0.0
95.0 66.80 255.00 0.0
95.0 66.83 255.00 0.0
95.0 66.72 255.00 0.0
95.0 66.70 255.00 0.0
95.0 66.82 255.00 0.0
95.0 66.77 255.00 0.0
95.0 66.76 255.00 0.0
95.0 66.80 255.00 0.0
95.0 66.89 255.00 0.0
95.0 66.89 255.00 0.0
95.0 66.81 255.00 0.0
95.0 66.84 255.00 0.0
95.0 66.83 255.00 0.5
95.0 66.81 255.00 0.0
95.0 66.80 255.00 0.0
95.0 66.81 255.00 0.1
95.0 66.82 255.00 0.0
95.0 66.81 255.00 0.0
95.0 66.82 255.00 0.0
95.0 66.83 255.00 0.0
95.0 66.81 255.00 0.0
95.0 66.78 255.00 0.0
95.0 66.77 255.00 0.0
95.0 66.79 255.00 0.0
95.0 66.70 255.00 0.0
95.0 66.70 255.00 0.0
95.0 66.74 255.00 0.0
95.0 66.63 255.00 0.0
95.0 66.58 255.00 0.0
95.0 66.61 255.00 0.0
95.0 66.56 255.00 0.0
95.0 66.57 255.00 0.0
95.0 66.56 255.00 0.0
95.0 66.48 255.00 0.0
95.0 66.50 255.00 0.0
95.0 66.52 255.00 0.0
95.0 66.54 255.00 0.0
95.0 66.53 255.00 0.0
95.0 66.53 255.00 0.0
95.0 66.54 255.00 0.0
95.0 66.54 255.00 0.1
95.0 66.55 255.00 0.0
95.0 66.55 255.00 0.0
95.0 66.56 255.00 0.0
95.0 66.60 255.00 0.0
95.0 66.55 255.00 0.0
95.0 66.54 255.00 0.0
95.0 66.54 255.00 0.0
95.0 66.53 255.00 0.0
95.0 66.55 255.00 0.0
95.0 66.54 255.00 0.0
95.0 66.58 255.00 0.0
95.0 66.53 255.00 0.0
95.0 66.57 255.00 0.0
95.0 66.58 255.00 0.0
95.0 66.57 255.00 0.0
95.0 66.56 255.00 0.0
95.0 66.52 255.00 0.0
95.0 66.55 255.00 0.0
95.0 66.59 255.00 0.0
95.0 66.58 255.00 0.0
95.0 66.57 255.00 0.0
95.0 66.52 255.00 0.0
95.0 66.50 255.00 0.2
95.0 66.48 255.00 0.0
95.0 66.48 255.00 0.0
95.0 66.60 255.00 0.0
95.0 66.55 255.00 0.0
95.0 66.59 255.00 0.0
95.0 66.60 255.00 0.0
95.0 66.55 255.00 0.0
95.0 66.65 255.00 0.0
95.0 66.55 255.00 0.0
95.0 66.52 255.00 0.1
95.0 66.48 255.00 0.0
95.0 66.46 255.00 0.0
95.0 66.57 255.00 0.0
95.0 66.56 255.00 0.0
95.0 66.61 255.00 0.0
95.0 66.62 255.00 0.0
95.0 66.61 255.00 0.0
95.0 66.58 255.00 0.0
95.0 66.53 255.00 0.0
95.0 66.52 255.00 0.0
95.0 66.50 255.00 0.0
95.0 66.42 255.00 0.0
95.0 66.45 255.00 0.0
95.0 66.43 255.00 0.0
95.0 66.34 255.00 0.0
95.0 66.37 255.00 0.0
95.0 66.34 255.00 0.0
95.0 66.34 255.00 0.0
95.0 66.33 255.00 0.0
95.0 66.19 255.00 0.0
95.0 66.20 255.00 0.0
95.0 66.21 255.00 0.0
95.0 66.20 255.00 0.0
95.0 66.23 255.00 0.2
95.0 66.23 255.00 0.0
95.0 66.24 255.00 0.0
95.0 66.24 255.00 0.0
95.0 66.27 255.00 0.0
95.0 66.25 255.00 0.0
95.0 66.23 255.00 0.0
95.0 66.24 255.00 0.2
95.0 66.24 255.00 0.0
95.0 66.25 255.00 0.0
95.0 66.13 255.00 0.0
95.0 66.15 255.00 0.0
95.0 66.16 255.00 0.0
95.0 66.18 255.00 0.0
95.0 66.19 255.00 0.2
95.0 66.18 255.00 0.0
95.0 66.19 255.00 0.0
95.0 66.00 255.00 0.0
95.0 66.01 255.00 0.0
95.0 66.04 255.00 0.0
95.0 66.06 255.00 0.0
95.0 66.09 255.00 0.0
95.0 66.11 255.00 0.0
95.0 66.10 255.00 0.0
95.0 66.14 255.00 0.0
95.0 66.14 255.00 0.0
95.0 66.13 255.00 0.0
95.0 66.13 255.00 0.0
95.0 66.04 255.00 0.0
95.0 66.05 255.00 0.0
95.0 66.05 255.00 0.0
95.0 66.08 255.00 0.0
95.0 66.08 255.00 0.0
95.0 66.04 255.00 0.0
95.0 66.04 255.00 0.0
95.0 66.03 255.00 0.0
95.0 66.03 255.00 0.4
95.0 66.04 255.00 0.0
95.0 66.06 255.00 0.0
95.0 66.07 255.00 0.0
95.0 66.07 255.00 0.0
95.0 65.93 255.00 0.0
95.0 65.91 255.00 0.0
95.0 65.92 255.00 0.0
95.0 65.94 255.00 0.0
95.0 65.94 255.00 0.0
95.0 65.95 255.00 0.0
95.0 65.96 255.00 0.0
95.0 65.90 255.00 0.0
95.0 65.88 255.00 0.0
95.0 65.80 255.00 0.0
95.0 65.81 255.00 0.0
95.0 65.77 255.00 0.0
95.0 65.79 255.00 0.0
95.0 65.82 255.00 0.0
95.0 65.82 255.00 0.0
95.0 65.85 255.00 0.0
95.0 65.89 255.00 0.0
95.0 65.89 255.00 0.0
95.0 65.87 255.00 0.0
95.0 65.81 255.00 0.0
95.0 65.68 255.00 0.0
95.0 65.68 255.00 0.0
95.0 65.64 255.00 0.0
95.0 65.71 255.00 0.0
95.0 65.71 255.00 0.0
95.0 65.72 255.00 0.0
95.0 65.76 255.00 0.0
95.0 65.75 255.00 0.0
95.0 65.77 255.00 0.1
95.0 65.80 255.00 0.0
e 22.335519790649414