72.0  255.00 0.0
72.0 47.14 255.00 0.0
72.0 47.14 255.00 0.0
72.0 47.17 255.00 0.0
72.0 
72.0 47.15 255.00 0.0
72.0 47.12 255.00 0.0
72.0 47.00 255.00 0.2
72.0 47.01 232.18 0.5
72.0 47.09 198.64 1.5
72.0 47.09 226.82 4.8
72.0 47.10 240.91 5.3
72.0 47.08 247.95 7.0
72.0 46.96 251.48 8.8
72.0 47.03 253.24 10.5
72.0 47.12 254.12 11.6
72.0 47.11 254.56 13.6
72.0 46.99 254.78 14.9
72.0 46.99 254.89 15.9
72.0 47.01 254.94 17.1
72.0 47.06 254.97 18.5
72.0 47.06 254.99 18.9
72.0 47.10 254.99 20.2
72.0 47.10 255.00 20.5
72.0 47.10 255.00 21.9
72.0 47.11 255.00 21.9
72.0 47.02 255.00 22.3
72.0 47.02 255.00 22.9
72.0 47.01 255.00 23.4
72.0 46.99 255.00 23.8
72.0 47.06 255.00 23.7
72.0 47.06 255.00 24.6
72.0 47.13 255.00 25.0
72.0 47.11 255.00 25.2
72.0 47.06 255.00 25.2
72.0 47.05 255.00 25.4
72.0 47.09 255.00 25.2
72.0 47.08 255.00 26.0
72.0 47.09 255.00 26.3
72.0 47.09 255.00 26.2
72.0 47.07 255.00 26.6
72.0 47.06 255.00 26.5
72.0 47.09 255.00 26.2
72.0 47.20 255.00 26.5
72.0 47.20 255.00 26.5
72.0 47.12 255.00 26.8
72.0 47.13 255.00 26.9
72.0 47.11 255.00 27.6
72.0 47.11 255.00 26.9
72.0 47.10 255.00 26.7
72.0 47.10 255.00 27.0
72.0 47.11 255.00 26.9
72.0 47.12 255.00 27.0
72.0 47.12 255.00 27.3
72.0 47.11 255.00 27.1
72.0 47.09 255.00 27.0
72.0 47.12 255.00 26.7
72.0 47.12 255.00 27.0
72.0 47.11 255.00 27.5
72.0 47.14 255.00 27.0
72.0 47.12 255.00 26.7
72.0 47.11 255.00 26.9
72.0 47.12 255.00 27.1
72.0 47.12 255.00 27.0
72.0 47.15 255.00 27.5
72.0 47.16 255.00 26.9
72.0 47.15 255.00 26.3
72.0 47.19 255.00 25.8
72.0 47.19 255.00 26.7
72.0 47.26 255.00 26.4
72.0 47.28 255.00 26.7
72.0 47.31 255.00 26.5
72.0 47.32 255.00 26.7
72.0 47.35 255.00 26.5
72.0 47.43 255.00 25.8
72.0 47.42 255.00 26.3
72.0 47.45 255.00 26.2
72.0 47.45 255.00 26.3
72.0 47.46 255.00 26.5
72.0 47.48 255.00 26.3
72.0 47.46 255.00 26.8
72.0 47.51 255.00 26.6
72.0 47.53 255.00 26.5
72.0 47.60 255.00 25.8
72.0 47.60 255.00 26.0
72.0 47.62 255.00 25.8
72.0 47.63 255.00 26.0
72.0 47.60 255.00 26.3
72.0 47.62 255.00 25.4
72.0 47.63 255.00 25.8
72.0 47.67 255.00 25.7
72.0 47.69 255.00 25.8
72.0 47.67 255.00 26.2
72.0 47.69 255.00 25.8
72.0 47.72 255.00 25.6
72.0 47.81 255.00 25.2
72.0 47.83 255.00 25.7
72.0 47.87 255.00 25.6
72.0 47.89 255.00 25.6
72.0 47.95 255.00 25.7
72.0 48.08 255.00 25.3
72.0 48.10 255.00 25.4
72.0 48.10 255.00 25.2
72.0 48.11 255.00 25.4
72.0 48.10 255.00 25.4
72.0 48.13 255.00 24.3
72.0 48.17 255.00 25.4
72.0 48.21 255.00 25.4
72.0 48.25 255.00 25.2
72.0 48.34 255.00 25.0
72.0 48.34 255.00 25.3
72.0 48.37 255.00 25.4
72.0 48.45 255.00 24.6
72.0 48.51 255.00 25.0
72.0 48.49 255.00 25.4
72.0 48.55 255.00 25.2
72.0 48.60 255.00 25.0
72.0 48.71 255.00 24.6
72.0 48.75 255.00 24.9
72.0 48.70 255.00 24.4
72.0 48.72 255.00 25.0
72.0 48.77 255.00 25.0
72.0 48.87 255.00 24.4
72.0 48.90 255.00 24.7
72.0 48.91 255.00 24.1
72.0 48.98 255.00 25.2
72.0 48.99 255.00 24.7
72.0 49.10 255.00 24.8
72.0 49.12 255.00 24.7
72.0 49.25 255.00 24.9
72.0 49.41 255.00 23.9
72.0 49.44 255.00 24.3
72.0 49.42 255.00 24.3
72.0 49.47 255.00 24.5
72.0 49.48 255.00 24.5
72.0 49.46 255.00 25.0
72.0 49.49 255.00 24.4
72.0 49.53 255.00 24.2
72.0 49.58 255.00 24.2
72.0 49.61 255.00 24.5
72.0 49.63 255.00 24.5
72.0 49.67 255.00 24.3
72.0 49.62 255.00 24.5
72.0 49.71 255.00 24.8
72.0 49.75 255.00 24.2
72.0 49.82 255.00 24.2
72.0 49.88 255.00 23.9
72.0 49.93 255.00 24.1
72.0 49.94 255.00 24.1
72.0 50.01 255.00 24.1
72.0 50.07 255.00 23.5
72.0 50.05 255.00 23.8
72.0 50.19 255.00 23.8
72.0 50.20 255.00 23.7
72.0 50.30 255.00 23.9
72.0 50.44 255.00 24.0
72.0 50.60 255.00 24.3
72.0 50.65 255.00 23.8
72.0 50.66 255.00 24.1
72.0 50.81 255.00 24.1
72.0 50.85 255.00 23.7
72.0 50.90 255.00 23.4
72.0 50.99 255.00 23.8
72.0 51.10 255.00 23.5
72.0 51.20 255.00 23.5
72.0 51.29 255.00 23.7
72.0 51.43 255.00 23.9
72.0 51.56 255.00 24.3
72.0 51.58 255.00 23.6
72.0 51.62 255.00 23.0
72.0 51.67 255.00 23.2
72.0 51.77 255.00 23.6
72.0 51.86 255.00 23.7
72.0 51.91 255.00 23.4
72.0 51.99 255.00 23.3
72.0 52.10 255.00 23.5
72.0 52.17 255.00 23.5
72.0 52.19 255.00 23.5
72.0 52.15 255.00 23.4
72.0 52.23 255.00 23.2
72.0 52.28 255.00 23.4
72.0 52.40 255.00 23.2
72.0 52.45 255.00 23.4
72.0 52.48 255.00 23.1
72.0 52.56 255.00 23.3
72.0 52.64 255.00 23.5
72.0 52.70 255.00 23.5
72.0 52.76 255.00 23.2
72.0 52.78 255.00 22.9
72.0 52.86 255.00 22.9
72.0 52.92 255.00 23.2
72.0 53.06 255.00 22.8
72.0 53.00 255.00 22.5
72.0 53.10 255.00 23.2
72.0 53.21 255.00 23.2
72.0 53.26 255.00 23.5
72.0 53.31 255.00 23.0
72.0 53.42 255.00 23.0
72.0 53.50 255.00 23.0
72.0 53.63 255.00 22.9
72.0 53.64 255.00 22.6
72.0 53.72 255.00 23.0
72.0 53.87 255.00 22.9
72.0 53.87 255.00 22.7
72.0 53.96 255.00 23.0
72.0 54.15 255.00 23.3
72.0 54.24 255.00 22.8
72.0 54.29 255.00 23.0
72.0 54.44 255.00 22.6
72.0 54.55 255.00 23.3
72.0 54.59 255.00 22.8
72.0 54.69 255.00 22.9
72.0 54.73 255.00 23.3
72.0 54.76 255.00 22.6
72.0 54.87 255.00 23.1
72.0 54.93 255.00 22.7
72.0 55.07 255.00 22.6
72.0 55.17 255.00 23.0
72.0 55.24 255.00 22.7
72.0 55.34 255.00 22.8
72.0 55.36 255.00 22.4
72.0 55.43 255.00 22.7
72.0 55.53 255.00 23.0
72.0 55.56 255.00 22.4
72.0 55.63 255.00 22.6
72.0 55.70 255.00 22.9
72.0 55.68 255.00 22.2
72.0 55.77 255.00 22.7
72.0 55.87 255.00 22.2
72.0 55.97 255.00 22.9
72.0 56.03 255.00 22.6
72.0 56.02 255.00 22.8
72.0 56.17 255.00 22.6
72.0 56.25 255.00 22.6
72.0 56.39 255.00 22.1
72.0 56.42 255.00 22.8
72.0 56.49 255.00 22.4
72.0 56.56 255.00 22.8
72.0 56.58 255.00 22.2
72.0 56.69 255.00 22.3
72.0 56.69 255.00 22.2
72.0 56.84 255.00 22.4
72.0 56.93 255.00 22.5
72.0 56.89 255.00 22.5
72.0 56.99 255.00 22.6
72.0 57.09 255.00 22.2
72.0 57.21 255.00 22.4
72.0 57.23 255.00 22.0
72.0 57.32 255.00 22.4
72.0 57.36 255.00 22.1
72.0 57.52 255.00 22.3
72.0 57.60 255.00 22.3
72.0 57.67 255.00 22.2
72.0 57.77 255.00 22.4
72.0 57.84 255.00 22.2
72.0 57.88 255.00 22.5
72.0 57.92 255.00 21.9
72.0 58.00 255.00 22.2
72.0 58.05 255.00 22.2
72.0 58.21 255.00 22.3
72.0 58.28 255.00 22.2
72.0 58.37 255.00 22.2
72.0 58.38 255.00 22.2
72.0 58.46 255.00 22.0
72.0 58.55 255.00 22.3
72.0 58.59 255.00 22.0
72.0 58.68 255.00 22.6
72.0 58.73 255.00 22.0
72.0 58.84 255.00 22.0
72.0 58.90 255.00 22.6
72.0 58.98 255.00 21.9
72.0 59.10 255.00 22.4
72.0 59.10 255.00 21.6
72.0 59.19 255.00 22.0
72.0 59.27 255.00 22.6
72.0 59.19 255.00 21.4
72.0 59.29 255.00 22.0
72.0 59.33 255.00 22.5
72.0 59.36 255.00 21.5
72.0 59.47 255.00 22.0
72.0 59.75 255.00 21.9
72.0 59.92 255.00 21.7
72.0 59.97 255.00 21.9
72.0 59.99 255.00 21.7
72.0 60.19 255.00 22.0
72.0 60.23 255.00 22.0
72.0 60.26 255.00 21.9
72.0 60.44 255.00 22.1
72.0 60.50 255.00 21.8
72.0 60.59 255.00 21.9
72.0 60.67 255.00 22.1
72.0 60.74 255.00 21.9
72.0 60.84 255.00 21.7
72.0 60.95 255.00 21.9
72.0 60.99 255.00 22.2
72.0 61.05 255.00 21.7
72.0 61.13 255.00 21.5
72.0 61.21 255.00 22.4
72.0 61.26 255.00 21.9
72.0 61.36 255.00 21.6
72.0 61.56 255.00 21.5
72.0 61.64 255.00 21.7
72.0 61.61 255.00 21.5
72.0 61.69 255.00 21.7
72.0 61.75 255.00 21.7
72.0 61.77 255.00 21.6
72.0 61.95 255.00 21.5
72.0 62.05 255.00 21.8
72.0 62.07 255.00 21.7
72.0 62.11 255.00 21.5
72.0 62.20 255.00 22.4
72.0 62.28 255.00 21.9
72.0 62.32 255.00 21.3
72.0 62.54 255.00 21.0
72.0 62.58 255.00 21.7
72.0 62.55 255.00 21.7
72.0 62.51 255.00 21.4
72.0 62.54 255.00 21.5
72.0 62.62 255.00 21.7
72.0 62.60 255.00 21.7
72.0 62.72 255.00 21.6
72.0 62.86 255.00 21.9
72.0 62.89 255.00 21.9
72.0 62.98 255.00 21.7
72.0 63.04 255.00 21.3
72.0 63.18 255.00 21.3
72.0 63.28 255.00 22.4
72.0 63.34 255.00 21.7
72.0 63.38 255.00 21.1
72.0 63.63 255.00 21.5
72.0 63.70 255.00 21.6
72.0 63.76 255.00 21.2
72.0 63.92 255.00 21.1
72.0 63.96 255.00 21.5
72.0 64.17 255.00 21.4
72.0 64.13 255.00 21.5
72.0 64.19 255.00 21.5
72.0 64.30 255.00 21.7
72.0 64.28 255.00 21.7
72.0 64.32 255.00 20.7
72.0 64.40 255.00 21.3
72.0 64.53 255.00 21.1
72.0 64.72 255.00 21.9
72.0 64.78 255.00 21.5
72.0 64.77 255.00 21.6
72.0 64.86 255.00 21.1
72.0 64.93 255.00 21.4
72.0 64.94 255.00 21.4
72.0 65.02 255.00 21.6
72.0 65.08 255.00 21.5
72.0 65.12 255.00 21.3
72.0 65.20 255.00 21.3
72.0 65.31 255.00 21.5
72.0 65.37 255.00 21.4
72.0 65.30 255.00 21.2
72.0 65.40 255.00 20.8
72.0 65.47 255.00 21.2
72.0 65.41 255.00 21.3
72.0 65.50 255.00 21.5
72.0 65.56 255.00 21.3
72.0 65.71 253.45 21.3
72.0 65.83 253.62 21.1
72.0 65.90 251.05 20.7
72.0 65.96 253.03 21.1
72.0 66.09 239.20 21.7
72.0 66.11 247.10 20.9
72.0 66.21 243.81 21.1
72.0 66.28 237.60 21.2
72.0 66.30 244.89 21.0
72.0 66.36 237.34 21.5
72.0 66.46 239.82 20.9
72.0 66.52 230.82 20.5
72.0 66.69 218.57 20.3
72.0 66.75 221.11 20.4
72.0 66.81 221.74 20.3
72.0 66.92 208.05 20.0
72.0 67.18 187.09 20.2
72.0 67.27 190.02 20.1
72.0 67.28 200.82 19.1
72.0 67.26 204.07 18.9
72.0 67.35 197.63 19.0
72.0 67.35 203.83 18.6
72.0 67.41 194.32 18.4
72.0 67.44 201.17 18.4
72.0 67.37 208.04 18.3
72.0 67.45 198.53 18.3
72.0 67.48 193.49 18.1
72.0 67.54 194.93 17.9
72.0 67.63 182.72 17.9
72.0 67.58 196.10 17.3
72.0 67.66 187.80 17.6
72.0 67.90 161.20 17.4
72.0 67.95 162.68 16.8
72.0 67.97 169.86 16.3
72.0 68.03 167.96 16.9
72.0 68.07 164.91 16.3
72.0 68.08 169.78 16.1
72.0 68.22 156.10 15.9
72.0 68.39 142.35 16.2
72.0 68.45 140.74 15.4
72.0 68.60 136.37 14.9
72.0 68.60 141.41 14.7
72.0 68.64 142.00 14.7
72.0 68.57 155.07 14.4
72.0 68.64 146.40 14.6
72.0 68.70 137.75 14.2
72.0 68.78 130.08 13.8
72.0 68.89 127.26 13.8
72.0 68.97 120.33 13.6
72.0 68.91 135.61 12.9
72.0 68.99 127.74 12.9
72.0 69.10 117.49 12.6
72.0 69.19 110.71 12.4
72.0 69.26 109.73 12.4
72.0 69.30 111.24 12.2
72.0 69.30 116.99 12.2
72.0 69.52 88.32 11.8
72.0 69.56 95.11 11.2
72.0 69.60 92.89 11.3
72.0 69.65 88.55 10.6
72.0 69.72 85.69 11.0
72.0 69.76 86.50 10.3
72.0 69.96 65.96 10.1
72.0 70.03 66.37 10.0
72.0 70.04 76.17 9.5
72.0 70.09 68.66 9.2
72.0 70.03 80.06 8.9
72.0 70.07 75.94 8.9
72.0 70.03 82.54 8.7
72.0 70.06 77.20 8.8
72.0 70.12 69.04 8.4
72.0 70.23 57.64 8.8
72.0 70.32 54.15 8.3
72.0 70.30 62.30 7.8
72.0 70.35 59.05 7.3
72.0 70.40 57.04 7.5
72.0 70.56 40.22 7.4
72.0 70.61 41.33 7.1
72.0 70.61 47.93 7.0
72.0 70.65 48.16 6.6
72.0 70.69 44.75 6.3
72.0 70.78 38.16 6.1
72.0 70.83 35.84 6.0
72.0 70.69 60.33 5.9
72.0 70.75 47.41 5.8
72.0 70.74 50.14 5.9
72.0 70.75 49.76 5.6
72.0 70.83 40.28 5.5
72.0 70.92 31.84 5.9
72.0 71.00 25.39 4.9
72.0 71.06 26.21 5.0
72.0 71.18 16.82 4.6
72.0 71.21 19.64 4.5
72.0 71.27 18.70 4.4
72.0 71.32 17.82 4.1
72.0 71.22 35.24 3.9
72.0 71.25 29.54 4.4
72.0 71.30 22.31 3.9
72.0 71.40 14.21 3.8
72.0 71.43 13.81 3.5
72.0 71.44 17.26 3.5
72.0 71.48 15.06 3.3
72.0 71.58 4.98 3.1
72.0 71.67 -1.72 3.0
72.0 71.70 1.01 3.1
72.0 71.73 2.18 3.3
72.0 71.74 5.86 3.3
72.0 71.76 3.97 2.9
72.0 71.79 3.31 2.7
72.0 71.81 2.49 2.6
72.0 71.88 -3.74 2.6
72.0 71.91 -4.50 2.8
72.0 71.99 -11.75 2.6
72.0 72.00 -5.86 2.9
72.0 72.09 -16.41 2.8
72.0 72.11 -12.28 3.0
72.0 72.19 -20.06 3.1
72.0 72.20 -15.31 3.4
72.0 72.23 -15.86 3.5
72.0 72.25 -16.38 4.0
72.0 72.21 -7.77 4.1
72.0 72.26 -15.38 3.9
72.0 72.28 -16.54 3.9
72.0 72.25 -10.76 4.3
72.0 72.33 -20.40 4.2
72.0 72.37 -22.73 4.5
72.0 72.40 -24.25 4.5
72.0 72.43 -25.57 4.6
72.0 72.42 -20.34 4.9
72.0 72.40 -17.53 4.8
72.0 72.26 0.28 5.0
72.0 72.29 -8.62 4.6
72.0 72.33 -16.47 4.8
72.0 72.37 -20.82 5.3
72.0 72.43 -26.69 5.0
72.0 72.36 -14.72 5.0
72.0 72.43 -23.57 5.2
72.0 72.48 -28.46 5.0
72.0 72.46 -22.83 5.9
72.0 72.56 -34.96 5.7
72.0 72.60 -35.66 5.8
72.0 72.64 -36.02 5.4
72.0 72.70 -40.17 6.1
72.0 72.70 -36.52 5.9
72.0 72.73 -37.31 6.1
72.0 72.80 -44.92 6.4
72.0 72.72 -30.66 6.2
72.0 72.77 -38.34 6.0
72.0 72.82 -42.14 6.6
72.0 72.86 -45.05 6.4
72.0 72.89 -46.92 6.8
72.0 72.85 -37.69 6.6
72.0 72.91 -46.39 6.8
72.0 72.92 -45.00 7.1
72.0 72.93 -44.37 7.4
72.0 72.96 -46.49 7.1
72.0 72.98 -49.48 7.4
72.0 72.93 -39.74 7.4
72.0 72.96 -44.24 7.4
72.0 73.01 -50.77 7.5
72.0 73.03 -51.36 7.7
72.0 73.08 -55.06 7.9
72.0 72.97 -36.94 8.2
72.0 73.02 -47.96 7.7
72.0 73.14 -62.51 7.7
72.0 73.08 -47.64 7.9
72.0 73.11 -53.62 8.0
72.0 73.03 -41.28 7.9
72.0 73.07 -49.96 8.1
72.0 72.97 -34.35 7.6
72.0 72.97 -39.50 7.8
72.0 72.94 -38.93 7.5
72.0 72.82 -26.05 7.8
72.0 72.86 -36.46 7.4
72.0 72.90 -42.69 7.4
72.0 72.93 -46.18 7.5
72.0 72.96 -47.46 7.3
72.0 72.96 -46.01 7.6
72.0 72.92 -39.03 7.7
72.0 72.92 -41.33 7.4
72.0 72.98 -48.24 7.6
72.0 73.00 -50.59 8.2
72.0 72.92 -37.24 7.8
72.0 72.79 -20.38 7.5
72.0 72.80 -30.68 7.4
72.0 72.85 -39.20 7.5
72.0 72.88 -43.88 7.4
72.0 72.92 -45.88 7.3
72.0 72.95 -48.73 7.1
72.0 72.93 -42.31 7.5
72.0 72.93 -42.18 7.3
72.0 72.94 -43.06 8.0
72.0 72.89 -37.28 7.4
72.0 72.95 -46.56 7.3
72.0 72.95 -44.50 7.2
72.0 72.95 -45.37 7.1
72.0 72.88 -34.21 6.9
72.0 72.92 -41.76 6.9
72.0 72.83 -28.89 7.2
72.0 72.86 -38.51 7.1
72.0 73.03 -59.94 7.2
72.0 73.00 -48.60 6.8
72.0 72.85 -28.40 7.1
72.0 72.86 -35.35 7.0
72.0 72.92 -45.32 6.9
72.0 72.90 -40.39 7.1
72.0 72.96 -48.26 7.1
72.0 72.91 -40.14 7.1
72.0 72.89 -37.71 6.9
72.0 72.93 -43.63 6.8
72.0 72.86 -34.38 7.1
72.0 72.85 -35.29 6.9
72.0 72.83 -34.71 6.7
72.0 72.82 -36.08 6.7
72.0 72.79 -31.67 5.8
72.0 72.88 -45.62 6.7
72.0 72.84 -38.03 6.7
72.0 72.81 -33.83 6.7
72.0 72.80 -34.49 6.2
72.0 72.77 -30.66 6.6
72.0 72.67 -21.34 7.1
72.0 72.55 -10.20 6.4
72.0 72.52 -13.17 5.8
72.0 72.50 -15.04 5.5
72.0 72.49 -18.79 5.5
72.0 72.49 -20.66 5.3
72.0 72.49 -21.08 5.4
72.0 72.62 -37.61 5.2
72.0 72.58 -27.40 5.2
72.0 72.47 -13.54 5.4
72.0 72.45 -14.13 5.2
72.0 72.41 -11.70 5.0
72.0 72.32 -3.94 4.5
72.0 72.31 -7.62 4.0
72.0 72.23 -0.24 4.1
72.0 72.26 -8.61 4.0
72.0 72.18 -0.27 3.9
72.0 72.17 -1.51 3.5
72.0 72.15 -2.26 3.7
72.0 72.11 0.68 3.3
72.0 72.01 13.35 3.3
72.0 72.01 6.56 3.3
72.0 72.05 -3.50 3.2
72.0 72.05 -2.19 2.8
72.0 72.00 4.74 3.1
72.0 71.97 5.75 3.1
72.0 71.93 9.27 2.8
72.0 71.89 11.69 2.9
72.0 71.88 9.70 2.8
72.0 71.87 8.77 2.5
72.0 71.79 18.05 2.3
72.0 71.71 22.97 2.4
72.0 71.69 19.61 2.5
72.0 71.49 43.23 1.7
72.0 71.50 32.05 2.6
72.0 71.43 35.00 2.6
72.0 71.46 24.76 2.9
72.0 71.62 2.11 3.1
72.0 71.61 9.75 2.8
72.0 71.74 -6.22 2.4
72.0 71.70 8.06 2.8
72.0 71.68 12.24 2.9
72.0 71.62 20.83 3.0
72.0 71.68 9.27 3.0
72.0 71.62 19.36 2.9
72.0 71.59 21.77 2.6
72.0 71.53 26.28 2.7
72.0 71.44 35.07 2.5
72.0 71.40 34.01 3.2
72.0 71.28 45.84 3.0
72.0 71.19 49.47 3.5
72.0 71.13 49.16 3.1
72.0 71.12 42.52 3.5
72.0 71.05 49.70 3.2
72.0 71.05 43.26 3.5
72.0 71.00 46.37 3.8
72.0 70.96 48.96 3.7
72.0 70.93 50.56 3.7
72.0 70.82 60.59 3.8
72.0 70.80 56.33 4.1
72.0 70.76 59.41 4.3
72.0 70.74 56.12 4.6
72.0 70.73 54.56 4.5
72.0 70.69 58.08 5.0
72.0 70.66 60.10 4.3
72.0 70.52 76.11 5.0
72.0 70.53 65.85 4.6
72.0 70.51 63.82 5.5
72.0 70.47 68.60 5.3
72.0 70.42 71.71 5.7
72.0 70.37 74.89 5.7
72.0 70.37 69.25 5.8
72.0 70.30 76.98 5.9
72.0 70.26 78.39 6.1
72.0 70.30 68.48 6.4
72.0 70.26 74.17 6.4
72.0 70.22 77.30 6.2
72.0 70.19 79.11 6.4
72.0 70.14 81.67 7.4
72.0 70.10 84.84 6.9
72.0 70.06 86.76 7.1
72.0 69.98 92.37 7.6
72.0 69.90 97.26 7.4
72.0 69.79 106.01 7.7
72.0 69.78 99.57 7.4
72.0 69.71 105.17 8.0
72.0 69.62 111.40 8.5
72.0 69.58 113.83 8.9
72.0 69.71 90.09 8.9
72.0 69.68 95.19 8.9
72.0 69.62 103.72 8.9
72.0 69.54 111.35 9.1
72.0 69.49 115.09 9.3
72.0 69.48 109.31 9.7
72.0 69.39 122.20 9.8
72.0 69.36 119.34 9.9
72.0 69.35 117.87 10.1
72.0 69.29 125.22 10.3
72.0 69.27 126.77 11.1
72.0 69.35 111.06 11.1
72.0 69.43 105.41 10.9
72.0 69.39 115.43 10.9
72.0 69.23 134.77 10.8
72.0 69.18 134.90 11.2
72.0 69.10 140.70 10.2
72.0 69.01 147.05 12.4
72.0 68.99 140.36 12.1
72.0 69.08 126.56 11.9
72.0 69.06 132.27 11.6
72.0 68.84 158.77 12.3
72.0 68.88 142.16 12.7
72.0 68.83 150.38 13.2
72.0 68.74 154.52 13.0
72.0 68.84 138.93 13.2
72.0 68.71 156.69 13.3
72.0 68.65 156.07 13.2
72.0 68.80 135.12 13.8
72.0 68.69 149.83 13.7
72.0 68.43 183.56 14.2
72.0 68.63 143.93 14.6
72.0 68.58 153.56 14.1
72.0 68.50 164.05 14.4
72.0 68.46 164.96 14.9
72.0 68.39 167.74 15.0
72.0 68.37 171.42 15.1
72.0 68.35 166.42 15.1
72.0 68.26 175.46 15.6
72.0 68.25 169.35 15.5
72.0 68.16 180.44 15.7
72.0 68.12 181.80 16.2
72.0 68.12 173.81 16.6
72.0 68.13 177.56 15.9
72.0 68.11 174.32 16.5
72.0 68.09 176.68 16.6
72.0 68.10 175.41 16.6
72.0 68.06 179.91 16.8
72.0 68.09 170.63 16.9
72.0 67.95 190.32 16.3
72.0 67.93 188.85 16.8
72.0 67.87 193.48 17.2
72.0 67.80 195.17 17.6
72.0 67.73 204.55 17.4
72.0 67.83 180.43 18.2
72.0 67.85 178.33 17.0
72.0 67.84 183.97 17.6
72.0 67.80 189.48 17.7
72.0 67.78 192.55 17.7
72.0 67.73 192.91 18.2
72.0 67.59 213.91 17.8
72.0 67.54 207.90 18.7
72.0 67.52 207.05 18.7
72.0 67.45 211.93 18.7
72.0 67.44 209.92 19.0
72.0 67.49 196.55 18.6
72.0 67.45 204.40 18.9
72.0 67.46 203.61 19.3
72.0 67.45 201.22 19.0
72.0 67.45 202.09 19.0
72.0 67.44 205.01 19.2
72.0 67.37 214.21 19.4
72.0 67.40 202.03 19.0
72.0 67.46 202.57 19.4
72.0 67.55 187.30 19.4
72.0 67.55 194.07 19.2
72.0 67.48 200.95 19.3
72.0 67.40 215.97 19.3
72.0 67.46 199.89 19.3
72.0 67.44 203.87 19.6
72.0 67.41 208.55 19.4
72.0 67.30 217.17 20.0
72.0 67.32 211.58 19.3
72.0 67.28 216.20 19.8
72.0 67.30 211.29 20.2
72.0 67.18 222.04 19.8
72.0 67.20 217.77 20.2
72.0 67.25 210.35 19.9
72.0 67.15 223.83 20.0
72.0 67.11 221.91 20.3
72.0 67.15 220.95 20.1
72.0 67.13 217.90 20.3
72.0 67.12 218.83 19.9
72.0 67.29 192.89 20.1
72.0 67.32 204.30 20.0
72.0 67.34 200.20 19.8
72.0 67.40 192.61 19.8
72.0 67.43 200.43 19.6
72.0 67.44 197.24 19.3
72.0 67.43 202.72 19.7
72.0 67.46 200.44 19.6
72.0 67.40 209.21 19.6
72.0 67.42 201.88 19.2
72.0 67.41 205.29 19.6
72.0 67.44 201.96 19.4
72.0 67.41 207.65 19.9
72.0 67.52 187.56 19.9
72.0 67.55 196.43 19.3
72.0 67.54 194.23 19.2
72.0 67.56 190.48 19.1
72.0 67.58 197.45 18.8
72.0 67.55 197.08 18.9
72.0 67.57 196.34 18.8
72.0 67.59 191.28 18.9
72.0 67.58 200.05 18.8
72.0 67.60 193.05 18.6
72.0 67.39 221.42 18.4
72.0 67.42 210.22 18.9
72.0 67.41 209.41 19.3
72.0 67.51 191.13 19.4
72.0 67.57 188.63 19.0
72.0 67.61 189.32 19.3
72.0 67.62 187.43 18.7
72.0 67.59 195.95 18.7
72.0 67.67 187.54 18.6
72.0 67.66 192.95 18.5
72.0 67.77 175.25 18.7
72.0 67.79 184.89 17.8
72.0 67.81 180.95 18.3
72.0 67.78 188.28 17.9
72.0 67.77 185.44 18.0
72.0 67.79 189.97 18.1
72.0 67.70 196.75 18.1
72.0 67.75 189.45 18.0
72.0 67.79 185.33 17.9
72.0 67.87 173.02 17.9
72.0 68.01 162.56 17.6
72.0 68.04 166.60 17.3
72.0 67.97 181.21 17.1
72.0 67.72 208.71 17.0
72.0 67.77 195.21 17.4
72.0 67.85 182.74 17.6
72.0 67.99 167.63 17.6
72.0 67.99 170.56 17.2
72.0 67.98 180.06 17.1
72.0 68.06 165.94 17.7
72.0 68.12 165.06 16.8
72.0 68.10 171.96 16.9
72.0 68.17 165.04 16.9
72.0 68.23 156.75 16.6
72.0 68.27 154.80 16.4
72.0 68.24 168.86 16.2
72.0 68.30 158.07 16.1
72.0 68.35 156.09 16.3
72.0 68.41 151.90 15.9
72.0 68.39 159.72 15.7
72.0 68.43 152.16 16.1
72.0 68.49 149.07 15.5
72.0 68.50 152.25 15.3
72.0 68.53 151.07 15.3
72.0 68.58 143.81 15.4
72.0 68.74 133.71 14.8
72.0 68.81 127.73 14.7
72.0 68.83 129.68 14.3
72.0 68.90 131.72 14.0
72.0 68.93 128.14 14.0
72.0 68.96 129.24 13.8
72.0 68.97 129.10 13.8
72.0 69.00 132.46 13.6
72.0 69.00 130.40 13.8
72.0 69.07 124.22 13.2
72.0 69.07 128.56 13.2
72.0 69.20 114.34 12.7
72.0 69.22 114.00 12.2
72.0 69.38 103.20 12.5
72.0 69.37 109.57 12.3
72.0 69.40 107.25 12.1
72.0 69.57 91.77 11.7
72.0 69.58 96.60 11.6
72.0 69.64 93.21 11.5
72.0 69.73 82.40 11.2
72.0 69.73 92.72 11.4
72.0 69.66 102.14 10.7
72.0 69.66 103.35 10.5
72.0 69.73 92.98 10.7
72.0 69.71 100.74 10.6
72.0 69.75 94.16 9.9
72.0 69.77 88.68 11.2
72.0 69.78 92.76 10.1
72.0 69.96 68.86 9.5
72.0 70.11 55.63 9.5
72.0 70.12 64.22 9.5
72.0 70.12 72.28 9.6
72.0 70.21 59.91 8.4
72.0 70.21 65.78 8.9
72.0 70.22 67.52 8.8
72.0 70.24 68.27 8.6
72.0 70.20 74.50 8.2
72.0 70.41 44.29 8.1
72.0 70.43 50.58 7.9
72.0 70.42 59.84 7.3
72.0 70.44 58.28 7.9
72.0 70.46 59.04 6.7
72.0 70.45 62.32 7.4
72.0 70.44 62.52 7.1
72.0 70.52 52.01 7.1
72.0 70.49 60.03 6.5
72.0 70.52 58.22 6.8
72.0 70.57 50.56 6.9
72.0 70.58 54.20 6.5
72.0 70.56 57.70 6.1
72.0 70.56 57.90 6.6
72.0 70.56 57.97 6.5
72.0 70.66 43.76 6.2
72.0 70.70 44.08 6.1
72.0 70.71 47.00 5.6
72.0 70.66 56.43 5.3
72.0 70.74 44.28 6.3
72.0 70.77 43.73 5.8
72.0 70.76 49.31 6.1
72.0 70.81 41.53 5.5
72.0 70.81 44.91 5.8
72.0 70.79 49.62 5.4
72.0 70.84 41.49 5.3
72.0 70.89 38.54 5.7
72.0 71.00 25.66 4.6
72.0 71.05 27.64 4.9
72.0 71.10 25.77 4.8
72.0 71.10 30.99 4.6
72.0 71.07 37.55 4.5
72.0 71.11 31.82 4.3
72.0 71.16 28.61 4.4
72.0 71.29 12.52 3.6
72.0 71.38 8.27 4.2
72.0 71.38 17.38 3.8
72.0 71.41 15.52 3.9
72.0 71.47 12.01 4.0
72.0 71.53 9.82 3.4
72.0 71.55 10.86 3.4
72.0 71.60 7.98 3.0
72.0 71.64 5.61 3.0
72.0 71.65 8.56 2.8
72.0 71.66 9.10 2.4
72.0 71.60 19.44 2.6
72.0 71.64 12.60 2.4
72.0 71.65 12.02 2.4
72.0 71.66 11.64 2.5
72.0 71.67 10.97 2.2
72.0 71.61 20.24 2.1
72.0 71.58 22.25 2.4
72.0 71.65 10.20 2.2
72.0 71.73 1.29 2.3
72.0 71.78 -1.74 2.0
72.0 71.80 1.00 2.6
72.0 71.87 -5.66 2.5
72.0 71.89 -2.15 2.4
72.0 71.92 -3.45 2.4
72.0 71.95 -4.36 2.5
72.0 72.06 -14.76 2.6
72.0 72.07 -11.11 3.0
72.0 72.09 -9.45 2.8
72.0 72.11 -8.77 3.0
72.0 72.07 -1.90 3.1
72.0 72.09 -4.83 2.8
72.0 72.13 -9.66 3.2
72.0 72.14 -9.21 3.1
72.0 72.18 -12.35 3.3
72.0 72.21 -14.16 3.0
72.0 72.26 -18.52 3.3
72.0 72.19 -5.24 3.6
72.0 72.29 -20.50 3.7
72.0 72.31 -19.43 3.7
72.0 72.43 -31.72 3.6
72.0 72.43 -26.02 4.1
72.0 72.44 -23.23 4.2
72.0 72.39 -16.73 4.6
72.0 72.55 -38.06 4.3
72.0 72.57 -34.00 4.6
72.0 72.40 -7.76 4.8
72.0 72.43 -17.03 4.9
72.0 72.43 -18.70 4.7
72.0 72.51 -29.44 4.6
72.0 72.61 -38.81 4.8
72.0 72.67 -40.96 5.0
72.0 72.70 -39.80 5.4
72.0 72.73 -38.96 5.6
72.0 72.80 -46.16 5.6
72.0 72.77 -36.52 6.3
72.0 72.82 -41.77 5.8
72.0 72.88 -48.05 6.1
72.0 72.84 -38.15 6.0
72.0 72.93 -49.72 6.2
72.0 72.91 -42.65 6.5
72.0 72.89 -40.92 6.5
72.0 72.88 -37.92 8.0
72.0 72.72 -18.81 6.9
72.0 72.74 -29.20 6.2
72.0 72.77 -34.66 6.1
72.0 72.71 -27.24 6.1
72.0 72.79 -39.40 6.1
72.0 72.78 -37.91 6.2
72.0 72.78 -35.47 6.3
72.0 72.80 -38.16 6.3
72.0 72.82 -39.70 6.0
72.0 72.86 -43.82 6.2
72.0 72.92 -48.93 6.5
72.0 72.85 -36.93 6.5
72.0 72.89 -42.79 6.6
72.0 72.90 -42.08 6.5
72.0 72.90 -42.66 6.7
72.0 72.91 -43.03 6.7
72.0 72.99 -52.87 7.3
72.0 73.04 -54.63 6.7
72.0 73.08 -56.76 7.1
72.0 73.20 -67.99 7.4
72.0 73.15 -54.11 6.9
72.0 73.08 -45.00 7.6
72.0 73.07 -44.89 7.8
72.0 73.04 -43.94 7.4
72.0 73.01 -40.71 7.4
72.0 73.13 -59.20 7.8
72.0 73.16 -59.96 7.4
72.0 73.19 -60.69 7.6
72.0 73.17 -53.70 7.3
72.0 73.10 -43.51 8.1
72.0 73.19 -59.04 7.7
72.0 73.19 -56.14 7.6
72.0 73.20 -55.89 8.5
72.0 73.27 -65.45 7.8
72.0 73.24 -58.19 8.4
72.0 73.19 -49.62 8.1
72.0 73.12 -41.65 8.0
72.0 73.16 -52.08 7.9
72.0 73.11 -45.81 7.7
72.0 73.08 -43.60 7.8
72.0 73.09 -48.42 7.6
72.0 73.08 -47.81 7.8
72.0 73.04 -42.99 7.8
72.0 73.01 -41.47 7.7
72.0 73.01 -43.54 7.5
72.0 72.96 -37.00 6.6
72.0 72.96 -40.73 7.2
72.0 72.96 -42.62 7.3
72.0 73.16 -69.61 7.4
72.0 73.20 -64.50 7.8
72.0 73.15 -53.77 7.6
72.0 73.13 -51.07 7.4
72.0 73.22 -62.37 7.9
72.0 73.42 -85.23 7.8
72.0 73.45 -77.88 8.2
72.0 73.43 -70.92 8.4
72.0 73.36 -57.58 8.0
72.0 73.20 -39.60 8.4
72.0 73.23 -50.86 8.3
72.0 73.06 -31.86 8.1
72.0 72.98 -28.35 7.8
72.0 72.93 -29.12 7.6
72.0 72.93 -37.39 7.2
72.0 72.98 -46.36 7.2
72.0 73.06 -55.28 7.3
72.0 73.07 -54.08 7.4
72.0 73.11 -56.84 7.4
72.0 73.10 -51.08 7.8
72.0 73.06 -46.09 7.4
72.0 73.05 -46.37 7.3
72.0 73.02 -42.06 7.3
72.0 73.07 -50.29 7.4
72.0 73.03 -45.36 7.1
72.0 73.00 -42.55 7.3
72.0 73.02 -46.25 7.3
72.0 72.97 -39.78 7.4
72.0 72.92 -36.00 7.1
72.0 72.85 -29.26 7.1
72.0 72.72 -17.28 6.8
72.0 72.72 -25.34 6.7
72.0 72.67 -23.15 6.0
72.0 72.68 -27.15 6.0
72.0 72.66 -26.73 6.0
72.0 72.62 -23.22 5.9
72.0 72.53 -14.90 5.8
72.0 72.46 -8.97 5.2
72.0 72.44 -11.13 5.3
72.0 72.44 -16.64 5.0
72.0 72.40 -12.20 4.8
72.0 72.36 -10.19 4.6
72.0 72.32 -8.78 4.5
72.0 72.31 -10.44 4.6
72.0 72.21 1.45 4.3
72.0 72.12 9.80 4.1
72.0 72.16 -2.62 3.9
72.0 72.12 0.82 3.9
72.0 72.08 2.82 3.6
72.0 72.07 0.90 3.7
72.0 72.12 -6.82 3.3
72.0 72.08 -1.30 3.1
72.0 72.12 -7.96 3.1
72.0 72.06 1.24 2.8
72.0 72.06 0.12 2.8
72.0 72.08 -3.79 2.8
72.0 72.04 0.58 2.8
72.0 71.99 6.87 2.5
72.0 71.97 6.57 2.4
72.0 71.86 20.23 2.2
72.0 71.87 10.89 2.2
72.0 71.93 0.43 2.4
72.0 71.92 3.86 2.2
72.0 71.85 12.11 1.8
72.0 71.84 10.12 2.4
72.0 71.84 9.29 1.9
72.0 71.85 5.53 2.1
72.0 71.84 6.74 2.0
72.0 71.77 17.16 1.6
72.0 71.74 16.50 2.0
72.0 71.77 9.69 2.3
72.0 71.77 9.40 1.8
72.0 71.72 15.80 1.7
72.0 71.70 16.34 1.6
72.0 71.73 9.84 1.8
72.0 71.69 16.17 1.6
72.0 71.65 19.67 1.6
72.0 71.61 21.71 1.7
72.0 71.56 26.06 1.8
72.0 71.48 31.66 2.4
72.0 71.44 31.70 2.2
72.0 71.27 50.03 2.2
72.0 71.22 45.32 3.0
72.0 71.23 37.66 2.5
72.0 71.24 32.97 2.8
72.0 71.24 32.17 3.1
72.0 71.20 36.54 2.8
72.0 71.10 48.37 3.1
72.0 71.07 47.02 3.7
72.0 71.04 44.97 3.3
72.0 71.02 44.92 3.4
72.0 70.98 47.34 3.7
72.0 70.97 46.57 3.6
72.0 70.91 52.35 3.7
72.0 70.87 51.73 4.3
72.0 70.80 58.58 4.0
72.0 70.85 47.38 4.1
72.0 70.78 56.58 4.2
72.0 70.76 54.58 4.1
72.0 70.75 53.68 4.5
72.0 70.85 40.89 4.6
72.0 70.82 46.34 4.5
72.0 70.80 50.27 4.4
72.0 70.73 58.39 3.9
72.0 70.67 62.00 4.8
72.0 70.62 65.18 4.7
72.0 70.44 84.33 5.2
72.0 70.39 82.34 5.0
72.0 70.32 82.15 5.8
72.0 70.32 73.17 6.0
72.0 70.33 70.35 6.0
72.0 70.35 65.90 6.0
72.0 70.29 75.40 5.8
72.0 70.37 60.49 6.2
72.0 70.21 84.23 6.2
72.0 70.16 85.63 6.3
72.0 70.16 78.95 6.7
72.0 70.13 80.43 6.8
72.0 70.13 78.37 7.3
72.0 70.07 86.19 7.1
72.0 70.07 79.76 7.3
72.0 70.08 76.50 7.4
72.0 70.04 84.44 7.3
72.0 70.05 79.03 7.5
72.0 70.11 72.26 7.4
72.0 70.09 75.66 7.6
72.0 70.09 78.26 7.6
72.0 70.08 78.74 7.9
72.0 70.08 75.99 7.6
72.0 70.07 79.49 7.9
72.0 69.98 90.17 7.7
72.0 69.93 93.19 8.2
72.0 69.84 99.32 8.2
72.0 69.87 87.63 8.7
72.0 69.83 94.68 8.4
72.0 69.71 106.62 8.4
72.0 69.66 108.43 8.9
72.0 69.64 106.93 8.5
72.0 69.63 106.35 9.1
72.0 69.61 103.92 9.3
72.0 69.73 84.92 9.6
72.0 69.77 86.03 9.1
72.0 69.74 90.62 8.9
72.0 69.69 98.10 9.1
72.0 69.63 105.10 9.4
72.0 69.50 119.44 9.6
72.0 69.50 111.37 9.8
72.0 69.47 110.27 10.0
72.0 69.45 117.20 10.2
72.0 69.43 115.98 10.1
72.0 69.41 118.05 9.8
72.0 69.42 113.94 10.5
72.0 69.40 117.16 10.4
72.0 69.54 96.37 10.3
72.0 69.70 81.77 10.7
72.0 69.67 93.31 10.6
72.0 69.65 99.28 10.8
72.0 69.59 105.99 10.3
72.0 69.49 119.45 9.7
72.0 69.42 122.32 10.3
72.0 69.32 129.85 11.2
72.0 69.35 120.70 11.1
72.0 69.28 129.21 11.6
72.0 69.32 120.78 11.0
72.0 69.38 110.45 11.5
72.0 69.32 123.58 11.6
72.0 69.31 120.31 11.6
72.0 69.24 129.42 11.7
72.0 69.22 126.72 12.3
72.0 69.20 128.25 12.0
72.0 69.14 134.56 12.1
72.0 69.20 121.77 12.1
72.0 69.16 131.37 12.2
72.0 69.14 128.45 12.3
72.0 69.18 124.50 12.3
72.0 69.14 130.27 11.3
72.0 69.02 144.08 12.9
72.0 69.00 138.78 12.8
72.0 69.07 128.42 12.7
72.0 69.00 138.64 12.9
72.0 69.00 136.49 12.8
72.0 69.12 118.25 13.2
72.0 69.11 127.94 13.0
72.0 69.08 129.94 12.9
72.0 69.03 133.96 12.7
72.0 69.03 136.81 12.9
72.0 69.01 135.07 13.2
72.0 68.97 139.96 13.3
72.0 68.93 139.96 13.5
72.0 68.77 161.30 13.4
72.0 68.77 149.63 14.0
72.0 68.80 144.32 14.4
72.0 68.80 144.08 14.3
72.0 68.80 143.95 14.0
72.0 68.80 140.66 13.0
72.0 68.84 140.21 13.3
72.0 68.84 138.39 13.8
72.0 68.82 140.27 12.7
72.0 68.90 131.04 13.0
72.0 68.92 133.66 13.8
72.0 68.95 132.15 14.4
72.0 68.85 144.35 13.5
72.0 68.82 149.27 14.0
72.0 68.82 143.11 13.6
72.0 68.76 151.15 14.7
72.0 68.74 147.40 14.1
72.0 68.75 149.49 14.4
72.0 68.75 143.90 14.3
72.0 68.80 138.95 14.2
72.0 68.85 135.97 14.0
72.0 68.87 133.48 14.2
72.0 68.86 137.96 14.2
72.0 68.81 145.56 14.3
72.0 68.77 149.86 14.2
72.0 68.79 141.13 14.3
72.0 68.84 137.15 14.2
72.0 68.81 142.72 14.0
72.0 68.69 158.82 14.2
72.0 68.79 137.91 14.2
72.0 68.90 131.07 14.2
72.0 68.87 136.10 14.1
72.0 68.86 139.23 13.8
72.0 68.99 124.54 13.6
72.0 68.95 132.03 13.9
72.0 69.00 128.27 13.6
72.0 68.94 136.52 13.9
72.0 68.93 141.73 13.9
72.0 68.74 159.98 13.7
72.0 68.77 149.77 13.8
72.0 68.80 144.37 14.4
72.0 68.87 136.00 14.0
72.0 68.90 130.55 14.0
72.0 68.92 133.42 14.0
72.0 68.91 137.40 13.7
72.0 68.87 142.17 13.8
72.0 68.82 144.60 13.8
72.0 68.84 144.51 14.1
72.0 68.93 129.36 14.0
72.0 68.92 132.22 13.8
72.0 68.91 139.84 13.5
72.0 68.96 129.30 13.7
72.0 68.93 137.53 13.6
72.0 68.91 136.34 14.0
72.0 68.99 131.45 13.2
72.0 68.93 138.21 13.3
72.0 68.94 136.98 13.8
72.0 68.99 130.86 13.6
72.0 69.13 116.23 13.4
72.0 69.16 115.52 12.8
72.0 69.19 120.78 13.0
72.0 69.16 125.59 12.9
72.0 69.17 122.78 13.4
72.0 69.13 129.53 12.9
72.0 69.14 127.90 13.1
72.0 69.15 126.96 13.0
72.0 69.16 123.50 12.8
72.0 69.19 124.80 13.1
72.0 69.13 130.37 12.8
72.0 69.23 117.34 12.6
72.0 69.23 120.74 12.1
72.0 69.24 122.43 12.5
72.0 69.24 120.49 11.9
72.0 69.31 114.09 12.7
72.0 69.32 115.67 12.4
72.0 69.31 116.36 12.2
72.0 69.40 108.47 11.8
72.0 69.49 100.89 11.9
72.0 69.54 101.66 11.6
72.0 69.57 98.98 11.6
72.0 69.56 102.98 11.5
72.0 69.58 104.73 11.4
72.0 69.52 113.62 11.5
72.0 69.54 107.93 11.4
72.0 69.67 96.49 11.2
72.0 69.63 101.59 11.3
72.0 69.61 106.13 10.8
72.0 69.60 108.57 10.8
72.0 69.63 101.91 10.6
72.0 69.84 78.14 10.8
72.0 69.80 88.22 10.6
72.0 69.84 89.38 10.3
72.0 69.82 90.93 10.3
72.0 69.79 96.75 9.9
72.0 69.89 77.24 10.2
72.0 69.85 91.23 9.9
72.0 69.90 80.42 9.8
72.0 70.02 65.24 9.9
72.0 70.03 73.67 9.6
72.0 70.04 73.71 9.4
72.0 70.03 78.66 9.1
72.0 70.11 66.80 9.3
72.0 70.07 77.66 8.8
72.0 70.01 86.33 8.8
72.0 70.04 77.06 9.0
72.0 70.05 77.34 8.6
72.0 70.04 80.38 8.0
72.0 70.19 58.00 8.7
72.0 70.14 72.67 8.2
72.0 70.16 69.47 8.2
72.0 70.21 68.73 8.0
72.0 70.27 60.82 8.2
72.0 70.32 58.54 7.6
72.0 70.33 63.04 7.7
72.0 70.33 63.56 7.5
72.0 70.22 80.24 7.4
72.0 70.24 72.76 7.7
72.0 70.25 72.60 7.3
72.0 70.22 74.99 7.2
72.0 70.35 54.27 7.6
72.0 70.44 48.55 7.2
72.0 70.48 51.12 7.1
72.0 70.59 42.90 6.7
72.0 70.59 48.86 6.7
72.0 70.64 47.16 6.5
72.0 70.70 42.90 6.4
72.0 70.71 45.03 6.3
72.0 70.75 44.33 6.1
72.0 70.76 46.77 6.0
72.0 70.81 41.81 5.9
72.0 70.77 50.16 6.0
72.0 70.75 51.45 5.7
72.0 70.76 51.61 5.6
72.0 70.88 32.94 6.3
72.0 70.88 40.10 5.4
72.0 70.89 39.44 5.4
72.0 71.03 26.38 5.2
72.0 71.03 31.69 5.2
72.0 71.04 34.33 5.1
72.0 70.92 51.67 4.8
72.0 70.94 46.10 4.8
72.0 70.95 43.22 4.7
72.0 70.94 43.76 5.0
72.0 70.97 38.97 4.8
72.0 71.03 33.23 4.7
72.0 71.13 22.18 4.9
72.0 71.14 26.80 4.5
72.0 71.18 25.89 4.4
72.0 71.24 20.90 3.9
72.0 71.25 25.32 3.9
72.0 71.27 23.49 4.5
72.0 71.37 15.06 3.7
72.0 71.39 17.63 3.6
72.0 71.40 19.52 3.4
72.0 71.46 13.17 3.3
72.0 71.37 28.99 3.6
72.0 71.41 22.17 3.0
72.0 71.52 7.81 3.0
72.0 71.47 19.57 3.2
72.0 71.48 19.84 3.1
72.0 71.49 19.39 3.3
72.0 71.54 13.42 3.2
72.0 71.56 13.19 2.8
72.0 71.58 12.91 2.8
72.0 71.62 8.83 2.8
72.0 71.61 12.74 2.6
72.0 71.63 12.75 2.1
72.0 71.76 -4.84 2.3
72.0 71.72 8.61 2.7
72.0 71.75 5.43 2.4
72.0 71.68 16.95 2.3
72.0 71.73 7.00 2.0
72.0 71.74 7.97 2.6
72.0 71.74 8.73 2.2
72.0 71.77 5.82 2.2
72.0 71.70 17.37 2.1
72.0 71.73 10.87 2.4
72.0 71.75 6.96 2.2
72.0 71.78 5.24 1.9
72.0 71.83 0.03 2.4
72.0 71.84 0.69 1.8
72.0 71.84 4.46 1.8
72.0 71.85 3.13 1.8
72.0 71.89 -0.93 1.8
72.0 71.90 0.11 1.6
72.0 71.87 7.22 1.6
72.0 71.88 4.55 1.5
72.0 71.87 6.14 1.5
72.0 71.91 0.49 1.5
72.0 71.99 -9.83 1.6
72.0 71.99 -4.88 1.9
72.0 72.04 -8.82 1.8
72.0 72.06 -8.07 2.0
72.0 72.03 -1.63 1.8
72.0 72.00 2.22 2.0
72.0 71.98 4.46 2.0
72.0 72.08 -11.14 1.8
72.0 72.17 -18.88 1.5
72.0 72.22 -20.52 2.2
72.0 72.25 -18.68 2.6
72.0 72.37 -30.76 2.7
72.0 72.36 -22.31 3.0
72.0 72.35 -17.53 3.4
72.0 72.34 -15.44 3.0
72.0 72.35 -17.39 3.1
72.0 72.34 -15.42 3.3
72.0 72.26 -4.41 3.5
72.0 72.26 -7.72 3.2
72.0 72.28 -12.57 3.1
72.0 72.30 -15.38 3.9
72.0 72.27 -10.37 3.3
72.0 72.39 -27.13 3.5
72.0 72.45 -30.20 3.9
72.0 72.48 -28.72 4.1
72.0 72.48 -25.46 3.7
72.0 72.50 -26.96 4.0
72.0 72.45 -18.66 4.1
72.0 72.51 -26.25 4.1
72.0 72.55 -30.50 4.6
72.0 72.55 -27.69 4.4
72.0 72.44 -12.32 4.8
72.0 72.45 -16.91 3.9
72.0 72.48 -22.38 3.9
72.0 72.55 -31.71 4.3
72.0 72.57 -30.36 4.5
72.0 72.54 -24.10 4.5
72.0 72.58 -30.01 4.4
72.0 72.64 -36.31 4.5
72.0 72.68 -37.22 4.7
72.0 72.73 -41.17 4.9
72.0 72.71 -34.26 5.3
72.0 72.71 -32.99 5.3
72.0 72.69 -29.95 5.2
72.0 72.67 -28.20 5.3
72.0 72.82 -49.56 5.6
72.0 72.79 -39.39 5.5
72.0 72.76 -33.02 5.0
72.0 72.71 -28.34 5.6
72.0 72.66 -23.57 5.4
72.0 72.52 -9.45 5.7
72.0 72.55 -18.99 5.1
72.0 72.56 -24.40 5.2
72.0 72.53 -20.34 5.0
72.0 72.48 -14.84 5.0
72.0 72.53 -25.06 4.8
72.0 72.52 -23.59 4.6
72.0 72.67 -42.45 4.6
72.0 72.63 -31.16 4.9
72.0 72.56 -22.01 5.0
72.0 72.58 -25.62 5.2
72.0 72.57 -24.32 5.0
72.0 72.59 -27.83 5.0
72.0 72.58 -25.48 4.8
72.0 72.62 -31.11 4.9
72.0 72.65 -34.33 4.5
72.0 72.64 -30.04 5.0
72.0 72.67 -33.52 5.2
72.0 72.65 -29.81 5.5
72.0 72.66 -30.89 5.0
72.0 72.57 -18.05 5.1
72.0 72.44 -5.76 5.0
72.0 72.47 -16.15 4.7
72.0 72.47 -19.56 5.1
72.0 72.50 -23.60 4.8
72.0 72.50 -23.10 4.4
72.0 72.47 -19.73 4.6
72.0 72.47 -20.43 4.6
72.0 72.47 -21.26 4.5
72.0 72.52 -27.73 4.9
72.0 72.59 -35.10 4.5
72.0 72.51 -19.59 4.7
72.0 72.51 -21.23 4.7
72.0 72.53 -25.14 4.4
72.0 72.53 -24.20 4.3
72.0 72.52 -23.14 4.5
72.0 72.52 -22.58 4.4
72.0 72.49 -20.33 4.5
72.0 72.44 -14.48 4.5
72.0 72.45 -17.97 4.5
72.0 72.52 -29.21 4.1
72.0 72.52 -26.17 4.3
72.0 72.35 -2.01 4.6
72.0 72.29 -0.26 4.1
72.0 72.36 -15.61 4.1
72.0 72.37 -17.41 3.9
72.0 72.31 -9.50 4.1
72.0 72.33 -13.71 4.0
72.0 72.32 -13.71 3.8
72.0 72.29 -9.70 4.1
72.0 72.31 -13.65 3.3
72.0 72.33 -16.44 3.7
72.0 72.44 -30.64 3.6
72.0 72.49 -32.31 3.7
72.0 72.45 -20.51 4.0
72.0 72.43 -18.45 4.0
72.0 72.36 -9.80 3.7
72.0 72.45 -24.29 3.7
72.0 72.45 -22.91 3.7
72.0 72.43 -18.61 3.9
72.0 72.39 -13.72 3.9
72.0 72.40 -16.69 3.7
72.0 72.31 -7.10 3.6
72.0 72.40 -22.70 3.4
72.0 72.41 -21.66 3.5
72.0 72.42 -20.85 3.5
72.0 72.35 -11.66 3.7
72.0 72.18 8.57 3.5
72.0 72.14 6.72 3.3
72.0 72.17 -4.29 3.2
72.0 72.18 -6.74 2.8
72.0 72.16 -4.69 3.3
72.0 72.10 2.53 3.5
72.0 72.14 -6.16 2.8
72.0 72.17 -10.73 2.9
72.0 72.20 -13.32 2.9
72.0 72.11 0.34 3.3
72.0 72.08 2.62 2.8
72.0 72.09 -2.65 2.8
72.0 72.08 -2.19 2.6
72.0 72.10 -5.08 2.6
72.0 72.07 -0.56 2.8
72.0 72.01 5.77 2.6
72.0 71.96 9.59 2.3
72.0 71.90 14.35 2.4
72.0 71.86 14.23 2.4
72.0 71.85 11.22 2.4
72.0 71.87 6.42 2.3
72.0 71.86 7.20 2.1
72.0 71.85 7.64 1.9
72.0 71.84 7.82 1.6
72.0 71.78 14.53 1.8
72.0 71.76 15.05 1.6
72.0 71.78 8.86 1.6
72.0 71.78 8.90 1.7
72.0 71.76 12.12 1.7
72.0 71.73 14.18 1.6
72.0 71.76 8.58 1.6
72.0 71.76 8.64 1.5
72.0 71.76 8.92 1.6
72.0 71.76 9.05 1.5
72.0 71.79 5.85 1.3
72.0 71.78 7.18 1.5
72.0 71.78 7.85 1.6
72.0 71.73 14.82 1.5
72.0 71.71 15.41 1.4
72.0 71.60 28.27 1.3
72.0 71.55 29.33 1.7
72.0 71.50 30.36 1.4
72.0 71.48 28.15 1.8
72.0 71.51 20.31 1.7
72.0 71.49 23.07 2.1
72.0 71.49 21.51 1.9
72.0 71.42 29.92 1.8
72.0 71.48 18.24 1.8
72.0 71.53 12.87 2.1
72.0 71.49 22.23 1.8
72.0 71.44 26.97 1.8
72.0 71.45 23.77 1.6
72.0 71.39 31.33 1.9
72.0 71.33 35.26 2.2
72.0 71.31 34.89 2.4
72.0 71.21 43.82 2.6
72.0 71.24 34.83 2.3
72.0 71.18 41.02 2.6
72.0 71.31 18.59 3.0
72.0 71.29 26.73 3.0
72.0 71.26 30.98 2.5
72.0 71.24 33.27 3.5
72.0 71.20 37.09 3.1
72.0 71.07 52.01 3.0
72.0 70.98 56.85 3.3
72.0 70.94 53.56 3.2
72.0 70.95 46.92 3.7
72.0 70.87 55.60 3.9
72.0 70.89 48.44 3.9
72.0 70.88 46.71 3.7
72.0 70.90 42.70 4.5
72.0 70.89 45.89 4.0
72.0 71.01 29.28 4.1
72.0 70.85 55.25 3.9
72.0 70.80 56.63 4.5
72.0 70.83 50.79 4.5
72.0 71.02 22.16 4.4
72.0 70.98 35.98 4.5
72.0 70.94 43.95 4.3
72.0 70.91 48.21 4.6
72.0 70.81 59.57 4.5
72.0 70.76 59.06 4.7
72.0 70.72 60.07 5.2
72.0 70.67 63.86 5.1
72.0 70.66 58.88 5.0
72.0 70.65 57.74 5.4
72.0 70.62 60.22 5.4
72.0 70.62 57.30 5.4
72.0 70.69 48.06 4.6
72.0 70.77 38.08 5.8
72.0 70.69 56.29 5.2
72.0 70.61 64.32 5.5
72.0 70.47 78.58 5.2
72.0 70.49 67.35 5.8
72.0 70.50 63.24 6.2
72.0 70.53 58.07 5.8
72.0 70.47 66.12 6.0
72.0 70.44 70.12 5.6
72.0 70.43 66.47 6.9
72.0 70.36 73.98 6.1
72.0 70.33 73.51 6.2
72.0 70.32 73.43 6.3
72.0 70.34 67.53 6.6
72.0 70.32 68.83 6.5
72.0 70.31 71.18 6.0
72.0 70.29 72.48 6.5
72.0 70.08 98.78 6.7
72.0 70.15 78.93 7.1
72.0 70.11 81.82 7.3
72.0 70.06 86.88 6.9
72.0 70.07 80.13 7.4
72.0 70.06 79.80 7.5
72.0 70.04 83.47 7.1
72.0 70.03 81.64 7.8
72.0 70.02 82.71 7.8
72.0 70.15 62.50 7.8
72.0 70.19 65.39 7.8
72.0 70.16 71.74 7.6
72.0 70.14 75.07 7.4
72.0 70.07 84.51 7.6
72.0 69.99 92.63 7.8
72.0 69.89 100.19 8.2
72.0 69.92 90.01 8.2
72.0 69.81 100.81 8.2
72.0 69.69 114.63 8.4
72.0 69.73 98.75 8.9
72.0 69.80 87.49 8.9
72.0 69.76 93.24 8.8
72.0 69.76 93.42 8.9
72.0 69.79 85.18 7.4
72.0 69.67 102.09 8.8
72.0 69.70 100.41 9.1
72.0 69.74 91.56 9.3
72.0 69.81 83.81 9.3
72.0 69.77 89.31 9.1
72.0 69.79 90.74 9.3
72.0 69.71 98.94 9.5
72.0 69.69 97.43 9.5
72.0 69.66 101.22 9.7
72.0 69.62 103.97 9.1
72.0 69.65 99.38 9.5
72.0 69.50 115.91 9.7
72.0 69.64 94.84 9.7
72.0 69.75 80.20 9.9
72.0 69.75 84.74 9.7
72.0 69.72 92.20 9.1
72.0 69.81 81.28 9.6
72.0 69.82 84.15 9.7
72.0 69.83 83.27 9.6
72.0 69.82 85.85 9.2
72.0 69.83 88.62 9.5
72.0 69.90 76.12 9.5
72.0 69.84 89.68 9.5
72.0 69.80 94.02 9.5
72.0 69.79 91.40 9.5
72.0 69.76 95.23 9.4
72.0 69.75 92.25 9.5
72.0 69.68 103.65 9.2
72.0 69.70 96.29 9.7
72.0 69.48 123.89 9.6
72.0 69.37 128.10 9.8
72.0 69.38 119.30 10.4
72.0 69.39 117.48 10.3
72.0 69.44 108.17 10.5
72.0 69.47 111.20 10.2
72.0 69.51 104.35 10.7
72.0 69.53 105.93 10.6
72.0 69.55 104.00 10.4
72.0 69.63 99.88 10.3
72.0 69.66 94.76 10.5
72.0 69.62 102.93 10.7
72.0 69.49 120.28 10.2
72.0 69.56 105.81 10.8
72.0 69.51 114.35 10.8
72.0 69.59 102.72 10.5
72.0 69.81 78.92 10.6
72.0 69.89 73.99 10.5
72.0 69.89 82.05 10.3
72.0 69.83 94.53 10.0
72.0 69.79 98.53 10.0
72.0 69.69 107.47 10.1
72.0 69.65 113.25 10.3
72.0 69.59 115.05 10.4
72.0 69.62 105.24 10.3
72.0 69.60 108.03 10.8
72.0 69.61 106.85 10.6
72.0 69.60 108.90 10.6
72.0 69.54 113.32 10.7
72.0 69.53 115.30 11.0
72.0 69.55 108.67 10.8
72.0 69.59 104.97 10.8
72.0 69.55 110.94 10.8
72.0 69.46 122.30 10.9
72.0 69.41 121.27 11.0
72.0 69.44 115.42 11.4
72.0 69.44 114.94 11.0
72.0 69.47 109.28 11.2
72.0 69.49 108.86 11.3
72.0 69.44 116.55 11.0
72.0 69.38 123.55 11.2
72.0 69.41 114.14 11.3
72.0 69.46 109.12 11.5
72.0 69.55 100.55 11.2
72.0 69.54 106.35 11.1
72.0 69.54 106.92 11.0
72.0 69.62 101.46 11.1
72.0 69.65 98.14 10.8
72.0 69.57 110.25 10.7
72.0 69.58 108.35 10.9
72.0 69.63 99.09 11.0
72.0 69.64 99.67 10.9
72.0 69.67 94.58 10.8
72.0 69.69 96.72 10.8
72.0 69.67 98.60 10.8
72.0 69.67 99.11 10.4
72.0 69.65 102.17 10.5
72.0 69.68 100.68 10.5
72.0 69.66 102.90 10.4
72.0 69.66 101.38 10.5
72.0 69.64 107.93 10.8
72.0 69.62 106.86 10.4
72.0 69.63 106.05 10.7
72.0 69.53 119.05 10.7
72.0 69.54 113.15 10.8
72.0 69.60 101.80 11.0
72.0 69.61 103.74 10.7
72.0 69.64 101.87 10.6
72.0 69.65 103.37 10.7
72.0 69.84 78.41 10.4
72.0 69.78 95.10 10.3
72.0 69.81 88.32 10.0
72.0 69.82 87.63 9.7
72.0 69.88 81.25 10.1
72.0 69.93 80.02 9.9
72.0 70.02 70.64 9.7
72.0 70.10 62.86 9.5
72.0 70.06 77.47 9.3
72.0 70.04 78.55 9.1
72.0 70.08 72.96 9.2
72.0 70.06 78.02 9.0
72.0 69.94 95.24 9.0
72.0 69.96 87.23 9.9
72.0 69.88 93.19 9.0
72.0 69.91 84.31 9.1
72.0 69.74 109.25 8.8
72.0 69.85 86.66 9.3
72.0 69.97 71.52 9.4
72.0 70.01 72.14 8.8
72.0 70.09 66.12 9.3
72.0 70.12 66.48 8.6
72.0 70.12 69.62 8.8
72.0 70.26 57.38 8.6
72.0 70.23 67.33 8.2
72.0 70.24 68.15 8.4
72.0 70.30 60.32 8.0
72.0 70.28 67.10 8.0
72.0 70.27 70.60 7.9
72.0 70.08 95.01 7.8
72.0 70.04 91.98 8.1
72.0 70.12 75.79 8.1
72.0 70.14 71.14 7.4
72.0 70.17 70.65 7.8
72.0 70.21 65.16 7.7
72.0 70.07 88.82 7.6
72.0 70.10 77.94 8.5
72.0 70.10 77.37 7.9
72.0 70.15 71.05 7.6
72.0 70.20 65.44 7.5
72.0 70.22 67.41 7.7
72.0 70.37 47.24 7.5
72.0 70.37 58.68 7.4
72.0 70.42 54.84 7.3
72.0 70.48 49.47 6.5
72.0 70.49 54.34 7.1
72.0 70.53 53.66 6.9
72.0 70.65 40.73 6.9
72.0 70.60 53.66 6.5
72.0 70.69 43.32 6.6
72.0 70.78 37.46 6.0
72.0 70.78 41.88 6.0
72.0 70.81 42.26 5.8
72.0 70.81 45.29 5.7
72.0 70.81 46.79 5.5
72.0 70.84 43.16 5.8
72.0 70.81 47.53 5.8
72.0 70.81 49.09 5.6
72.0 70.86 41.09 5.5
72.0 70.84 47.34 5.4
72.0 70.88 40.09 5.7
72.0 70.83 50.58 5.3
72.0 70.90 38.52 5.0
72.0 70.92 38.51 5.2
72.0 70.98 33.41 5.4
72.0 70.87 51.63 4.9
72.0 70.89 46.47 5.6
72.0 70.93 39.34 5.2
72.0 70.99 33.72 5.0
72.0 70.93 45.73 4.8
72.0 70.83 57.64 4.7
72.0 70.74 64.86 5.0
72.0 70.77 54.07 5.3
72.0 70.80 47.05 4.8
72.0 70.85 41.65 5.4
72.0 70.87 40.38 5.2
72.0 70.89 42.09 4.8
72.0 70.93 37.17 4.8
72.0 70.96 35.74 4.6
72.0 71.09 20.51 4.6
72.0 71.23 10.52 4.5
72.0 71.26 17.10 4.1
72.0 71.29 19.28 4.1
72.0 71.31 21.89 3.3
72.0 71.33 21.39 3.6
72.0 71.26 33.77 3.7
72.0 71.36 19.10 3.5
72.0 71.35 23.55 3.4
72.0 71.39 19.62 3.3
72.0 71.48 9.97 3.0
72.0 71.51 10.51 3.1
72.0 71.51 15.58 2.9
72.0 71.51 17.09 2.9
72.0 71.51 18.33 2.6
72.0 71.59 8.64 2.9
72.0 71.58 13.56 2.8
72.0 71.55 18.89 2.6
72.0 71.60 11.98 2.6
72.0 71.57 18.25 2.6
72.0 71.56 18.50 2.8
72.0 71.58 15.55 2.4
72.0 71.63 10.13 2.6
72.0 71.62 14.02 2.3
72.0 71.54 25.25 2.2
72.0 71.54 21.77 2.2
72.0 71.54 20.49 2.4
72.0 71.53 19.86 2.1
72.0 71.63 6.95 2.2
72.0 71.74 -5.46 2.0
72.0 71.72 5.24 2.6
72.0 71.58 26.15 2.6
72.0 71.63 15.43 2.8
72.0 71.55 25.88 2.4
72.0 71.57 18.78 2.4
72.0 71.61 12.51 2.4
72.0 71.60 15.31 2.2
72.0 71.67 6.60 2.2
72.0 71.80 -8.14 2.3
72.0 71.79 0.50 2.4
72.0 71.74 11.24 2.4
72.0 71.77 7.44 2.2
72.0 71.82 1.70 2.4
72.0 71.79 8.37 2.3
72.0 71.81 5.00 2.0
72.0 71.83 3.23 2.2
72.0 71.87 -0.35 2.0
72.0 71.91 -2.78 2.2
72.0 71.92 -0.77 1.9
72.0 71.93 0.04 1.9
72.0 71.96 -2.91 1.8
72.0 71.96 -1.20 2.1
72.0 71.97 -0.44 1.8
72.0 71.99 -3.19 1.6
72.0 72.04 -8.02 1.5
72.0 72.04 -4.38 1.7
72.0 72.11 -12.24 1.8
72.0 72.12 -10.32 2.0
72.0 72.21 -18.66 2.0
72.0 72.21 -14.38 2.2
72.0 72.21 -12.47 2.5
72.0 72.15 -2.37 2.6
72.0 72.08 4.31 2.3
72.0 72.10 -1.83 2.6
72.0 72.16 -11.74 2.5
72.0 72.17 -10.79 2.4
72.0 72.20 -13.35 2.2
72.0 72.23 -14.97 2.5
72.0 72.28 -19.20 2.6
72.0 72.28 -15.59 2.6
72.0 72.25 -10.66 2.9
72.0 72.30 -17.21 2.9
72.0 72.24 -9.15 3.1
72.0 72.13 6.71 3.0
72.0 72.14 -0.93 3.0
72.0 72.30 -25.32 3.0
72.0 72.24 -12.67 3.1
72.0 72.32 -21.31 3.2
72.0 72.31 -16.65 3.7
72.0 72.35 -20.83 3.4
72.0 72.34 -17.12 3.9
72.0 72.33 -15.15 3.5
72.0 72.27 -7.33 3.5
72.0 72.25 -6.51 3.3
72.0 72.25 -8.40 3.3
72.0 72.32 -19.48 3.3
72.0 72.31 -16.12 2.6
72.0 72.31 -14.37 3.9
72.0 72.32 -16.52 3.3
72.0 72.39 -24.04 3.4
72.0 72.45 -28.62 3.9
72.0 72.52 -34.46 3.6
72.0 72.57 -34.76 4.1
72.0 72.54 -26.31 4.4
72.0 72.53 -24.85 4.2
72.0 72.53 -24.07 4.3
72.0 72.43 -10.34 4.3
72.0 72.43 -16.15 4.0
72.0 72.44 -18.31 3.7
72.0 72.44 -19.43 3.7
72.0 72.47 -23.58 3.9
72.0 72.47 -22.82 3.8
72.0 72.43 -16.28 4.1
72.0 72.58 -38.12 4.1
72.0 72.70 -47.06 4.1
72.0 72.63 -30.65 4.5
72.0 72.45 -6.67 4.5
72.0 72.40 -6.57 4.4
72.0 72.34 -3.66 4.3
72.0 72.35 -11.24 4.1
72.0 72.32 -8.74 3.8
72.0 72.31 -10.38 4.0
72.0 72.35 -17.71 3.7
72.0 72.46 -31.31 3.7
72.0 72.49 -29.40 4.1
72.0 72.59 -38.56 3.9
72.0 72.55 -28.40 4.1
72.0 72.52 -22.27 4.5
72.0 72.50 -19.59 4.4
72.0 72.47 -17.96 4.1
72.0 72.45 -16.90 4.1
72.0 72.45 -18.81 4.1
72.0 72.43 -16.57 3.8
72.0 72.41 -16.31 4.1
72.0 72.25 3.86 3.9
72.0 72.28 -6.62 4.1
72.0 72.11 12.95 3.8
72.0 72.12 2.28 4.0
72.0 72.13 -3.07 3.7
72.0 72.12 -2.55 3.7
72.0 72.09 0.50 3.4
72.0 72.10 -3.76 3.3
72.0 72.14 -9.23 3.2
72.0 72.15 -9.00 3.2
72.0 72.26 -22.07 3.3
72.0 72.35 -29.33 3.5
72.0 72.32 -17.80 3.3
72.0 72.22 -3.09 3.5
72.0 72.22 -6.67 3.1
72.0 72.25 -11.71 3.0
72.0 72.34 -24.26 3.4
72.0 72.33 -18.75 3.3
72.0 72.32 -15.90 3.2
72.0 72.29 -10.82 3.1
72.0 72.22 -2.34 3.3
72.0 72.22 -6.30 3.3
72.0 72.25 -11.52 2.9
72.0 72.20 -4.77 3.1
72.0 72.18 -4.16 3.0
72.0 72.16 -3.68 2.0
72.0 72.15 -3.04 2.8
72.0 72.16 -6.03 3.0
72.0 72.12 -1.24 2.8
72.0 72.18 -11.34 2.4
72.0 72.16 -7.26 3.1
72.0 72.12 -1.52 2.5
72.0 72.11 -2.04 2.4
72.0 72.10 -1.85 2.2
72.0 72.11 -5.03 2.2
72.0 72.10 -3.38 2.2
72.0 72.16 -12.28 2.2
72.0 72.15 -7.87 2.4
72.0 72.09 1.54 2.2
72.0 72.03 6.68 2.3
72.0 72.03 3.07 2.2
72.0 72.00 4.78 2.0
72.0 72.00 2.32 2.3
72.0 72.00 1.09 2.0
72.0 71.98 3.61 1.9
72.0 72.01 -1.61 1.6
72.0 71.93 8.85 1.8
72.0 71.94 4.86 2.2
72.0 71.92 6.04 1.6
72.0 71.93 3.41 1.8
72.0 71.91 5.35 1.6
72.0 71.90 6.38 1.7
72.0 71.91 3.72 1.5
72.0 71.94 -1.27 1.3
72.0 71.90 5.98 1.3
72.0 71.86 10.02 1.4
72.0 71.88 5.74 0.9
72.0 71.84 10.03 1.3
72.0 71.84 9.14 1.6
72.0 71.85 5.72 1.1
72.0 71.94 -7.00 1.3
72.0 71.90 3.31 1.3
72.0 71.91 2.18 1.2
72.0 71.90 4.83 1.3
72.0 71.91 2.97 1.4
72.0 71.89 5.24 1.2
72.0 71.88 6.43 1.3
72.0 71.87 7.18 1.1
72.0 71.88 4.08 0.9
72.0 71.87 5.94 1.0
72.0 71.86 6.87 1.0
72.0 71.76 20.32 1.1
72.0 71.73 18.15 0.9
72.0 71.74 13.83 1.1
72.0 71.53 39.22 1.1
72.0 71.53 29.25 1.4
72.0 71.48 30.22 1.6
72.0 71.51 21.98 2.0
72.0 71.49 23.49 2.2
72.0 71.45 28.15 1.8
72.0 71.41 30.16 1.8
72.0 71.42 24.96 2.2
72.0 71.36 32.44 1.9
72.0 71.35 29.60 2.5
72.0 71.40 22.62 2.9
72.0 71.43 18.02 2.3
72.0 71.28 40.43 2.4
72.0 71.31 30.84 3.0
72.0 71.33 25.90 2.6
72.0 71.37 20.96 2.5
72.0 71.36 24.39 2.4
72.0 71.31 32.28 2.4
72.0 71.38 20.07 2.6
72.0 71.35 26.51 2.8
72.0 71.32 30.92 2.5
72.0 71.27 35.47 2.6
72.0 71.30 29.29 2.6
72.0 71.27 31.61 2.7
72.0 71.25 33.51 2.8
72.0 71.19 40.71 2.8
72.0 71.20 34.75 3.0
72.0 71.28 24.41 2.9
72.0 71.21 35.62 3.0
72.0 71.15 42.06 2.9
72.0 71.23 25.91 3.2
72.0 71.19 34.00 3.1
72.0 71.11 44.38 3.0
72.0 71.04 49.70 3.7
72.0 70.99 50.37 3.1
72.0 70.93 54.04 3.7
72.0 70.90 52.44 3.7
72.0 70.91 46.68 3.9
72.0 70.88 48.86 4.1
72.0 70.90 46.21 4.3
72.0 70.87 48.70 4.1
72.0 70.94 38.85 4.2
72.0 70.83 54.66 4.1
72.0 70.76 59.56 4.3
72.0 70.75 57.30 4.5
72.0 70.69 61.38 4.7
72.0 70.72 54.19 4.6
72.0 70.69 56.84 4.8
72.0 70.73 48.89 4.5
72.0 70.85 33.74 4.9
72.0 70.83 43.74 4.6
72.0 70.81 48.92 5.2
72.0 70.76 53.74 4.9
72.0 70.68 62.61 5.0
72.0 70.56 75.06 5.2
72.0 70.51 71.37 4.5
72.0 70.55 62.00 5.6
72.0 70.51 66.13 5.4
72.0 70.54 59.45 5.9
72.0 70.54 57.41 5.8
72.0 70.37 80.89 5.8
72.0 70.51 57.79 5.9
72.0 70.54 53.59 6.0
72.0 70.62 46.79 5.9
72.0 70.59 53.76 5.6
72.0 70.50 67.59 6.0
72.0 70.53 60.21 6.0
72.0 70.52 60.95 6.0
72.0 70.53 59.80 6.0
72.0 70.58 53.09 6.0
72.0 70.65 46.26 6.1
72.0 70.60 56.42 5.5
72.0 70.69 42.77 5.8
72.0 70.62 59.33 5.9
72.0 70.55 66.26 5.7
72.0 70.51 68.26 6.0
72.0 70.51 63.55 5.8
72.0 70.48 65.86 6.3
72.0 70.44 68.56 6.5
72.0 70.41 68.77 6.7
72.0 70.43 66.16 6.5
72.0 70.40 67.63 6.5
72.0 70.38 69.99 6.6
72.0 70.33 72.97 6.6
72.0 70.29 76.16 6.7
72.0 70.25 78.06 6.7
72.0 70.22 77.72 6.9
72.0 70.23 73.40 7.3
72.0 70.27 68.12 6.9
72.0 70.26 69.55 6.8
72.0 70.34 59.94 7.2
72.0 70.27 72.55 6.9
72.0 70.26 73.40 6.7
72.0 70.25 72.25 7.3
72.0 70.21 74.84 7.8
72.0 70.25 70.95 7.2
72.0 70.26 67.95 7.5
72.0 70.25 71.16 7.5
72.0 70.24 71.17 7.2
72.0 70.01 102.46 7.3
72.0 69.98 96.20 7.6
72.0 70.21 56.44 7.9
72.0 70.20 65.84 7.8
72.0 70.13 79.44 7.4
72.0 70.13 77.92 7.6
72.0 70.20 65.86 7.7
72.0 70.19 70.61 7.6
72.0 70.10 84.79 7.8
72.0 70.08 81.98 7.5
72.0 70.09 79.53 7.6
72.0 70.11 75.28 7.8
72.0 70.09 78.90 7.3
72.0 70.08 79.05 7.8
72.0 70.11 73.02 8.0
72.0 70.09 79.64 7.8
72.0 69.98 91.65 8.2
72.0 70.02 82.10 8.8
72.0 69.99 84.16 8.0
72.0 69.98 84.28 8.4
72.0 69.97 84.39 8.5
72.0 70.04 73.15 8.2
72.0 70.02 80.32 8.1
72.0 70.20 54.80 8.0
72.0 70.19 65.08 8.2
72.0 70.14 74.65 7.9
72.0 70.10 81.34 8.1
72.0 70.06 85.01 7.8
72.0 70.02 85.40 8.1
72.0 69.94 93.45 7.7
72.0 69.94 89.25 8.5
72.0 69.96 82.02 8.6
72.0 70.02 74.43 8.6
72.0 69.99 80.30 8.1
72.0 69.98 84.29 8.2
72.0 70.07 69.88 7.7
72.0 70.08 71.60 8.4
72.0 70.08 76.34 8.4
72.0 70.04 80.92 8.2
72.0 70.12 70.24 8.0
72.0 70.12 71.47 8.0
72.0 70.10 78.71 7.8
72.0 70.02 88.08 8.2
72.0 70.01 84.09 8.2
72.0 70.09 72.09 8.5
72.0 70.07 77.49 8.3
72.0 70.10 74.36 8.2
72.0 70.17 64.23 8.2
72.0 70.15 71.26 8.0
72.0 70.08 84.05 8.0
72.0 70.18 66.02 7.9
72.0 70.13 76.75 8.1
72.0 70.11 77.77 8.0
72.0 70.02 90.47 8.3
72.0 70.01 85.25 8.3
72.0 69.98 85.78 8.3
72.0 70.02 81.39 8.5
72.0 70.01 80.74 8.2
72.0 70.16 61.19 8.2
72.0 70.11 72.89 7.9
72.0 70.09 77.71 8.1
72.0 70.05 83.22 8.2
72.0 70.04 81.45 8.8
72.0 70.10 73.56 8.2
72.0 70.10 75.21 8.2
72.0 70.10 76.00 7.7
72.0 70.04 83.68 8.0
72.0 70.03 81.75 8.0
72.0 70.18 64.25 8.4
72.0 70.15 71.24 8.0
72.0 70.17 70.64 8.0
72.0 70.26 61.09 8.0
72.0 70.27 62.96 7.8
72.0 70.26 68.61 7.6
72.0 70.23 72.95 8.1
72.0 70.22 75.68 7.8
72.0 70.16 79.81 7.6
72.0 70.19 72.89 8.0
72.0 70.16 77.19 7.7
72.0 70.16 76.57 7.9
72.0 70.25 64.18 7.7
72.0 70.24 67.72 7.5
72.0 70.23 71.25 7.5
72.0 70.29 64.06 7.8
72.0 70.25 70.52 7.5
72.0 70.26 69.57 7.3
72.0 70.23 74.96 7.7
72.0 70.15 83.80 7.3
72.0 70.20 71.82 7.6
72.0 70.19 71.83 7.2
72.0 70.21 72.55 7.6
72.0 70.18 75.22 7.6
72.0 70.20 72.43 7.7
72.0 70.22 69.01 7.6
72.0 70.25 68.02 7.5
72.0 70.40 47.33 7.6
72.0 70.36 61.47 7.3
72.0 70.40 58.22 7.1
72.0 70.47 53.20 7.2
72.0 70.39 68.21 6.9
72.0 70.41 62.64 7.0
72.0 70.27 82.09 7.3
72.0 70.26 78.17 7.4
72.0 70.25 74.63 7.3
72.0 70.38 56.37 7.3
72.0 70.35 64.56 6.9
72.0 70.35 65.83 7.0
72.0 70.36 64.80 7.1
72.0 70.33 67.39 6.8
72.0 70.34 69.07 6.9
72.0 70.34 66.51 6.9
72.0 70.34 66.89 7.0
72.0 70.35 65.39 7.1
72.0 70.35 66.30 6.9
72.0 70.33 69.72 6.6
72.0 70.29 73.11 7.0
72.0 70.34 64.55 6.3
72.0 70.28 74.83 6.9
72.0 70.29 69.75 7.1
72.0 70.32 65.91 6.7
72.0 70.32 66.77 7.0
72.0 70.33 67.16 6.9
72.0 70.31 68.75 6.7
72.0 70.29 71.25 6.9
72.0 70.28 72.62 7.1
72.0 70.11 93.02 6.7
72.0 70.13 81.86 7.3
72.0 70.16 74.09 7.4
72.0 70.09 85.38 7.3
72.0 70.14 72.98 7.1
72.0 70.21 63.32 7.5
72.0 70.25 63.26 6.9
72.0 70.31 59.91 7.2
72.0 70.31 63.86 7.1
72.0 70.34 60.92 7.6
72.0 70.37 62.88 7.0
72.0 70.41 56.96 7.0
72.0 70.55 40.88 6.5
72.0 70.55 49.55 6.3
72.0 70.56 53.85 6.5
72.0 70.65 43.71 6.9
72.0 70.63 52.01 6.3
72.0 70.60 56.32 6.2
72.0 70.58 61.18 6.1
72.0 70.60 54.89 6.3
72.0 70.62 53.12 6.5
72.0 70.67 47.41 6.3
72.0 70.66 51.93 6.0
72.0 70.68 51.21 6.1
72.0 70.67 52.48 5.9
72.0 70.73 46.93 5.6
72.0 70.72 50.03 5.8
72.0 70.71 52.87 5.7
72.0 70.72 49.98 5.9
72.0 70.73 49.81 5.5
72.0 70.67 58.68 5.7
72.0 70.66 56.26 6.0
72.0 70.68 53.36 5.8
72.0 70.72 48.73 5.7
72.0 70.75 44.67 5.4
72.0 70.76 46.91 5.9
72.0 70.79 43.52 5.5
72.0 70.84 41.39 5.4
72.0 70.84 43.47 5.3
72.0 70.86 42.63 5.4
72.0 70.93 35.87 5.2
72.0 70.92 40.21 4.8
72.0 70.91 43.47 5.5
72.0 70.92 40.93 5.0
72.0 70.91 44.81 4.9
72.0 70.93 41.57 4.9
72.0 70.92 43.05 5.0
72.0 70.91 44.88 4.8
72.0 70.88 48.89 5.2
72.0 70.97 35.76 4.9
72.0 71.00 33.54 4.7
72.0 71.01 35.44 5.0
72.0 70.99 41.35 4.7
72.0 71.04 32.99 4.5
72.0 71.21 13.92 4.3
72.0 71.17 27.60 4.3
72.0 71.14 35.95 4.1
72.0 70.99 54.62 4.5
72.0 70.93 55.50 4.5
72.0 70.94 49.09 4.8
72.0 70.98 40.34 4.8
72.0 71.01 36.96 4.5
72.0 71.02 37.09 4.6
72.0 70.95 47.24 4.3
72.0 70.96 43.69 4.5
72.0 70.99 37.54 4.4
72.0 71.02 35.44 4.2
72.0 71.05 34.17 4.4
72.0 70.92 54.42 4.3
72.0 70.95 43.17 4.5
72.0 70.99 37.33 4.3
72.0 71.02 36.55 4.3
72.0 71.00 40.02 4.3
72.0 71.01 39.73 4.3
72.0 71.06 33.37 4.6
72.0 71.08 31.82 4.2
72.0 70.96 50.08 4.2
72.0 71.02 37.49 4.1
72.0 71.03 39.30 4.1
72.0 71.08 31.75 4.1
72.0 71.03 41.11 4.1
72.0 71.01 42.25 4.0
72.0 71.06 34.61 3.7
72.0 71.15 24.15 4.2
72.0 71.31 6.97 4.2
72.0 71.26 23.53 3.9
72.0 71.29 23.38 3.9
72.0 71.34 19.01 3.7
72.0 71.36 20.57 3.7
72.0 71.35 24.30 3.6
72.0 71.32 29.29 3.5
72.0 71.20 44.05 3.6
72.0 71.26 29.85 3.6
72.0 71.33 21.41 3.5
72.0 71.38 17.77 3.5
72.0 71.46 10.25 3.2
72.0 71.54 4.88 3.1
72.0 71.52 15.10 3.0
72.0 71.54 13.56 3.1
72.0 71.54 15.89 2.8
72.0 71.66 1.72 3.0
72.0 71.72 -0.52 2.9
72.0 71.63 17.23 2.9
72.0 71.74 0.76 2.9
72.0 71.74 4.83 3.1
72.0 71.84 -5.29 3.0
72.0 71.83 1.49 2.9
72.0 71.78 11.40 2.7
72.0 71.73 16.67 2.8
72.0 71.81 3.92 3.0
72.0 71.78 9.54 2.8
72.0 71.73 15.83 2.7
72.0 71.76 10.25 2.6
72.0 71.78 6.47 2.5
72.0 71.78 7.51 2.4
72.0 71.95 -15.15 2.1
72.0 72.00 -13.29 2.3
72.0 71.91 5.24 2.8
72.0 71.89 6.37 2.8
72.0 71.91 3.56 2.6
72.0 71.94 -0.74 2.3
72.0 71.92 3.20 2.4
72.0 71.84 14.94 2.2
72.0 71.80 14.88 2.3
72.0 71.87 2.48 2.6
72.0 71.86 5.19 2.0
72.0 71.88 3.11 2.2
72.0 71.89 2.22 2.0
72.0 71.92 -1.60 2.0
72.0 71.89 6.10 1.9
72.0 71.87 6.93 1.8
72.0 71.98 -10.00 1.7
72.0 72.01 -7.83 2.1
72.0 72.08 -14.10 2.0
72.0 72.07 -7.93 2.1
72.0 72.07 -4.54 2.3
72.0 72.06 -2.90 2.4
72.0 72.05 -2.03 2.4
72.0 72.03 1.85 2.4
72.0 72.05 -2.55 2.1
72.0 72.07 -5.00 2.2
72.0 72.06 -3.03 2.2
72.0 72.01 4.23 2.2
72.0 72.10 -11.46 2.2
72.0 72.09 -6.84 2.4
72.0 72.09 -4.15 2.4
72.0 72.08 -2.74 2.3
72.0 72.05 0.85 2.4
72.0 72.04 0.12 2.4
72.0 71.97 9.50 2.1
72.0 71.95 8.25 2.4
72.0 72.07 -12.44 2.3
72.0 72.09 -10.10 2.0
72.0 72.08 -5.90 2.6
72.0 72.07 -3.72 2.3
72.0 72.07 -2.56 2.2
72.0 72.06 -1.92 2.8
72.0 71.87 24.17 2.6
72.0 71.79 25.41 2.3
72.0 71.79 17.35 2.4
72.0 71.81 9.86 2.5
72.0 71.85 2.69 2.4
72.0 71.91 -4.46 2.2
72.0 72.02 -15.14 2.1
72.0 71.97 -1.78 2.8
72.0 71.93 5.74 2.1
72.0 71.94 3.35 2.4
72.0 72.04 -12.10 2.1
72.0 72.04 -6.44 2.0
72.0 72.06 -6.78 2.3
72.0 72.05 -3.93 2.4
72.0 72.09 -8.88 2.4
72.0 72.06 -1.86 2.4
72.0 72.06 -1.61 2.4
72.0 72.05 -1.26 2.3
72.0 72.02 2.26 2.1
72.0 72.02 0.92 2.2
72.0 72.02 0.26 2.2
72.0 72.02 -0.06 2.0
72.0 71.97 6.33 2.0
72.0 71.92 10.06 2.2
72.0 71.93 5.65 2.0
72.0 71.82 19.92 1.9
72.0 71.84 11.21 2.0
72.0 71.86 6.48 1.8
72.0 71.90 0.72 1.7
72.0 71.91 0.91 1.7
72.0 71.92 0.79 1.3
72.0 71.92 0.83 1.1
72.0 71.91 4.06 1.5
72.0 71.99 -8.06 1.3
72.0 71.99 -4.01 1.4
72.0 71.97 1.26 1.6
72.0 71.97 0.80 1.4
72.0 71.93 7.27 1.3
72.0 71.96 0.43 1.3
72.0 71.96 0.39 1.3
72.0 71.97 0.35 1.5
72.0 71.97 0.25 1.3
72.0 71.98 0.23 1.3
72.0 71.98 0.16 0.9
72.0 71.93 6.44 1.0
72.0 71.94 3.44 1.0
72.0 71.97 -1.53 0.9
72.0 71.97 -0.60 0.9
72.0 72.00 -3.32 0.9
72.0 72.00 -1.72 0.9
72.0 72.00 -0.92 1.1
72.0 72.00 -0.53 1.0
72.0 71.98 2.81 1.1
72.0 71.96 4.86 0.9
72.0 71.99 -0.67 1.0
72.0 71.92 9.07 1.2
72.0 71.90 8.23 1.1
72.0 71.89 7.89 1.4
72.0 71.88 7.78 1.3
72.0 71.86 7.82 1.0
72.0 71.93 -1.97 1.1
72.0 71.91 2.66 1.5
72.0 71.92 1.79 0.8
72.0 71.95 -1.99 1.1
72.0 71.91 5.56 1.1
72.0 71.92 3.10 1.3
72.0 71.95 -1.62 1.1
72.0 71.93 2.59 1.1
72.0 71.94 1.51 1.2
72.0 71.95 1.05 1.1
72.0 71.95 0.69 1.0
72.0 71.93 3.84 0.9
72.0 71.94 2.25 0.8
72.0 71.92 4.73 0.8
72.0 71.93 2.76 0.5
72.0 71.91 4.99 0.8
72.0 71.92 2.79 0.7
72.0 71.91 5.05 0.7
72.0 71.92 2.85 0.7
72.0 71.93 1.98 0.7
72.0 71.96 -2.20 0.6
72.0 71.94 2.36 0.7
72.0 71.95 1.48 0.5
72.0 71.90 7.52 0.7
72.0 71.87 10.78 0.2
72.0 71.86 9.38 0.5
72.0 71.78 18.77 0.9
72.0 71.73 20.31 0.9
72.0 71.73 14.95 1.1
72.0 71.74 12.53 1.1
72.0 71.76 7.74 1.0
72.0 71.81 1.90 0.9
72.0 71.81 5.26 1.0
72.0 71.75 13.57 1.0
72.0 71.76 11.67 1.0
72.0 71.71 16.92 0.7
72.0 71.72 13.36 1.1
72.0 71.72 11.86 1.4
72.0 71.75 7.49 1.4
72.0 71.73 11.79 1.0
72.0 71.73 10.69 1.4
72.0 71.69 16.59 1.3
72.0 71.62 22.97 1.2
72.0 71.61 20.12 1.6
72.0 71.63 15.98 1.4
72.0 71.62 16.59 1.6
72.0 71.54 26.51 1.5
72.0 71.49 28.80 1.5
72.0 71.54 17.28 1.8
72.0 71.47 27.41 1.8
72.0 71.48 23.78 1.7
72.0 71.46 25.02 1.9
72.0 71.42 28.53 2.0
72.0 71.50 14.28 1.8
72.0 71.48 20.49 1.8
72.0 71.46 22.93 2.0
72.0 71.42 27.78 1.4
72.0 71.39 30.12 2.2
72.0 71.35 32.39 2.2
72.0 71.42 19.88 2.4
72.0 71.48 13.25 2.3
72.0 71.44 23.16 2.1
72.0 71.40 27.73 2.4
72.0 71.41 24.49 2.1
72.0 71.38 28.54 2.9
72.0 71.37 28.15 2.2
72.0 71.36 28.01 2.0
72.0 71.38 24.17 2.4
72.0 71.37 25.95 2.4
72.0 71.34 29.98 2.2
72.0 71.36 25.28 2.1
72.0 71.35 26.66 2.4
72.0 71.32 29.98 2.2
72.0 71.32 29.93 2.5
72.0 71.25 38.13 2.4
72.0 71.25 33.89 3.1
72.0 71.30 25.52 2.8
72.0 71.28 29.68 3.0
72.0 71.23 35.56 2.8
72.0 71.15 44.58 2.8
72.0 71.14 41.73 2.8
72.0 71.18 32.31 3.2
72.0 71.10 43.28 3.4
72.0 71.09 40.64 3.0
72.0 71.11 36.27 3.4
72.0 71.06 43.10 3.3
72.0 70.99 49.35 3.5
72.0 70.91 56.52 3.6
72.0 71.07 29.89 3.8
72.0 71.04 36.42 3.7
72.0 71.04 37.61 3.7
72.0 71.21 16.23 3.8
72.0 71.17 29.32 3.7
72.0 71.14 35.51 3.7
72.0 71.11 38.81 3.6
72.0 71.08 42.13 3.6
72.0 71.08 39.28 4.0
72.0 71.01 47.87 4.3
72.0 70.94 52.05 4.0
72.0 71.00 39.98 4.2
72.0 70.96 45.77 4.8
72.0 70.95 44.96 3.9
72.0 71.01 36.40 4.3
72.0 70.87 55.87 4.3
72.0 70.89 48.56 4.2
72.0 70.93 40.37 4.4
72.0 70.81 58.39 4.4
72.0 70.81 53.36 4.5
72.0 70.81 49.63 4.6
72.0 70.93 33.47 4.3
72.0 70.90 43.03 4.5
72.0 70.78 59.54 4.7
72.0 70.62 74.96 5.0
72.0 70.67 58.33 5.1
72.0 70.66 58.69 5.0
72.0 70.63 59.45 4.9
72.0 70.63 58.22 5.2
72.0 70.63 56.27 5.5
72.0 70.51 71.53 5.4
72.0 70.50 68.17 5.6
72.0 70.51 62.01 5.8
72.0 70.40 75.28 5.6
72.0 70.44 64.79 6.0
72.0 70.44 63.76 6.0
72.0 70.34 76.66 6.2
72.0 70.34 71.97 6.1
72.0 70.35 69.61 6.5
72.0 70.37 63.60 6.4
72.0 70.39 60.45 6.5
72.0 70.41 62.17 6.5
72.0 70.55 43.47 6.6
72.0 70.60 44.75 6.5
72.0 70.58 52.84 5.8
72.0 70.47 71.06 6.2
72.0 70.53 57.29 6.4
72.0 70.51 59.54 6.1
72.0 70.57 53.07 5.8
72.0 70.57 55.52 6.3
72.0 70.62 50.63 6.1
72.0 70.62 52.54 6.0
72.0 70.59 57.90 6.1
72.0 70.59 57.74 6.0
72.0 70.55 62.50 6.5
72.0 70.55 60.37 6.0
72.0 70.53 62.28 6.3
72.0 70.49 66.36 6.2
72.0 70.48 64.25 6.3
72.0 70.45 66.39 6.5
72.0 70.42 70.45 6.7
72.0 70.41 66.75 6.5
72.0 70.41 66.49 6.7
72.0 70.38 67.94 6.9
72.0 70.38 67.31 6.7
72.0 70.38 67.01 7.1
72.0 70.40 62.11 7.1
72.0 70.40 65.84 6.6
72.0 70.37 67.67 6.6
72.0 70.39 64.23 6.7
72.0 70.39 63.77 6.7
72.0 70.32 74.06 6.8
72.0 70.35 67.80 7.0
72.0 70.49 46.66 6.7
72.0 70.46 58.86 6.5
72.0 70.42 65.21 7.0
72.0 70.42 64.08 6.7
72.0 70.46 59.06 6.4
72.0 70.47 57.67 7.2
72.0 70.44 65.85 6.9
72.0 70.39 70.53 6.5
72.0 70.36 70.07 7.1
72.0 70.34 73.03 6.9
72.0 70.32 71.59 6.9
72.0 70.35 66.57 7.0
72.0 70.33 68.32 7.0
72.0 70.29 75.32 7.0
72.0 70.30 69.94 7.4
72.0 70.33 64.06 7.1
72.0 70.31 68.77 6.7
72.0 70.31 68.27 7.4
72.0 70.34 64.97 6.9
72.0 70.32 67.56 6.9
72.0 70.35 62.72 7.3
72.0 70.31 72.34 7.0
72.0 70.29 71.45 7.1
72.0 70.30 69.74 7.3
72.0 70.28 71.82 7.2
72.0 70.27 72.97 7.3
72.0 70.21 78.16 7.4
72.0 70.23 71.80 7.3
72.0 70.24 72.22 6.9
72.0 70.25 68.66 7.1
72.0 70.24 71.60 7.3
72.0 70.25 68.34 7.6
72.0 70.27 68.44 7.1
72.0 70.28 68.41 7.2
72.0 70.26 69.66 7.5
72.0 70.30 66.03 7.3
72.0 70.30 66.98 7.3
72.0 70.29 70.39 7.5
72.0 70.25 73.68 7.4
72.0 70.24 72.44 7.2
72.0 70.28 69.53 7.3
72.0 70.26 70.22 7.3
72.0 70.25 72.32 7.4
72.0 70.24 73.46 7.6
72.0 70.30 62.98 7.3
72.0 70.31 65.45 7.2
72.0 70.33 61.76 7.1
72.0 70.32 69.13 7.5
72.0 70.30 69.79 7.1
72.0 70.24 76.40 7.1
72.0 70.21 78.56 6.8
72.0 70.22 73.92 7.3
72.0 70.26 68.46 7.3
72.0 70.25 69.79 6.5
72.0 70.26 69.22 7.3
72.0 70.25 71.84 7.3
72.0 70.19 77.71 7.4
72.0 70.21 73.59 7.3
72.0 70.23 71.39 7.4
72.0 70.22 73.17 7.4
72.0 70.23 69.26 7.3
72.0 70.25 67.22 7.4
72.0 70.24 72.64 7.3
72.0 70.27 65.76 7.2
72.0 70.28 67.02 7.3
72.0 70.36 56.34 7.2
72.0 70.34 66.20 7.1
72.0 70.32 68.20 7.2
72.0 70.39 56.72 7.1
72.0 70.39 61.62 7.0
72.0 70.37 67.08 7.0
72.0 70.28 78.85 6.9
72.0 70.26 74.88 6.5
72.0 70.27 71.66 7.0
72.0 70.33 63.92 7.1
72.0 70.29 70.21 7.0
72.0 70.30 69.14 7.1
72.0 70.08 97.60 7.4
72.0 70.13 81.33 8.0
72.0 70.18 70.69 7.5
72.0 70.24 61.94 7.3
72.0 70.26 67.13 7.8
72.0 70.27 66.01 7.3
72.0 70.35 58.08 7.2
72.0 70.33 64.08 6.7
72.0 70.33 65.78 7.3
72.0 70.31 69.59 7.5
72.0 70.46 47.78 7.6
72.0 70.47 53.66 6.9
72.0 70.51 53.47 6.1
72.0 70.52 54.60 7.3
72.0 70.52 56.64 6.6
72.0 70.46 66.57 6.6
72.0 70.50 59.98 6.7
72.0 70.44 67.25 6.6
72.0 70.37 75.44 6.8
72.0 70.30 80.08 6.8
72.0 70.31 72.25 6.9
72.0 70.24 78.93 6.9
72.0 70.28 68.85 7.1
72.0 70.29 70.27 7.0
72.0 70.18 82.78 6.9
72.0 70.23 71.12 7.2
72.0 70.24 70.04 7.3
72.0 70.28 66.39 6.9
72.0 70.31 64.30 7.2
72.0 70.27 70.51 7.0
72.0 70.28 71.20 6.7
72.0 70.31 64.78 7.1
72.0 70.36 58.23 7.0
72.0 70.43 53.50 7.4
72.0 70.43 59.72 6.7
72.0 70.44 59.86 6.7
72.0 70.53 48.62 6.7
72.0 70.54 52.05 6.9
72.0 70.54 56.72 6.5
72.0 70.50 62.28 6.5
72.0 70.53 57.56 6.7
72.0 70.54 56.49 6.5
72.0 70.57 54.38 6.3
72.0 70.57 56.14 6.4
72.0 70.60 52.40 6.3
72.0 70.64 50.48 6.7
72.0 70.57 61.67 5.8
72.0 70.62 53.69 6.3
72.0 70.62 54.06 6.5
72.0 70.62 55.62 6.4
72.0 70.59 59.43 6.1
72.0 70.69 44.33 6.0
72.0 70.70 47.24 6.0
72.0 70.71 48.58 6.2
72.0 70.59 66.45 5.8
72.0 70.64 55.96 5.9
72.0 70.65 51.95 6.1
72.0 70.70 49.76 5.3
72.0 70.71 48.50 5.6
72.0 70.70 52.18 5.4
72.0 70.60 66.03 5.8
72.0 70.67 50.82 6.0
72.0 70.68 50.62 5.6
72.0 70.65 55.30 5.6
72.0 70.72 48.50 5.8
72.0 70.82 34.90 5.8
72.0 70.71 55.93 5.4
72.0 70.81 40.53 5.7
72.0 70.93 28.92 5.5
72.0 71.09 15.90 5.0
72.0 71.11 22.92 4.9
72.0 71.15 23.08 4.5
72.0 70.96 53.92 4.5
72.0 70.97 45.87 4.8
72.0 71.00 39.79 5.0
72.0 71.03 35.35 4.7
72.0 71.13 26.17 4.5
72.0 71.08 37.35 4.3
72.0 71.05 40.09 4.1
72.0 71.05 40.33 4.7
72.0 71.08 35.34 4.5
72.0 71.15 27.54 4.3
72.0 71.14 31.60 3.9
72.0 71.11 37.56 4.0
72.0 71.01 49.80 3.9
72.0 71.04 40.32 4.5
72.0 71.06 36.52 4.0
72.0 71.09 34.43 3.7
72.0 71.08 36.29 4.6
72.0 71.13 29.91 4.3
72.0 71.19 23.21 4.0
72.0 71.20 27.69 3.8
72.0 71.19 31.35 3.9
72.0 71.13 40.09 3.9
72.0 71.10 41.86 3.4
72.0 71.10 39.03 3.9
72.0 71.09 38.53 3.7
72.0 71.09 37.41 3.5
72.0 71.11 35.70 3.8
72.0 71.15 29.47 3.7
72.0 71.21 24.05 3.7
72.0 71.27 19.80 3.5
72.0 71.20 33.73 3.7
72.0 71.21 32.03 3.5
72.0 71.22 30.27 3.7
72.0 71.27 23.96 4.3
72.0 71.30 23.52 3.3
72.0 71.32 22.28 3.3
72.0 71.37 19.20 3.3
72.0 71.36 23.55 3.1
72.0 71.33 28.85 3.1
72.0 71.54 -1.86 3.1
72.0 71.47 17.78 3.3
72.0 71.45 22.51 3.1
72.0 71.44 24.10 3.8
72.0 71.49 16.12 3.1
72.0 71.43 27.06 3.0
72.0 71.41 27.53 3.1
72.0 71.43 23.62 3.2
72.0 71.46 18.35 3.1
72.0 71.54 9.93 3.1
72.0 71.58 7.58 2.7
72.0 71.58 12.66 2.6
72.0 71.60 11.98 2.8
72.0 71.59 14.78 2.2
72.0 71.61 13.97 2.2
72.0 71.62 12.47 2.3
72.0 71.66 8.94 2.2
72.0 71.63 16.11 2.2
72.0 71.66 10.17 1.6
72.0 71.70 7.51 2.0
72.0 71.70 8.37 2.1
72.0 71.76 3.15 1.7
72.0 71.83 -4.39 1.7
72.0 71.73 14.85 2.1
72.0 71.71 15.61 1.8
72.0 71.74 9.88 2.2
72.0 71.74 9.66 2.2
72.0 71.82 -1.07 2.2
72.0 71.76 10.21 1.9
72.0 71.79 7.14 2.2
72.0 71.76 11.21 1.9
72.0 71.76 10.43 2.1
72.0 71.74 13.05 1.8
72.0 71.77 8.78 1.7
72.0 71.81 1.86 1.8
72.0 71.81 5.07 1.7
72.0 71.80 6.85 1.7
72.0 71.73 17.45 1.8
72.0 71.73 13.79 1.5
72.0 71.64 24.51 1.6
72.0 71.83 -5.85 1.6
72.0 71.82 1.58 1.9
72.0 71.70 21.66 2.0
72.0 71.73 13.00 2.2
72.0 71.80 2.10 2.6
72.0 71.87 -5.11 2.2
72.0 71.86 1.47 2.4
72.0 71.92 -5.66 2.0
72.0 71.88 3.81 2.2
72.0 72.02 -15.17 2.4
72.0 72.02 -7.80 2.0
72.0 71.97 2.18 2.5
72.0 71.95 4.49 2.3
72.0 71.98 -0.80 2.4
72.0 72.05 -10.35 2.4
72.0 72.05 -5.68 2.3
72.0 72.02 -0.32 2.4
72.0 72.02 -0.35 2.3
72.0 72.04 -3.58 2.2
72.0 72.01 1.17 2.4
72.0 72.04 -2.78 2.0
72.0 72.01 1.60 2.2
72.0 71.98 4.13 2.0
72.0 71.99 2.10 2.0
72.0 72.01 -2.24 1.8
72.0 72.01 -1.28 2.1
72.0 71.99 2.51 1.8
72.0 72.04 -5.39 2.2
72.0 71.99 3.24 2.0
72.0 71.99 1.62 1.7
72.0 71.97 4.23 1.7
72.0 71.97 2.31 1.8
72.0 71.97 1.23 1.5
72.0 71.98 0.72 1.5
72.0 71.98 0.40 1.4
72.0 71.91 10.01 1.4
72.0 71.90 8.75 1.4
72.0 71.88 8.17 1.2
72.0 71.94 -1.90 0.9
72.0 72.02 -10.16 1.2
72.0 72.00 -2.30 1.5
72.0 72.02 -4.51 1.6
72.0 72.02 -2.46 1.5
72.0 71.99 1.58 1.5
72.0 71.99 0.76 2.0
72.0 72.02 -2.97 1.5
72.0 71.99 1.62 1.3
72.0 72.12 -16.09 1.5
72.0 72.13 -12.37 1.8
72.0 72.07 -1.04 1.6
72.0 71.99 8.26 1.8
72.0 71.95 10.64 1.6
72.0 72.00 -1.03 1.5
72.0 71.98 2.57 2.0
72.0 71.93 7.89 2.0
72.0 71.91 7.56 1.8
72.0 71.97 -2.84 1.6
72.0 72.00 -4.61 1.5
72.0 72.00 -2.35 1.6
72.0 72.00 -1.23 1.8
72.0 71.95 5.59 1.8
72.0 71.96 2.93 1.7
72.0 71.94 4.93 1.7
72.0 71.97 -0.53 1.7
72.0 71.97 -0.14 1.5
72.0 72.00 -3.08 1.5
72.0 71.98 1.54 1.6
72.0 71.98 0.81 1.3
72.0 71.98 0.47 1.5
72.0 71.98 0.26 1.3
72.0 71.99 0.19 1.4
72.0 71.96 3.52 1.2
72.0 71.97 1.85 0.9
72.0 71.97 1.06 1.1
72.0 71.93 7.16 0.9
72.0 71.84 16.89 1.1
72.0 71.91 2.70 1.0
72.0 71.82 15.23 1.1
72.0 71.84 9.15 1.5
72.0 71.81 12.01 1.1
72.0 71.71 22.83 1.3
72.0 71.79 6.43 1.3
72.0 71.74 14.13 1.4
72.0 71.81 2.59 1.6
72.0 71.81 5.44 1.6
72.0 71.83 3.77 1.6
72.0 71.77 12.57 1.3
72.0 71.77 10.81 1.5
72.0 71.77 10.15 1.6
72.0 71.75 12.95 1.3
72.0 71.70 17.62 1.6
72.0 71.73 10.47 1.8
72.0 71.69 16.47 1.6
72.0 71.70 13.95 1.3
72.0 71.68 15.19 1.5
72.0 71.57 28.40 1.6
72.0 71.57 23.14 1.5
72.0 71.59 18.36 1.9
72.0 71.58 18.03 1.7
72.0 71.55 21.12 1.5
72.0 71.60 13.79 1.7
72.0 71.59 16.05 1.6
72.0 71.61 14.11 1.7
72.0 71.62 12.54 1.6
72.0 71.66 8.39 1.8
72.0 71.70 6.62 1.5
72.0 71.73 4.52 1.5
72.0 71.73 7.05 1.3
72.0 71.71 11.41 1.3
72.0 71.72 10.91 1.2
72.0 71.74 7.49 1.3
72.0 71.70 14.94 1.3
72.0 71.71 13.09 1.7
72.0 71.71 11.46 1.3
72.0 71.67 17.08 1.2
72.0 71.68 14.05 1.4
72.0 71.62 21.74 1.3
72.0 71.56 26.04 1.7
72.0 71.70 2.19 1.6
72.0 71.69 9.27 1.6
72.0 71.81 -6.92 1.6
72.0 71.79 4.08 1.8
72.0 71.64 25.64 1.9
72.0 71.66 18.09 2.0
72.0 71.69 12.03 2.1
72.0 71.65 17.49 2.0
72.0 71.62 20.45 1.8
72.0 71.63 16.13 2.0
72.0 71.69 7.56 1.9
72.0 71.61 21.63 2.0
72.0 71.53 29.17 1.5
72.0 71.48 30.42 2.1
72.0 71.51 22.10 1.6
72.0 71.49 23.58 2.0
72.0 71.49 21.75 2.2
72.0 71.47 23.90 2.3
72.0 71.43 28.19 2.4
72.0 71.44 23.85 2.4
72.0 71.31 40.64 2.3
72.0 71.31 35.36 2.4
72.0 71.33 28.14 2.4
72.0 71.35 25.18 2.4
72.0 71.37 22.81 2.4
72.0 71.43 15.99 2.5
72.0 71.42 21.46 2.4
72.0 71.43 20.56 2.4
72.0 71.37 30.17 2.4
72.0 71.32 34.80 2.3
72.0 71.27 37.43 2.8
72.0 71.34 24.05 2.9
72.0 71.29 32.29 2.8
72.0 71.22 39.81 2.8
72.0 71.35 17.76 2.8
72.0 71.32 26.04 2.9
72.0 71.29 30.40 2.9
72.0 71.27 32.18 3.1
72.0 71.32 24.54 3.4
72.0 71.32 25.90 3.3
72.0 71.22 39.66 3.0
72.0 71.28 27.55 3.2
72.0 71.23 34.03 3.3
72.0 71.31 22.61 3.1
72.0 71.40 13.17 3.1
72.0 71.37 23.34 2.9
72.0 71.34 28.22 2.7
72.0 71.22 43.51 3.0
72.0 71.20 39.17 3.1
72.0 71.21 33.89 3.2
72.0 71.27 25.82 3.3
72.0 71.34 18.24 2.8
72.0 71.34 23.26 2.9
72.0 71.38 18.69 3.0
72.0 71.32 29.01 2.9
72.0 71.37 23.45 3.5
72.0 71.41 18.60 3.0
72.0 71.37 26.02 3.0
72.0 71.34 29.53 2.6
72.0 71.27 38.05 3.1
72.0 71.25 36.77 3.1
72.0 71.27 29.21 2.9
72.0 71.16 44.56 3.0
72.0 71.13 43.20 3.1
72.0 71.10 43.42 3.3
72.0 71.16 30.14 3.3
72.0 71.15 33.57 3.3
72.0 71.17 32.29 3.1
72.0 71.13 37.03 3.4
72.0 71.22 24.82 3.3
72.0 71.21 30.49 3.3
72.0 71.17 35.91 3.0
72.0 71.16 36.44 3.5
72.0 71.08 45.46 3.4
72.0 71.01 51.54 3.5
72.0 71.04 41.20 3.6
72.0 70.99 46.13 3.7
72.0 70.86 60.84 3.9
72.0 70.93 43.47 4.1
72.0 70.90 48.05 3.7
72.0 70.87 49.64 4.2
72.0 70.84 52.60 3.8
72.0 70.84 49.09 4.4
72.0 70.91 37.73 4.5
72.0 70.97 33.09 4.5
72.0 70.84 54.49 4.5
72.0 70.86 48.12 4.7
72.0 70.77 59.21 4.6
72.0 70.80 49.62 4.8
72.0 70.75 56.09 4.6
72.0 70.74 54.48 4.8
72.0 70.73 54.94 4.8
72.0 70.64 63.43 5.0
72.0 70.71 52.63 5.2
72.0 70.65 59.27 5.0
72.0 70.72 47.12 5.4
72.0 70.82 37.86 5.5
72.0 70.80 44.97 5.2
72.0 70.80 46.72 4.6
72.0 70.80 46.36 5.0
72.0 70.76 53.42 4.7
72.0 70.70 60.26 5.0
72.0 70.71 53.72 5.2
72.0 70.72 51.73 5.2
72.0 70.76 47.60 4.8
72.0 70.74 51.37 5.4
72.0 70.73 52.20 5.3
72.0 70.67 58.95 5.4
72.0 70.71 53.14 5.5
72.0 70.70 53.27 5.5
72.0 70.71 51.62 5.4
72.0 70.70 53.73 5.3
72.0 70.62 62.97 5.4
72.0 70.83 32.01 5.6
72.0 70.81 42.00 5.4
72.0 70.79 49.29 5.3
72.0 70.77 50.89 5.6
72.0 70.77 49.91 5.3
72.0 70.76 51.27 5.3
72.0 70.70 59.22 5.4
72.0 70.73 51.56 5.2
72.0 70.72 52.34 5.4
72.0 70.80 41.78 5.5
72.0 70.85 39.00 6.0
72.0 70.92 32.62 5.2
72.0 70.84 48.72 5.2
72.0 70.84 48.30 5.6
72.0 70.77 57.13 5.2
72.0 70.82 45.38 5.3
72.0 70.82 45.58 5.2
72.0 70.80 50.96 5.0
72.0 70.67 67.14 5.0
72.0 70.68 58.78 5.4
72.0 70.65 59.38 5.3
72.0 70.60 65.15 5.2
72.0 70.62 56.74 5.8
72.0 70.60 58.70 5.6
72.0 70.64 52.01 5.5
72.0 70.57 63.38 5.6
72.0 70.46 75.49 5.7
72.0 70.36 81.36 6.1
72.0 70.48 58.90 6.0
72.0 70.47 62.08 6.0
72.0 70.41 68.49 6.2
72.0 70.41 67.36 5.9
72.0 70.43 63.81 6.2
72.0 70.47 58.87 5.8
72.0 70.43 63.79 7.1
72.0 70.43 63.32 6.0
72.0 70.35 74.79 6.3
72.0 70.40 62.98 6.5
72.0 70.38 67.68 6.4
72.0 70.38 65.60 6.8
72.0 70.31 75.10 6.6
72.0 70.31 71.44 6.8
72.0 70.32 67.85 7.1
72.0 70.23 79.57 6.6
72.0 70.27 71.20 6.9
72.0 70.26 72.75 7.0
72.0 70.27 68.82 6.9
72.0 70.30 65.57 7.1
72.0 70.24 75.63 7.0
72.0 70.30 64.06 6.8
72.0 70.28 68.97 7.0
72.0 70.43 50.17 6.9
72.0 70.29 74.92 7.6
72.0 70.35 65.42 6.9
72.0 70.35 64.65 6.9
72.0 70.40 61.76 7.4
72.0 70.49 49.85 7.1
72.0 70.45 59.17 6.7
72.0 70.42 65.41 6.6
72.0 70.41 65.76 6.4
72.0 70.37 71.94 6.8
72.0 70.30 77.08 7.0
72.0 70.30 74.23 7.0
72.0 70.36 62.99 7.1
72.0 70.45 50.69 7.0
72.0 70.42 61.17 6.7
72.0 70.48 54.55 6.7
72.0 70.52 53.82 6.9
72.0 70.48 60.97 6.8
72.0 70.38 73.98 6.5
72.0 70.24 88.97 7.1
72.0 70.23 80.12 6.9
72.0 70.22 77.47 6.8
72.0 70.24 71.37 7.1
72.0 70.30 66.07 7.0
72.0 70.28 68.37 7.2
72.0 70.34 60.19 6.5
72.0 70.34 65.44 7.0
72.0 70.46 48.78 7.1
72.0 70.43 60.15 6.9
72.0 70.42 61.54 6.7
72.0 70.44 60.81 6.9
72.0 70.30 80.98 6.7
72.0 70.31 72.70 6.9
72.0 70.29 73.24 7.0
72.0 70.32 67.63 7.0
72.0 70.35 64.60 7.1
72.0 70.44 51.54 6.9
72.0 70.43 57.15 6.5
72.0 70.43 63.06 6.7
72.0 70.38 69.20 6.5
72.0 70.38 67.97 6.7
72.0 70.35 70.36 6.6
72.0 70.40 60.78 6.5
72.0 70.40 63.59 7.1
72.0 70.35 69.65 6.7
72.0 70.37 67.16 6.8
72.0 70.37 65.35 6.9
72.0 70.37 64.45 7.0
72.0 70.42 59.59 6.7
72.0 70.41 62.86 6.7
72.0 70.43 61.53 6.7
72.0 70.47 55.90 6.6
72.0 70.60 42.25 6.8
72.0 70.60 49.84 6.5
72.0 70.51 64.67 6.4
72.0 70.52 61.72 6.6
72.0 70.55 57.15 6.3
72.0 70.62 48.52 6.5
72.0 70.53 63.87 6.0
72.0 70.54 59.67 6.3
72.0 70.50 66.29 6.7
72.0 70.49 64.20 6.1
72.0 70.45 67.67 6.6
72.0 70.40 71.38 6.3
72.0 70.44 64.68 6.5
72.0 70.46 60.59 6.6
72.0 70.38 70.88 6.6
72.0 70.33 74.76 6.5
72.0 70.34 71.07 6.3
72.0 70.34 69.21 6.7
72.0 70.28 75.86 6.7
72.0 70.31 67.14 6.9
72.0 70.38 60.42 6.8
72.0 70.40 58.79 7.1
72.0 70.42 59.56 6.7
72.0 70.53 47.55 6.5
72.0 70.43 66.97 6.1
72.0 70.49 57.39 6.5
72.0 70.52 53.49 6.3
72.0 70.58 51.68 6.2
72.0 70.53 59.55 6.3
72.0 70.63 46.73 6.6
72.0 70.61 53.64 6.1
72.0 70.68 46.33 6.1
72.0 70.65 54.35 5.8
72.0 70.66 51.08 6.1
72.0 70.70 47.71 5.8
72.0 70.67 54.84 5.9
72.0 70.66 54.34 6.0
72.0 70.66 55.44 5.9
72.0 70.82 34.37 5.8
72.0 70.84 38.25 5.6
72.0 70.82 45.07 5.6
72.0 70.79 49.68 5.3
72.0 70.77 52.14 5.4
72.0 70.78 49.23 5.3
72.0 70.90 33.52 5.5
72.0 70.96 29.58 5.4
72.0 70.93 41.70 5.0
72.0 70.94 39.94 5.6
72.0 70.88 48.46 5.1
72.0 70.88 47.84 5.0
72.0 70.87 47.57 5.1
72.0 70.92 41.35 4.8
72.0 70.95 36.64 5.2
72.0 70.99 36.51 5.2
72.0 70.97 40.18 5.4
72.0 71.03 32.51 4.3
72.0 71.15 20.18 4.8
72.0 71.26 13.13 4.4
72.0 71.22 27.43 3.9
72.0 71.13 40.62 4.1
72.0 71.17 31.80 4.2
72.0 71.16 35.13 4.2
72.0 71.15 35.32 4.3
72.0 71.14 36.27 3.7
72.0 71.11 39.18 3.9
72.0 71.20 26.07 4.0
72.0 71.18 31.28 3.7
72.0 71.17 33.25 3.9
72.0 71.14 38.78 4.3
72.0 71.15 34.06 4.2
72.0 71.17 32.54 3.5
72.0 71.13 37.16 3.9
72.0 71.03 49.39 3.9
72.0 71.08 37.98 4.0
72.0 71.04 43.52 3.9
72.0 71.04 41.21 4.4
72.0 71.02 43.09 3.9
72.0 71.14 23.88 4.1
72.0 71.18 24.46 3.9
72.0 71.19 26.67 3.7
72.0 71.11 41.16 3.5
72.0 71.08 41.81 3.7
72.0 71.15 30.74 3.9
72.0 71.21 23.51 3.5
72.0 71.22 26.85 2.8
72.0 71.20 31.53 3.3
72.0 71.28 20.32 3.7
72.0 71.24 31.34 3.5
72.0 71.24 29.77 3.3
72.0 71.20 35.33 3.1
72.0 71.21 32.82 3.6
72.0 71.20 34.57 3.5
72.0 71.16 38.61 3.5
72.0 71.22 27.39 3.7
72.0 71.25 24.67 3.4
72.0 71.28 24.92 3.3
72.0 71.30 23.10 3.1
72.0 71.35 19.75 3.0
72.0 71.34 23.32 3.1
72.0 71.36 23.42 3.1
72.0 71.31 31.47 3.0
72.0 71.33 26.19 2.8
72.0 71.33 27.95 3.5
72.0 71.32 27.55 3.4
72.0 71.37 21.82 3.1
72.0 71.31 30.64 3.3
72.0 71.38 20.30 2.8
72.0 71.42 17.76 3.0
72.0 71.41 21.92 3.4
72.0 71.40 24.60 2.8
72.0 71.41 22.92 2.9
72.0 71.47 15.74 2.7
72.0 71.48 17.40 2.6
72.0 71.48 18.20 2.2
72.0 71.51 16.65 2.8
72.0 71.49 20.85 2.4
72.0 71.52 17.27 2.6
72.0 71.61 5.80 2.4
72.0 71.68 1.00 2.5
72.0 71.61 15.27 2.5
72.0 71.61 16.33 2.4
72.0 71.60 17.62 2.4
72.0 71.54 24.02 2.3
72.0 71.54 21.11 2.0
72.0 71.56 17.00 2.3
72.0 71.63 8.48 2.2
72.0 71.65 9.58 2.3
72.0 71.61 16.39 2.2
72.0 71.60 16.91 2.5
72.0 71.60 17.94 2.2
72.0 71.64 11.26 1.8
72.0 71.67 8.25 1.7
72.0 71.66 12.24 2.0
72.0 71.65 15.11 2.0
72.0 71.66 12.82 2.0
72.0 71.64 14.85 2.1
72.0 71.66 13.12 2.4
72.0 71.64 15.28 1.8
72.0 71.68 10.20 1.8
72.0 71.86 -13.22 1.7
72.0 71.90 -8.46 1.9
72.0 71.86 2.73 2.0
72.0 71.78 15.43 1.5
72.0 71.78 12.41 2.0
72.0 71.71 20.20 2.0
72.0 71.71 15.33 2.1
72.0 71.79 2.66 2.0
72.0 71.74 12.34 2.0
72.0 71.72 14.43 2.0
72.0 71.68 18.53 2.0
72.0 71.66 17.84 2.2
72.0 71.70 10.82 2.0
72.0 71.68 13.84 1.9
72.0 71.66 15.48 2.1
72.0 71.58 25.75 2.2
72.0 71.53 28.49 1.8
72.0 71.58 16.91 2.1
72.0 71.64 7.56 2.0
72.0 71.63 12.31 2.2
72.0 71.65 11.94 2.1
72.0 71.61 17.87 1.9
72.0 71.63 14.41 2.0
72.0 71.66 9.32 1.9
72.0 71.67 10.22 2.0
72.0 71.66 13.46 1.9
72.0 71.69 9.18 1.9
72.0 71.61 22.68 1.5
72.0 71.62 17.78 1.7
72.0 71.54 27.14 1.9
72.0 71.57 19.43 1.7
72.0 71.71 0.07 1.9
72.0 71.69 8.20 1.9
72.0 71.77 -0.76 1.8
72.0 71.74 7.42 1.9
72.0 71.72 11.53 1.7
72.0 71.73 11.18 1.8
72.0 71.73 10.39 1.8
72.0 71.71 13.37 1.8
72.0 71.69 15.01 1.8
72.0 71.65 18.97 1.8
72.0 71.66 15.12 1.9
72.0 71.63 19.19 1.5
72.0 71.52 30.66 1.8
72.0 71.55 21.30 1.8
72.0 71.55 19.73 1.9
72.0 71.54 19.39 1.6
72.0 71.57 16.13 1.8
72.0 71.56 17.45 1.9
72.0 71.58 14.47 2.0
72.0 71.60 13.38 2.0
72.0 71.57 18.91 1.8
72.0 71.57 18.40 1.7
72.0 71.54 21.68 1.9
72.0 71.51 23.52 2.2
72.0 71.42 33.77 1.8
72.0 71.46 23.44 2.1
72.0 71.51 14.81 2.5
72.0 71.51 17.68 2.0
72.0 71.52 18.12 1.9
72.0 71.49 21.92 2.2
72.0 71.57 10.54 2.0
72.0 71.61 9.03 2.0
72.0 71.60 12.89 2.1
72.0 71.55 21.63 1.8
72.0 71.48 29.55 2.0
72.0 71.51 21.70 2.2
72.0 71.53 17.56 2.0
72.0 71.56 14.70 2.2
72.0 71.60 9.87 2.0
72.0 71.66 4.66 1.9
72.0 71.65 10.49 1.8
72.0 71.66 10.89 1.7
72.0 71.63 17.22 1.9
72.0 71.64 13.99 1.5
72.0 71.60 18.94 2.0
72.0 71.69 5.09 2.6
72.0 71.68 11.00 1.8
72.0 71.61 20.26 1.8
e 62.27505898475647