95.0 1 255.00 0.0
95.0 76.70 255.00 0.0
95.0 76.69 255.00 0.0
95.0 76.74 255.00 0.0
95.0 
95.0 76.70 255.00 0.0
95.0 76.66 253.94 0.0
95.0 76.66 138.48 0.0
95.0 76.65 137.51 0.0
95.0 76.57 255.00 0.7
95.0 76.60 255.00 3.1
95.0 76.57 255.00 4.8
95.0 76.69 255.00 6.5
95.0 76.68 255.00 8.2
95.0 76.62 255.00 9.3
95.0 76.59 255.00 10.3
95.0 76.54 255.00 11.9
95.0 76.52 255.00 13.4
95.0 76.47 255.00 14.2
95.0 76.33 255.00 15.3
95.0 76.22 255.00 16.1
95.0 76.13 255.00 17.0
95.0 76.07 255.00 18.5
95.0 75.99 255.00 18.8
95.0 76.02 255.00 18.9
95.0 75.97 255.00 19.4
95.0 76.01 255.00 20.2
95.0 76.04 255.00 20.2
95.0 76.07 255.00 20.9
95.0 76.04 255.00 21.1
95.0 76.07 255.00 21.7
95.0 76.13 255.00 21.9
95.0 76.07 255.00 22.2
95.0 76.07 255.00 22.8
95.0 76.01 255.00 23.1
95.0 75.91 255.00 23.1
95.0 75.98 255.00 23.5
95.0 75.97 255.00 23.5
95.0 75.98 255.00 23.7
95.0 75.98 255.00 23.8
95.0 76.02 255.00 23.9
95.0 76.05 255.00 23.8
95.0 76.16 255.00 23.9
95.0 76.26 255.00 23.5
95.0 76.38 255.00 23.7
95.0 76.32 255.00 24.5
95.0 76.24 255.00 24.4
95.0 76.20 255.00 24.8
95.0 76.19 255.00 24.4
95.0 76.15 255.00 24.2
95.0 76.09 255.00 24.2
95.0 75.87 255.00 24.5
95.0 75.89 255.00 24.3
95.0 75.97 255.00 23.5
95.0 76.17 255.00 24.3
95.0 76.27 255.00 24.3
95.0 76.22 255.00 24.7
95.0 76.23 255.00 24.2
95.0 76.19 255.00 24.6
95.0 76.18 255.00 24.1
95.0 76.04 255.00 24.3
95.0 75.91 255.00 24.4
95.0 76.00 255.00 23.5
95.0 76.18 255.00 24.5
95.0 76.22 255.00 24.1
95.0 76.23 255.00 24.1
95.0 76.22 255.00 24.2
95.0 76.26 255.00 24.2
95.0 76.29 255.00 24.2
95.0 76.55 255.00 24.2
95.0 76.48 255.00 24.1
95.0 76.41 255.00 22.9
95.0 76.60 255.00 24.5
95.0 76.57 255.00 23.8
95.0 76.52 255.00 23.5
95.0 76.53 255.00 24.0
95.0 76.51 255.00 23.8
95.0 76.69 255.00 23.8
95.0 76.55 255.00 23.9
95.0 76.47 255.00 23.4
95.0 76.68 255.00 24.0
95.0 76.73 255.00 24.0
95.0 76.64 255.00 23.4
95.0 76.64 255.00 23.5
95.0 76.63 255.00 23.6
95.0 76.63 255.00 23.5
95.0 76.50 255.00 23.5
95.0 76.62 255.00 23.4
95.0 76.59 255.00 23.5
95.0 76.51 255.00 23.2
95.0 76.61 255.00 23.5
95.0 76.58 255.00 23.6
95.0 76.61 255.00 23.3
95.0 76.67 255.00 23.3
95.0 76.77 255.00 23.2
95.0 76.65 255.00 22.9
95.0 76.84 255.00 23.8
95.0 76.87 255.00 22.9
95.0 76.85 255.00 22.7
95.0 76.82 255.00 23.4
95.0 76.86 255.00 23.1
95.0 77.06 255.00 23.0
95.0 76.93 255.00 23.0
95.0 77.04 255.00 23.4
95.0 76.97 255.00 22.5
95.0 77.05 255.00 23.0
95.0 77.12 255.00 23.0
95.0 77.18 255.00 22.6
95.0 77.23 255.00 22.8
95.0 77.23 255.00 22.6
95.0 77.33 255.00 22.5
95.0 77.46 255.00 22.4
95.0 77.49 255.00 22.9
95.0 77.51 255.00 22.7
95.0 77.53 255.00 22.6
95.0 77.52 255.00 22.6
95.0 77.38 255.00 22.6
95.0 77.53 255.00 22.8
95.0 77.41 255.00 21.9
95.0 77.39 255.00 22.7
95.0 77.39 255.00 22.4
95.0 77.48 255.00 22.5
95.0 77.54 255.00 22.3
95.0 77.85 255.00 22.4
95.0 77.81 255.00 21.7
95.0 78.01 255.00 22.3
95.0 78.10 255.00 22.5
95.0 78.17 255.00 21.8
95.0 78.25 255.00 22.3
95.0 78.28 255.00 22.0
95.0 78.49 255.00 22.0
95.0 78.41 255.00 21.1
95.0 78.37 255.00 22.0
95.0 78.34 255.00 22.2
95.0 78.33 255.00 21.8
95.0 78.45 255.00 22.0
95.0 78.52 255.00 22.0
95.0 78.77 255.00 21.9
95.0 78.87 255.00 22.5
95.0 78.79 255.00 21.9
95.0 78.85 255.00 22.0
95.0 78.92 255.00 22.0
95.0 78.94 255.00 21.7
95.0 79.15 255.00 21.9
95.0 79.15 255.00 21.8
95.0 79.25 255.00 21.3
95.0 79.30 255.00 22.3
95.0 79.35 255.00 21.5
95.0 79.42 255.00 21.6
95.0 79.31 255.00 21.8
95.0 79.27 255.00 20.9
95.0 79.44 255.00 21.3
95.0 79.50 255.00 21.7
95.0 79.59 255.00 21.4
95.0 79.67 255.00 21.5
95.0 79.81 255.00 21.7
95.0 79.74 255.00 21.6
95.0 79.75 255.00 20.8
95.0 79.94 255.00 21.5
95.0 79.92 255.00 22.0
95.0 80.00 255.00 21.4
95.0 80.07 255.00 21.5
95.0 79.92 255.00 21.5
95.0 80.00 255.00 20.7
95.0 80.04 255.00 21.6
95.0 80.07 255.00 21.1
95.0 80.13 255.00 21.6
95.0 80.22 255.00 21.4
95.0 80.43 255.00 21.3
95.0 80.65 255.00 21.7
95.0 80.65 255.00 21.7
95.0 80.69 255.00 21.5
95.0 80.75 255.00 21.0
95.0 80.87 255.00 21.1
95.0 80.76 255.00 21.1
95.0 80.73 255.00 20.7
95.0 80.98 255.00 20.7
95.0 81.21 255.00 21.0
95.0 81.25 255.00 21.6
95.0 81.36 255.00 20.9
95.0 81.72 255.00 21.1
95.0 81.91 255.00 21.7
95.0 81.82 255.00 21.5
95.0 81.93 255.00 21.2
95.0 82.00 255.00 20.9
95.0 82.06 255.00 20.9
95.0 82.09 255.00 20.9
95.0 82.11 255.00 21.7
95.0 82.19 255.00 21.1
95.0 82.30 255.00 20.9
95.0 82.40 255.00 21.2
95.0 82.45 255.00 21.1
95.0 82.37 255.00 21.0
95.0 82.43 255.00 20.2
95.0 82.38 255.00 20.8
95.0 82.41 255.00 21.1
95.0 82.46 255.00 20.8
95.0 82.58 255.00 20.6
95.0 82.68 255.00 20.9
95.0 82.71 255.00 21.0
95.0 82.90 249.39 20.3
95.0 83.04 255.00 20.4
95.0 83.17 255.00 20.4
95.0 83.28 255.00 20.7
95.0 83.15 255.00 20.7
95.0 83.20 255.00 20.0
95.0 83.49 230.09 20.2
95.0 83.33 255.00 20.9
95.0 83.43 255.00 20.3
95.0 83.77 198.04 20.5
95.0 83.82 255.00 20.4
95.0 84.01 223.72 20.4
95.0 84.45 191.57 20.4
95.0 84.36 255.00 19.8
95.0 84.22 255.00 19.8
95.0 84.30 251.83 20.5
95.0 84.37 251.63 20.0
95.0 84.58 206.25 20.3
95.0 84.62 255.00 19.6
95.0 84.84 197.38 19.6
95.0 85.00 205.99 19.8
95.0 85.08 233.76 19.0
95.0 85.00 255.00 19.2
95.0 85.07 233.77 19.2
95.0 85.06 239.84 19.2
95.0 85.13 244.10 19.0
95.0 85.23 214.47 19.2
95.0 85.50 182.63 19.1
95.0 85.56 224.33 18.9
95.0 85.54 240.47 19.0
95.0 85.63 205.61 18.5
95.0 85.43 255.00 18.7
95.0 85.57 207.84 18.8
95.0 85.55 231.21 18.7
95.0 85.68 207.55 19.0
95.0 85.79 207.23 18.1
95.0 85.71 247.90 18.1
95.0 85.98 160.83 18.3
95.0 86.18 180.75 18.7
95.0 86.24 205.98 18.2
95.0 86.34 197.34 17.9
95.0 86.42 187.61 17.5
95.0 86.54 197.87 17.2
95.0 86.46 222.24 17.2
95.0 86.46 213.65 16.9
95.0 86.46 213.65 17.2
95.0 86.57 178.61 17.0
95.0 86.71 179.27 17.2
95.0 86.99 132.15 16.8
95.0 87.02 203.64 16.3
95.0 87.15 160.11 16.4
95.0 87.27 169.04 16.1
95.0 87.38 168.74 16.1
95.0 87.36 194.49 16.2
95.0 87.46 159.92 15.2
95.0 87.55 176.56 15.5
95.0 87.79 122.08 15.2
95.0 87.89 158.55 15.5
95.0 88.35 61.55 14.9
95.0 88.32 168.53 14.0
95.0 88.36 157.24 13.7
95.0 88.56 111.91 14.4
95.0 88.66 145.81 13.4
95.0 88.83 111.74 13.4
95.0 88.87 146.95 13.1
95.0 88.89 140.46 12.8
95.0 88.96 144.37 13.0
95.0 88.94 149.79 12.8
95.0 89.00 137.58 12.9
95.0 89.36 70.31 12.1
95.0 89.50 101.50 12.2
95.0 89.47 140.12 11.9
95.0 89.52 127.05 11.6
95.0 89.56 126.92 11.4
95.0 89.36 176.91 11.5
95.0 89.30 154.62 11.5
95.0 89.41 118.12 11.5
95.0 89.27 172.17 11.6
95.0 89.14 168.03 11.8
95.0 89.35 107.14 12.1
95.0 89.53 91.52 11.8
95.0 89.66 101.41 11.6
95.0 89.38 197.26 11.0
95.0 89.65 79.34 11.4
95.0 89.72 105.07 11.2
95.0 89.79 111.16 10.8
95.0 89.65 166.43 10.8
95.0 89.85 81.24 11.0
95.0 90.30 17.43 10.5
95.0 90.66 28.17 10.2
95.0 90.63 110.65 9.7
95.0 90.82 53.64 9.6
95.0 90.74 117.03 8.4
95.0 90.62 129.95 9.0
95.0 90.86 42.61 9.2
95.0 90.89 86.16 8.7
95.0 90.84 103.47 8.7
95.0 90.88 95.23 8.7
95.0 90.96 70.56 8.6
95.0 91.03 70.85 8.4
95.0 91.09 80.48 7.9
95.0 91.19 60.09 8.0
95.0 91.24 76.09 7.9
95.0 91.51 14.07 8.0
95.0 91.66 49.03 7.0
95.0 91.66 73.44 7.1
95.0 91.98 -8.67 6.9
95.0 91.94 77.28 6.9
95.0 92.09 33.45 6.9
95.0 92.14 55.87 6.9
95.0 92.36 5.36 6.6
95.0 92.38 50.54 6.3
95.0 92.49 37.87 6.0
95.0 92.54 42.33 6.0
95.0 92.58 45.52 5.8
95.0 92.58 56.61 5.6
95.0 92.49 78.20 5.4
95.0 92.19 130.63 5.4
95.0 92.51 -12.49 5.8
95.0 92.56 51.44 6.0
95.0 92.51 65.55 6.6
95.0 92.56 45.48 6.0
95.0 92.60 42.59 5.8
95.0 92.73 23.12 5.6
95.0 92.71 56.84 5.4
95.0 92.65 66.13 5.6
95.0 92.43 109.64 5.4
95.0 92.39 69.46 5.6
95.0 92.64 -0.35 6.2
95.0 92.67 42.89 5.6
95.0 92.75 34.56 5.4
95.0 92.87 23.35 4.8
95.0 92.79 66.70 5.2
95.0 92.95 11.91 5.1
95.0 93.04 23.65 4.7
95.0 93.18 8.74 4.8
95.0 93.16 44.90 4.7
95.0 93.33 -3.07 4.7
95.0 93.43 15.53 4.3
95.0 93.39 45.85 4.1
95.0 93.44 24.32 3.9
95.0 93.22 91.20 4.1
95.0 93.34 12.57 3.8
95.0 93.49 1.08 4.1
95.0 93.58 7.65 4.1
95.0 93.61 22.78 3.3
95.0 93.59 35.98 3.7
95.0 93.67 10.78 3.5
95.0 93.74 13.26 3.4
95.0 93.95 -22.14 3.2
95.0 93.90 37.01 3.3
95.0 93.90 23.99 3.5
95.0 94.04 -12.72 3.5
95.0 94.03 26.95 3.6
95.0 94.07 12.41 3.2
95.0 94.19 -9.64 3.3
95.0 94.12 36.96 3.2
95.0 94.05 36.92 3.5
95.0 93.86 71.12 3.6
95.0 93.91 11.76 4.2
95.0 94.05 -9.88 3.7
95.0 94.13 2.17 3.5
95.0 94.06 36.73 3.4
95.0 94.09 12.53 3.3
95.0 94.07 25.39 3.0
95.0 94.15 2.21 3.0
95.0 94.18 11.71 3.0
95.0 94.24 2.36 3.0
95.0 94.26 13.21 2.8
95.0 94.27 13.26 2.5
95.0 94.28 14.16 2.5
95.0 94.38 -11.31 2.6
95.0 94.38 15.55 2.2
95.0 94.53 -23.52 2.2
95.0 94.61 -7.60 2.8
95.0 94.63 2.34 2.9
95.0 94.66 2.43 2.9
95.0 94.82 -35.30 2.4
95.0 94.97 -32.69 2.5
95.0 94.77 45.28 3.2
95.0 94.93 -34.86 3.3
95.0 94.97 -8.32 3.7
95.0 94.91 15.23 3.8
95.0 95.00 -20.37 3.6
95.0 94.99 3.46 4.0
95.0 95.27 -78.43 3.6
95.0 95.28 -8.85 3.9
95.0 95.19 15.13 4.1
95.0 95.11 16.41 3.8
95.0 95.23 -32.94 4.1
95.0 95.19 3.39 4.1
95.0 95.31 -33.04 3.8
95.0 95.31 -8.68 4.5
95.0 95.36 -20.84 4.1
95.0 95.36 -9.13 3.9
95.0 95.31 4.21 4.3
95.0 95.31 -8.40 4.1
95.0 95.26 4.16 4.0
95.0 95.27 -8.63 3.9
95.0 95.23 4.12 3.8
95.0 95.14 17.85 3.6
95.0 95.16 -8.49 3.3
95.0 95.13 3.47 3.5
95.0 95.20 -21.33 3.5
95.0 95.31 -33.05 3.6
95.0 95.17 26.73 3.9
95.0 95.00 36.34 3.6
95.0 95.23 -60.90 3.5
95.0 95.24 -8.72 3.8
95.0 95.25 -8.61 4.1
95.0 95.21 3.36 4.1
95.0 95.04 43.30 3.9
95.0 95.32 -74.43 3.9
95.0 95.09 44.15 4.4
95.0 95.16 -21.38 3.9
95.0 95.18 -8.48 4.6
95.0 95.15 4.02 4.6
95.0 95.21 -21.32 4.4
95.0 95.23 -8.65 4.3
95.0 95.19 4.07 4.3
95.0 95.20 -8.53 4.1
95.0 95.31 -33.05 4.2
95.0 95.32 -8.98 4.4
95.0 95.32 -8.40 4.3
95.0 95.27 3.28 4.3
95.0 95.38 -34.13 4.2
95.0 95.28 15.02 4.0
95.0 95.28 -8.64 4.0
95.0 95.29 -8.65 3.9
95.0 95.20 16.51 4.0
95.0 95.26 -20.71 4.1
95.0 95.22 3.36 4.0
95.0 95.33 -33.07 4.1
95.0 95.53 -58.47 3.4
95.0 95.37 24.21 4.3
95.0 95.36 -8.34 4.2
95.0 95.41 -20.90 4.4
95.0 95.40 -9.29 4.1
95.0 95.45 -21.05 4.1
95.0 95.34 11.89 4.1
95.0 95.44 -34.06 4.3
95.0 95.38 2.08 4.9
95.0 95.42 -21.31 4.1
95.0 95.37 2.13 4.1
95.0 95.36 -8.34 4.1
95.0 95.36 -8.35 3.9
95.0 95.26 15.04 3.9
95.0 95.22 3.35 3.7
95.0 95.23 -8.43 3.6
95.0 95.34 -33.09 3.6
95.0 95.24 13.69 3.6
95.0 95.45 -58.37 3.5
95.0 95.44 -8.85 3.8
95.0 95.34 14.94 4.0
95.0 95.34 -8.71 3.9
95.0 95.24 16.56 3.7
95.0 95.40 -45.63 3.7
95.0 95.11 60.56 4.0
95.0 94.99 25.54 4.0
95.0 94.88 28.06 3.9
95.0 94.61 74.23 3.9
95.0 94.68 -8.82 3.9
95.0 94.51 48.78 3.9
95.0 94.59 -8.96 3.7
95.0 94.67 -10.14 4.3
95.0 94.69 4.15 4.3
95.0 94.65 14.96 3.7
95.0 94.53 38.69 3.9
95.0 94.81 -58.09 3.7
95.0 94.77 14.71 4.1
95.0 94.83 -8.57 4.2
95.0 94.73 27.44 4.3
95.0 94.75 2.81 3.2
95.0 94.53 59.90 3.7
95.0 94.51 14.26 3.4
95.0 94.40 37.36 3.7
95.0 94.31 37.76 3.5
95.0 94.36 3.84 3.5
95.0 94.27 38.22 3.5
95.0 94.28 13.31 3.3
95.0 94.24 25.68 3.3
95.0 94.21 25.62 3.0
95.0 94.37 -21.43 3.3
95.0 94.37 14.32 3.1
95.0 94.47 -9.17 2.7
95.0 94.32 48.46 3.1
95.0 94.23 37.44 3.5
95.0 94.25 14.11 3.4
95.0 94.31 2.47 3.1
95.0 94.22 37.89 3.0
95.0 94.29 2.43 2.6
95.0 94.20 37.75 3.0
95.0 94.17 26.04 2.8
95.0 94.05 48.61 3.0
95.0 93.90 59.73 2.8
95.0 93.95 13.61 3.3
95.0 93.95 25.17 3.0
95.0 93.99 13.67 3.2
95.0 94.03 12.26 3.3
95.0 93.97 36.97 3.1
95.0 94.01 12.19 3.0
95.0 94.05 12.34 2.7
95.0 94.22 -21.68 2.6
95.0 94.19 26.03 2.6
95.0 93.98 69.93 3.1
95.0 93.93 36.19 3.1
95.0 93.93 24.10 3.0
95.0 93.88 37.03 3.0
95.0 93.75 59.08 3.1
95.0 93.63 58.38 3.8
95.0 93.61 34.85 3.6
95.0 93.59 37.20 3.5
95.0 93.53 46.44 3.5
95.0 93.57 22.61 3.5
95.0 93.56 37.22 3.4
95.0 93.50 46.32 3.1
95.0 93.45 46.99 3.7
95.0 93.36 57.47 4.1
95.0 93.37 35.60 3.7
95.0 93.38 35.61 3.7
95.0 93.43 22.03 4.1
95.0 93.30 68.77 3.7
95.0 93.31 35.51 4.1
95.0 93.23 57.72 3.9
95.0 93.35 9.44 4.1
95.0 93.60 -32.43 3.8
95.0 93.49 58.83 3.4
95.0 93.35 69.03 3.9
95.0 93.27 57.78 3.7
95.0 93.11 79.25 4.2
95.0 93.19 21.04 4.6
95.0 93.21 35.34 4.4
95.0 93.10 68.00 4.7
95.0 92.96 79.35 4.5
95.0 93.20 -16.23 4.5
95.0 92.83 128.60 4.6
95.0 92.85 45.97 5.1
95.0 92.56 120.11 5.1
95.0 92.51 69.39 5.8
95.0 92.47 65.39 5.6
95.0 92.48 56.44 5.8
95.0 92.44 67.32 6.0
95.0 92.45 53.72 5.8
95.0 92.46 56.41 5.7
95.0 92.42 67.29 5.6
95.0 92.39 67.24 5.9
95.0 92.45 41.97 5.8
95.0 92.42 67.28 5.6
95.0 92.38 67.23 5.8
95.0 92.23 98.21 6.0
95.0 92.21 66.94 6.2
95.0 92.16 75.52 6.2
95.0 92.11 79.86 6.4
95.0 92.11 63.88 6.8
95.0 92.06 75.12 6.3
95.0 91.94 98.43 6.3
95.0 92.38 -37.08 6.7
95.0 92.39 59.10 6.8
95.0 92.36 64.94 6.7
95.0 92.25 89.87 6.4
95.0 92.02 119.20 6.6
95.0 91.99 77.35 6.9
95.0 92.00 66.57 7.3
95.0 91.96 77.31 7.0
95.0 91.85 98.28 7.2
95.0 91.62 128.24 7.2
95.0 91.49 108.06 7.1
95.0 91.51 83.89 7.8
95.0 91.44 94.96 8.2
95.0 91.46 76.46 7.9
95.0 91.44 83.82 8.1
95.0 91.46 80.26 7.6
95.0 91.44 83.82 8.2
95.0 91.42 83.73 7.8
95.0 91.40 90.39 8.0
95.0 91.42 72.48 7.6
95.0 91.41 87.02 8.0
95.0 91.10 157.45 8.0
95.0 91.03 113.62 8.2
95.0 91.01 96.86 8.6
95.0 90.99 93.07 8.8
95.0 90.97 96.79 8.6
95.0 90.95 96.76 8.8
95.0 90.77 137.20 8.8
95.0 90.73 106.77 8.7
95.0 90.74 105.08 9.1
95.0 90.92 53.80 9.2
95.0 90.82 114.25 9.2
95.0 90.74 120.29 9.1
95.0 90.70 110.60 9.3
95.0 90.89 60.01 9.1
95.0 90.75 124.67 8.9
95.0 90.72 110.60 9.4
95.0 90.40 176.28 9.5
95.0 90.01 202.58 9.7
95.0 90.05 111.00 10.8
95.0 90.16 97.22 10.4
95.0 90.10 130.26 10.6
95.0 90.01 139.79 11.0
95.0 90.01 130.64 11.2
95.0 89.88 149.21 11.0
95.0 89.85 135.23 11.3
95.0 89.86 120.83 11.4
95.0 89.91 122.31 11.1
95.0 89.84 139.89 11.3
95.0 89.81 130.44 11.3
95.0 89.74 149.15 11.7
95.0 89.81 111.15 11.8
95.0 89.82 126.20 11.6
95.0 89.92 101.25 11.8
95.0 89.97 122.04 11.7
95.0 90.05 101.17 11.6
95.0 90.21 87.50 11.3
95.0 90.19 120.63 11.2
95.0 90.21 115.90 11.5
95.0 90.22 110.89 11.2
95.0 90.08 155.99 11.0
95.0 90.15 101.11 11.6
95.0 90.17 110.93 11.3
95.0 90.11 134.50 11.8
95.0 90.18 106.64 11.2
95.0 90.08 143.58 11.2
95.0 90.03 130.31 11.2
95.0 90.23 84.46 11.5
95.0 90.17 126.18 11.5
95.0 90.15 125.30 11.3
95.0 90.13 120.66 11.4
95.0 90.03 147.76 11.2
95.0 89.82 167.61 11.2
95.0 90.01 81.14 11.7
95.0 90.13 97.31 11.8
95.0 90.11 115.97 11.7
95.0 90.10 125.43 11.3
95.0 90.05 134.68 11.4
95.0 90.08 116.26 11.2
95.0 90.07 120.70 11.4
95.0 90.06 125.54 11.3
95.0 89.97 143.89 11.2
95.0 89.58 213.16 11.6
95.0 89.38 176.90 12.0
95.0 89.48 124.40 12.4
95.0 89.49 130.63 12.5
95.0 89.41 149.50 12.6
95.0 89.68 79.25 12.5
95.0 89.59 149.39 12.3
95.0 89.59 135.95 12.0
95.0 89.31 194.67 12.6
95.0 89.34 142.56 12.6
95.0 89.36 130.71 12.9
95.0 89.34 145.64 13.1
95.0 89.48 108.57 12.7
95.0 89.57 117.66 12.7
95.0 89.53 140.08 12.7
95.0 89.22 205.96 12.4
95.0 89.26 136.87 12.3
95.0 89.37 111.42 13.1
95.0 89.27 163.49 12.8
95.0 89.26 145.86 12.8
95.0 89.25 145.89 12.8
95.0 88.75 253.99 12.9
95.0 88.31 255.00 12.5
95.0 88.35 150.14 14.1
95.0 88.47 139.05 14.7
95.0 88.54 140.68 14.5
95.0 88.60 154.66 14.2
95.0 88.66 140.61 14.4
95.0 88.71 147.39 14.0
95.0 88.75 147.27 14.4
95.0 89.00 91.85 14.2
95.0 88.98 149.76 14.0
95.0 88.84 181.93 13.5
95.0 89.03 109.83 13.8
95.0 88.97 159.01 13.7
95.0 89.02 137.52 13.7
95.0 89.38 70.26 13.4
95.0 89.44 121.08 13.1
95.0 89.37 149.53 12.6
95.0 89.31 159.72 12.7
95.0 89.25 149.60 12.8
95.0 89.28 136.80 12.9
95.0 89.31 130.74 13.1
95.0 89.46 108.64 12.8
95.0 89.27 180.72 12.6
95.0 89.42 101.55 12.5
95.0 89.24 184.81 12.4
95.0 89.57 60.81 12.7
95.0 89.37 176.91 12.5
95.0 89.27 163.49 12.4
95.0 89.26 145.86 12.5
95.0 89.33 121.15 13.1
95.0 89.52 99.01 13.1
95.0 89.07 237.41 12.5
95.0 89.16 128.04 13.3
95.0 89.12 149.68 13.0
95.0 89.12 146.24 13.0
95.0 89.29 109.11 12.3
95.0 89.32 130.74 12.5
95.0 89.68 59.42 12.6
95.0 89.59 149.39 12.2
95.0 89.59 135.95 12.1
95.0 89.39 176.90 12.1
95.0 89.40 142.22 12.4
95.0 89.42 130.68 12.5
95.0 89.52 117.82 12.7
95.0 89.60 117.58 12.3
95.0 89.36 188.94 12.1
95.0 89.42 121.09 12.3
95.0 89.48 121.06 12.4
95.0 89.14 217.01 12.1
95.0 89.35 91.64 12.5
95.0 89.37 130.71 12.5
95.0 89.39 136.51 12.1
95.0 89.40 136.46 12.4
95.0 89.54 101.48 12.3
95.0 89.59 126.85 11.9
95.0 89.58 135.96 12.2
95.0 89.62 126.75 12.0
95.0 89.66 120.95 12.0
95.0 89.65 141.05 12.2
95.0 89.85 81.24 11.6
95.0 89.62 174.03 11.6
95.0 90.05 47.04 11.9
95.0 90.13 95.37 11.4
95.0 90.15 110.94 11.0
95.0 90.09 130.27 11.0
95.0 90.29 84.18 10.9
95.0 90.26 116.22 11.0
95.0 90.11 152.38 10.7
95.0 90.10 125.44 10.4
95.0 90.12 116.13 10.9
95.0 90.11 120.67 10.8
95.0 90.14 110.95 10.9
95.0 90.12 130.09 10.8
95.0 90.19 101.09 10.9
95.0 90.29 96.87 10.8
95.0 90.26 120.58 11.1
95.0 90.11 152.38 10.6
95.0 90.10 120.68 10.4
95.0 90.17 112.19 10.6
95.0 90.02 149.13 10.9
95.0 90.28 67.76 11.8
95.0 90.25 116.20 10.7
95.0 90.26 115.76 10.5
95.0 90.36 96.69 9.9
95.0 90.49 68.59 10.4
95.0 90.52 105.70 9.7
95.0 90.55 96.08 10.1
95.0 90.45 130.05 9.9
95.0 90.32 136.43 10.1
95.0 90.41 102.00 10.3
95.0 90.45 100.93 10.4
95.0 90.24 158.23 9.9
95.0 90.52 57.11 10.3
95.0 90.54 96.07 10.1
95.0 90.57 100.85 9.9
95.0 90.59 96.16 9.8
95.0 90.61 100.83 9.7
95.0 90.81 53.62 9.7
95.0 90.76 106.83 9.4
95.0 90.90 64.71 9.1
95.0 90.93 86.22 9.1
95.0 90.75 137.17 9.3
95.0 90.44 175.40 9.1
95.0 90.60 76.70 9.4
95.0 90.75 58.26 10.1
95.0 90.76 100.74 9.2
95.0 90.72 106.75 9.2
95.0 90.56 139.45 9.1
95.0 90.63 90.86 9.3
95.0 90.52 123.71 8.9
95.0 90.68 76.48 9.3
95.0 90.87 47.15 9.4
95.0 90.82 106.92 9.1
95.0 90.86 86.09 8.6
95.0 90.94 75.58 9.0
95.0 90.88 107.03 8.2
95.0 90.83 106.94 9.1
95.0 90.87 90.71 8.8
95.0 91.37 -26.51 8.4
95.0 91.07 157.73 8.8
95.0 91.13 75.90 8.8
95.0 91.09 97.01 8.9
95.0 91.33 32.16 8.0
95.0 91.36 72.23 8.6
95.0 91.35 86.92 8.4
95.0 91.17 127.88 8.4
95.0 91.26 65.33 8.6
95.0 91.26 86.77 8.4
95.0 91.30 71.96 8.3
95.0 91.13 129.64 8.0
95.0 91.14 86.56 8.5
95.0 91.37 32.22 8.7
95.0 91.40 72.36 8.0
95.0 91.25 117.90 7.9
95.0 91.34 70.11 8.0
95.0 91.69 -9.86 8.0
95.0 91.64 90.24 7.9
95.0 91.60 84.50 8.0
95.0 91.65 61.99 8.3
95.0 91.65 76.78 7.8
95.0 91.65 76.79 7.7
95.0 91.70 66.06 7.9
95.0 91.69 73.60 7.6
95.0 91.73 66.13 7.4
95.0 91.86 44.30 8.2
95.0 91.84 74.20 7.1
95.0 91.87 66.35 7.1
95.0 91.89 62.97 6.5
95.0 91.87 80.01 6.9
95.0 91.89 62.98 7.0
95.0 91.91 63.06 6.9
95.0 91.89 80.00 6.9
95.0 92.00 40.08 6.7
95.0 91.96 77.31 6.7
95.0 91.98 63.33 6.9
95.0 91.99 69.71 6.6
95.0 92.00 63.43 6.7
95.0 92.01 63.47 6.3
95.0 92.11 44.72 6.2
95.0 92.11 66.76 6.2
95.0 92.06 77.48 6.5
95.0 92.07 63.70 6.3
95.0 91.98 86.07 6.4
95.0 91.99 69.71 6.4
95.0 92.00 63.45 6.3
95.0 91.97 77.32 6.4
95.0 91.94 77.27 6.3
95.0 92.04 44.61 6.4
95.0 92.23 17.07 6.3
95.0 92.17 75.58 6.0
95.0 92.17 69.60 5.9
95.0 92.34 17.52 6.1
95.0 92.32 67.11 5.7
95.0 92.38 41.69 5.7
95.0 92.23 98.92 6.4
95.0 92.17 77.66 5.8
95.0 92.25 41.14 5.9
95.0 92.11 98.72 6.0
95.0 92.19 44.87 5.7
95.0 92.23 52.79 6.0
95.0 92.22 66.94 5.2
95.0 92.20 64.28 5.8
95.0 92.15 79.84 5.8
95.0 92.19 52.63 5.8
95.0 92.14 77.60 5.6
95.0 92.18 55.93 5.9
95.0 92.13 75.38 5.7
95.0 92.35 10.90 5.8
95.0 92.41 41.82 5.6
95.0 92.43 59.08 5.8
95.0 92.48 42.10 5.6
95.0 92.45 65.28 5.2
95.0 92.37 77.99 5.4
95.0 92.38 56.28 5.2
95.0 92.40 56.31 5.4
95.0 92.50 30.28 5.4
95.0 92.46 67.36 5.8
95.0 92.47 56.43 5.4
95.0 92.48 53.83 5.2
95.0 92.48 56.45 5.2
95.0 92.54 45.44 5.2
95.0 92.82 -11.97 5.1
95.0 92.83 45.95 5.3
95.0 92.85 43.62 4.5
95.0 93.05 4.64 5.4
95.0 93.04 42.55 4.8
95.0 93.08 35.12 4.6
95.0 93.17 20.94 4.5
95.0 93.24 23.98 4.5
95.0 93.00 100.22 4.1
95.0 93.00 46.22 4.1
95.0 92.95 57.24 4.7
95.0 92.95 46.15 4.8
95.0 92.96 46.16 4.6
95.0 93.15 -3.82 4.6
95.0 93.09 57.47 4.6
95.0 92.90 89.55 4.7
95.0 93.29 -54.83 4.8
95.0 93.26 48.06 5.0
95.0 93.24 46.63 5.2
95.0 93.17 57.61 5.0
95.0 93.24 21.25 4.9
95.0 93.65 -66.76 4.8
95.0 93.58 48.58 5.2
95.0 93.57 34.70 4.7
95.0 93.51 47.10 4.9
95.0 93.24 102.42 5.1
95.0 93.04 89.39 5.2
95.0 93.08 35.12 6.2
95.0 93.16 20.93 5.7
95.0 93.15 48.13 5.4
95.0 93.22 21.18 5.4
95.0 93.29 24.07 4.8
95.0 93.26 45.32 4.9
95.0 93.19 57.64 5.2
95.0 93.12 57.53 4.4
95.0 93.16 32.98 5.1
95.0 93.05 68.35 4.6
95.0 93.14 23.80 4.7
95.0 93.31 -3.15 4.8
95.0 93.23 57.72 4.6
95.0 93.21 45.10 5.0
95.0 93.19 48.11 4.5
95.0 93.03 79.15 4.8
95.0 93.17 8.69 4.6
95.0 93.15 46.48 4.5
95.0 93.13 44.80 4.8
95.0 93.21 23.93 4.8
95.0 93.23 33.31 3.9
95.0 93.12 69.02 4.3
95.0 93.34 -15.63 4.4
95.0 93.26 57.77 4.7
95.0 93.02 100.26 4.6
95.0 92.84 89.52 4.8
95.0 92.59 109.92 5.2
95.0 92.29 129.77 5.5
95.0 92.64 -11.78 6.2
95.0 92.77 23.18 6.1
95.0 92.70 66.34 6.1
95.0 92.60 78.38 5.6
95.0 92.64 45.61 5.8
95.0 92.67 45.68 6.0
95.0 92.75 31.30 5.6
95.0 92.96 -4.60 5.4
95.0 92.92 58.78 5.4
95.0 92.93 43.94 5.2
95.0 92.93 46.12 5.0
95.0 92.94 43.99 4.7
95.0 92.94 48.25 5.0
95.0 93.04 20.42 5.0
95.0 93.13 20.78 4.9
95.0 93.16 37.46 4.9
95.0 93.28 9.16 4.4
95.0 93.30 33.56 4.3
95.0 93.31 33.62 4.0
95.0 92.98 120.82 4.1
95.0 92.76 99.52 4.5
95.0 92.78 43.35 4.9
95.0 92.80 45.90 4.8
95.0 93.01 0.27 4.8
95.0 93.10 17.44 4.7
95.0 93.13 35.21 4.5
95.0 93.16 33.01 4.6
95.0 93.19 37.44 3.9
95.0 93.17 44.96 4.2
95.0 93.20 35.32 3.7
95.0 93.13 56.55 4.5
95.0 93.21 23.93 3.9
95.0 93.38 0.90 4.1
95.0 93.34 44.55 3.8
95.0 93.35 37.35 4.0
95.0 93.36 33.82 4.2
95.0 93.60 -27.35 3.8
95.0 93.63 26.37 3.7
95.0 93.57 47.20 3.7
95.0 93.47 58.12 4.1
95.0 93.65 -14.34 4.2
95.0 93.63 37.18 3.7
95.0 93.57 47.19 3.5
95.0 93.56 34.64 3.8
95.0 93.55 35.90 3.6
95.0 93.54 34.55 3.1
95.0 93.44 58.46 3.6
95.0 93.44 34.14 3.8
95.0 93.44 34.15 4.4
95.0 93.49 26.46 4.4
95.0 93.48 34.33 4.1
95.0 93.43 46.96 3.7
95.0 93.34 57.41 3.8
95.0 93.45 15.52 3.8
95.0 93.40 45.90 3.5
95.0 93.27 68.70 3.9
95.0 93.38 12.65 4.1
95.0 93.34 46.81 4.1
95.0 93.31 46.75 4.1
95.0 93.23 56.94 3.9
95.0 93.21 45.10 3.8
95.0 93.32 15.59 3.9
95.0 93.20 68.41 3.8
95.0 93.18 46.53 3.7
95.0 93.25 24.00 4.0
95.0 93.37 12.62 3.9
95.0 93.33 45.60 3.7
95.0 93.39 21.85 3.5
95.0 93.44 26.49 3.7
95.0 93.35 57.43 3.8
95.0 93.36 35.59 3.3
95.0 93.41 21.97 3.9
95.0 93.33 57.87 3.4
95.0 93.29 46.72 4.0
95.0 93.26 45.33 3.9
95.0 93.19 57.65 3.7
95.0 93.22 35.35 3.9
95.0 93.53 -40.67 3.9
95.0 93.56 26.41 4.3
95.0 93.33 90.28 4.1
95.0 93.30 46.73 4.3
95.0 93.31 33.63 4.5
95.0 93.37 24.20 4.4
95.0 93.29 57.81 3.9
95.0 93.26 45.31 4.3
95.0 93.28 35.45 4.3
95.0 93.16 68.24 4.3
95.0 93.19 37.44 4.6
95.0 93.08 67.90 4.5
95.0 93.07 44.54 4.8
95.0 93.06 46.34 4.6
95.0 93.10 35.15 4.8
95.0 93.14 35.21 4.5
95.0 93.12 44.74 4.4
95.0 93.02 69.08 4.4
95.0 93.06 32.59 4.1
95.0 93.10 32.75 4.6
95.0 92.83 110.32 4.6
95.0 92.84 48.31 4.6
95.0 92.95 23.49 4.7
95.0 92.91 55.62 4.8
95.0 92.79 78.12 4.6
95.0 92.72 69.27 5.0
95.0 92.70 54.74 4.8
95.0 92.91 0.11 5.2
95.0 93.21 -35.08 4.6
95.0 93.14 59.81 4.8
95.0 93.12 44.76 4.7
95.0 93.07 56.26 4.8
95.0 92.93 79.37 4.8
95.0 92.93 43.96 5.2
95.0 93.08 12.13 5.0
95.0 92.98 67.49 4.9
95.0 92.93 57.21 4.3
95.0 92.94 46.13 4.9
95.0 92.77 89.33 4.9
95.0 92.84 34.70 5.0
95.0 92.72 78.59 5.0
95.0 92.70 56.82 5.1
95.0 92.73 43.13 5.4
95.0 92.76 43.24 5.0
95.0 92.44 128.84 5.3
95.0 92.19 119.48 5.3
95.0 92.23 59.20 5.8
95.0 92.30 45.05 6.0
95.0 92.24 75.85 5.6
95.0 92.27 56.09 5.6
95.0 92.30 53.07 6.0
95.0 92.23 79.79 5.6
95.0 92.26 52.93 6.1
95.0 92.20 77.71 5.8
95.0 91.82 160.43 5.8
95.0 91.76 90.17 6.6
95.0 92.02 10.34 6.9
95.0 92.03 63.55 6.7
95.0 91.91 98.38 6.3
95.0 92.30 -24.94 6.9
95.0 92.32 56.18 6.1
95.0 92.26 77.81 7.0
95.0 92.20 77.70 6.8
95.0 92.06 98.64 6.2
95.0 92.24 17.11 6.6
95.0 92.32 45.07 7.0
95.0 92.30 67.07 6.9
95.0 92.28 64.58 6.9
95.0 92.30 56.14 6.3
95.0 92.24 75.85 5.8
95.0 92.31 48.64 7.0
95.0 92.34 53.24 6.3
95.0 92.36 53.32 6.7
95.0 92.47 34.08 6.3
95.0 92.47 56.43 6.0
95.0 92.39 78.04 6.4
95.0 92.69 -18.35 6.0
95.0 92.46 109.66 6.0
95.0 92.46 56.42 6.0
95.0 92.38 76.46 6.3
95.0 92.36 67.18 6.6
95.0 92.37 56.27 6.3
95.0 92.53 22.77 6.5
95.0 92.57 42.48 5.8
95.0 92.57 54.21 5.8
95.0 92.52 69.38 6.0
95.0 92.44 76.67 5.7
95.0 92.58 22.87 6.0
95.0 92.81 -5.21 5.9
95.0 92.74 69.25 5.7
95.0 92.68 66.23 5.5
95.0 92.66 54.59 5.3
95.0 92.56 79.59 5.8
95.0 92.52 65.57 5.8
95.0 92.39 88.68 6.0
95.0 92.36 64.92 6.2
95.0 92.42 45.25 6.1
95.0 92.18 119.46 6.1
95.0 92.21 55.99 6.1
95.0 92.16 77.64 6.2
95.0 92.11 77.56 6.4
95.0 91.98 98.50 6.3
95.0 91.95 74.64 6.0
95.0 91.92 74.52 6.8
95.0 91.81 100.10 6.7
95.0 91.71 98.04 6.8
95.0 91.70 76.87 6.5
95.0 91.79 55.27 6.7
95.0 91.65 106.79 7.0
95.0 91.69 69.89 6.9
95.0 91.64 84.67 7.5
95.0 91.69 69.89 7.3
95.0 91.69 73.57 7.0
95.0 91.68 76.84 7.4
95.0 91.68 73.55 7.2
95.0 91.68 76.83 6.9
95.0 91.68 76.83 7.5
95.0 91.72 62.27 7.2
95.0 91.80 59.45 6.9
95.0 91.79 73.99 7.4
95.0 91.78 73.93 6.9
95.0 91.72 87.55 6.9
95.0 91.76 66.17 7.8
95.0 91.79 66.22 7.0
95.0 91.78 73.95 6.9
95.0 91.86 55.39 7.4
95.0 91.84 77.09 6.9
95.0 91.82 74.11 6.7
95.0 91.80 77.04 7.3
95.0 91.79 73.99 7.3
95.0 91.82 69.81 6.9
95.0 91.76 85.15 7.4
95.0 91.75 73.83 7.1
95.0 91.66 97.96 7.0
95.0 91.66 76.79 7.1
95.0 91.74 55.20 7.4
95.0 91.74 73.77 7.0
95.0 91.82 59.45 7.0
95.0 91.72 96.10 6.9
95.0 91.62 95.72 7.0
95.0 91.58 87.32 7.2
95.0 91.55 87.26 7.3
95.0 91.60 65.91 7.4
95.0 91.61 73.25 7.3
95.0 91.62 73.27 7.2
95.0 91.62 80.16 7.3
95.0 91.67 62.06 7.2
95.0 91.71 66.09 7.0
95.0 91.62 95.70 7.1
95.0 91.62 76.74 7.3
95.0 91.58 87.32 6.9
95.0 91.55 84.28 7.4
95.0 91.52 90.32 7.3
95.0 91.53 72.92 7.3
95.0 91.42 107.93 7.3
95.0 91.31 107.76 7.7
95.0 91.39 70.07 8.0
95.0 91.51 54.80 7.6
95.0 91.52 72.89 7.4
95.0 91.49 87.17 7.7
95.0 91.51 76.54 7.5
95.0 91.61 54.98 7.3
95.0 91.57 84.38 7.6
95.0 91.46 108.00 7.3
95.0 91.48 80.25 7.5
95.0 91.28 126.86 7.6
95.0 91.32 80.34 7.8
95.0 91.44 54.69 8.2
95.0 91.47 72.65 7.6
95.0 91.53 65.78 7.5
95.0 91.59 61.72 7.5
95.0 91.55 90.30 7.4
95.0 91.43 105.92 7.6
95.0 91.46 80.26 7.4
95.0 91.52 61.44 7.8
95.0 91.49 87.17 7.8
95.0 91.51 76.54 7.6
95.0 91.52 72.89 7.1
95.0 91.49 90.33 7.3
95.0 91.51 72.84 7.3
95.0 91.48 84.00 8.0
95.0 91.50 76.53 7.1
95.0 91.47 87.14 7.3
95.0 91.54 65.79 7.5
95.0 91.46 95.05 7.0
95.0 91.40 97.52 7.6
95.0 91.47 65.67 7.6
95.0 91.53 61.48 8.0
95.0 91.46 97.62 7.6
95.0 91.27 126.79 7.6
95.0 91.26 94.17 7.6
95.0 91.22 94.03 7.8
95.0 91.31 60.56 7.6
95.0 91.34 80.33 7.9
95.0 91.46 49.61 8.0
95.0 91.57 54.90 7.1
95.0 91.54 84.22 7.8
95.0 91.55 80.21 7.9
95.0 91.56 73.04 7.4
95.0 91.48 95.14 7.4
95.0 91.50 76.53 7.5
95.0 91.31 128.11 7.5
95.0 91.30 90.45 7.6
95.0 91.29 83.21 7.9
95.0 91.29 83.19 7.8
95.0 91.64 5.49 7.7
95.0 91.60 81.70 7.6
95.0 91.61 76.71 7.1
95.0 91.53 97.74 7.4
95.0 91.33 128.15 7.4
95.0 91.32 86.88 7.9
95.0 91.67 -9.93 7.8
95.0 91.59 100.23 7.6
95.0 91.51 97.71 7.3
95.0 91.40 107.89 7.9
95.0 91.34 97.41 7.8
95.0 91.37 76.30 8.0
95.0 91.07 157.32 8.0
95.0 91.26 43.29 8.5
95.0 91.21 97.21 8.3
95.0 91.09 117.63 8.0
95.0 91.10 90.57 8.6
95.0 90.99 114.93 8.5
95.0 91.01 90.62 8.6
95.0 90.91 117.32 8.8
95.0 91.03 64.93 8.6
95.0 91.09 75.84 8.8
95.0 91.15 75.93 8.6
95.0 91.11 97.04 8.4
95.0 91.26 48.76 8.2
95.0 91.25 83.05 8.3
95.0 91.21 100.46 8.0
95.0 91.21 86.69 8.2
95.0 91.53 9.51 8.0
95.0 91.63 50.31 7.8
95.0 91.63 73.34 7.1
95.0 91.64 76.75 7.8
95.0 91.64 73.36 7.4
95.0 91.51 110.11 7.3
95.0 91.20 157.54 7.6
95.0 91.12 110.35 8.4
95.0 91.17 75.97 7.8
95.0 91.09 107.38 8.6
95.0 91.28 49.26 8.4
95.0 91.59 2.16 8.0
95.0 91.51 97.71 7.7
95.0 91.48 84.01 7.6
95.0 91.42 94.85 7.6
95.0 91.40 87.01 8.0
95.0 91.09 157.36 8.0
95.0 91.06 100.55 8.2
95.0 91.35 20.78 8.3
95.0 91.38 76.32 8.1
95.0 91.45 65.65 7.8
95.0 91.35 105.55 7.6
95.0 91.46 59.66 7.8
95.0 91.27 126.82 8.0
95.0 91.19 113.19 7.7
95.0 91.15 97.10 8.0
95.0 91.29 54.43 8.2
95.0 91.32 76.23 7.9
95.0 91.36 72.20 8.0
95.0 91.10 147.62 7.9
95.0 91.29 43.33 8.1
95.0 91.11 129.65 8.1
95.0 91.13 86.55 8.3
95.0 91.09 97.01 8.0
95.0 91.11 82.44 8.2
95.0 91.16 75.95 8.4
95.0 91.17 86.62 8.0
95.0 91.13 93.68 8.2
95.0 91.23 70.17 8.2
95.0 91.36 49.19 8.5
95.0 91.39 72.34 7.6
95.0 91.51 54.80 7.9
95.0 91.52 76.56 7.4
95.0 91.45 97.61 7.6
95.0 91.60 38.46 7.8
95.0 91.65 61.99 7.3
95.0 91.74 59.49 7.3
95.0 91.82 51.11 7.4
95.0 91.72 98.06 7.1
95.0 91.71 73.68 7.1
95.0 91.93 27.40 7.6
95.0 91.99 51.82 6.8
95.0 91.88 96.76 6.7
95.0 91.85 77.12 6.0
95.0 91.92 55.50 6.9
95.0 91.90 77.20 6.9
95.0 91.75 107.21 6.7
95.0 91.78 73.43 6.9
95.0 91.90 39.69 7.1
95.0 91.83 85.46 6.8
95.0 91.95 44.45 6.7
95.0 92.01 55.65 7.2
95.0 91.97 77.33 6.7
95.0 91.94 74.63 6.6
95.0 92.19 4.63 6.5
95.0 92.09 88.18 6.2
95.0 92.00 86.16 6.1
95.0 91.97 77.32 6.5
95.0 91.81 107.48 6.3
95.0 91.59 129.36 7.0
95.0 91.59 80.18 6.7
95.0 91.60 73.21 7.2
95.0 91.69 59.52 6.9
95.0 91.69 73.58 7.1
95.0 91.69 76.84 6.6
95.0 91.64 84.66 7.3
95.0 91.64 76.77 7.2
95.0 91.82 32.99 7.0
95.0 92.08 4.19 7.2
95.0 92.08 63.77 6.5
95.0 92.17 44.83 6.3
95.0 92.25 41.15 6.3
95.0 92.24 66.98 5.7
95.0 92.27 52.96 6.0
95.0 92.30 59.16 5.9
95.0 92.15 97.88 6.2
95.0 92.14 66.82 6.1
95.0 91.97 108.86 6.1
95.0 92.02 55.67 6.3
95.0 92.12 44.74 6.7
95.0 91.99 97.23 6.1
95.0 91.87 100.06 5.9
95.0 91.89 66.39 6.8
95.0 91.91 63.08 6.9
95.0 91.89 77.18 6.7
95.0 91.82 87.72 6.6
95.0 91.94 44.44 6.6
95.0 92.04 40.28 6.6
95.0 92.01 77.38 6.3
95.0 92.10 44.72 6.5
95.0 91.97 97.17 6.0
95.0 91.90 87.86 6.2
95.0 91.92 66.44 6.6
95.0 91.98 55.60 6.6
95.0 91.95 74.66 6.3
95.0 91.96 63.29 6.5
95.0 91.85 100.08 6.3
95.0 91.92 55.49 6.5
95.0 91.89 77.19 6.7
95.0 91.91 63.07 6.5
95.0 91.72 119.70 6.5
95.0 91.63 97.91 6.7
95.0 91.63 73.33 6.9
95.0 91.68 69.90 6.7
95.0 91.59 95.58 6.9
95.0 91.64 65.97 7.1
95.0 91.78 39.17 7.1
95.0 91.81 66.25 6.7
95.0 91.84 66.30 7.6
95.0 91.86 62.86 6.8
95.0 91.76 98.13 6.9
95.0 91.79 66.22 7.0
95.0 91.82 66.27 6.7
95.0 91.81 74.06 6.5
95.0 91.88 51.34 7.1
95.0 91.77 100.12 6.5
95.0 91.72 87.55 6.8
95.0 91.80 55.29 6.7
95.0 91.70 98.03 7.2
95.0 91.74 62.36 7.1
95.0 91.78 66.20 6.9
95.0 91.76 73.89 6.3
95.0 91.67 100.19 6.7
95.0 91.58 97.83 7.0
95.0 91.38 128.23 7.1
95.0 91.41 76.37 6.9
95.0 91.48 65.69 7.5
95.0 91.77 9.91 7.4
95.0 91.80 58.92 6.7
95.0 92.01 21.90 6.9
95.0 92.06 55.74 6.5
95.0 92.07 63.71 6.2
95.0 92.11 55.83 6.1
95.0 92.07 77.49 6.3
95.0 91.99 88.00 6.4
95.0 92.09 40.45 6.5
95.0 92.09 66.72 6.1
95.0 92.09 66.72 6.5
95.0 92.18 40.84 6.8
95.0 92.21 56.00 6.3
95.0 92.16 75.53 6.1
95.0 92.07 89.98 6.4
95.0 92.07 63.72 6.3
95.0 92.03 74.98 6.3
95.0 92.12 44.75 6.2
95.0 92.12 66.78 6.1
95.0 92.25 33.72 6.1
95.0 92.20 75.67 6.1
95.0 92.37 17.63 6.0
95.0 92.38 59.10 5.8
95.0 92.31 76.16 5.7
95.0 92.38 45.18 5.6
95.0 92.35 67.17 5.6
95.0 92.24 88.43 5.4
95.0 92.10 97.67 5.6
95.0 92.10 63.83 6.1
95.0 91.61 184.46 6.0
95.0 91.53 97.74 6.3
95.0 92.06 -50.09 6.9
95.0 91.85 118.91 7.1
95.0 91.87 73.17 7.4
95.0 91.81 85.35 7.4
95.0 91.88 51.36 7.5
95.0 92.18 5.17 7.4
95.0 92.22 49.42 6.9
95.0 92.25 56.05 7.7
95.0 92.06 108.52 6.5
95.0 92.02 79.92 6.4
95.0 92.12 44.74 6.8
95.0 92.21 40.95 6.8
95.0 92.24 56.04 6.5
95.0 92.27 56.09 6.3
95.0 92.08 109.05 6.3
95.0 92.08 66.71 6.4
95.0 92.08 63.78 6.1
95.0 92.27 27.20 6.5
95.0 92.43 17.90 6.4
95.0 92.35 77.97 5.9
95.0 92.33 67.13 5.9
95.0 92.22 87.05 6.3
95.0 92.30 45.04 6.5
95.0 92.32 53.17 6.1
95.0 92.43 37.91 6.0
95.0 92.40 65.09 5.7
95.0 92.33 77.92 6.0
95.0 92.44 30.00 5.8
95.0 92.49 45.37 6.5
95.0 92.59 34.28 5.6
95.0 92.63 42.70 5.3
95.0 92.36 119.78 5.6
95.0 92.43 48.57 5.6
95.0 92.77 -30.82 5.6
95.0 92.74 58.88 6.1
95.0 92.68 67.72 5.8
95.0 92.76 34.57 5.7
95.0 92.52 110.41 5.8
95.0 92.48 69.41 5.9
95.0 92.44 67.32 6.1
95.0 92.40 65.11 6.0
95.0 92.33 77.93 6.1
95.0 92.35 53.30 5.9
95.0 92.37 59.11 6.0
95.0 92.13 119.65 5.9
95.0 92.26 33.73 6.3
95.0 92.33 48.62 6.3
95.0 92.54 6.09 6.1
95.0 92.41 87.84 5.7
95.0 92.47 42.03 5.9
95.0 92.52 48.51 5.6
95.0 92.75 -5.46 5.4
95.0 92.69 66.28 5.9
95.0 92.63 67.64 5.7
95.0 92.66 45.66 6.0
95.0 92.70 45.72 5.6
95.0 92.64 66.07 5.6
95.0 92.58 65.85 5.5
95.0 92.67 37.76 5.6
95.0 92.70 43.01 5.4
95.0 92.82 23.27 5.4
95.0 92.62 99.85 5.2
95.0 92.70 37.74 5.4
95.0 92.87 7.46 5.1
95.0 93.17 -35.34 4.9
95.0 93.15 49.79 5.3
95.0 93.13 44.79 5.0
95.0 93.07 57.45 5.0
95.0 93.40 -41.20 5.2
95.0 93.36 48.00 5.3
95.0 93.51 1.12 4.8
95.0 93.41 57.52 5.0
95.0 93.37 46.85 4.9
95.0 93.11 100.42 5.0
95.0 92.97 79.34 4.6
95.0 92.88 67.08 5.2
95.0 92.76 78.00 5.6
95.0 92.74 58.89 5.3
95.0 92.76 43.26 5.5
95.0 92.48 119.98 5.4
95.0 92.36 89.81 5.6
95.0 92.42 41.84 5.8
95.0 92.39 67.23 6.2
95.0 92.45 41.96 6.1
95.0 92.55 37.83 5.6
95.0 92.59 42.55 5.8
95.0 92.63 42.72 6.0
95.0 92.76 23.17 5.2
95.0 92.78 45.86 5.3
95.0 92.94 11.90 5.2
95.0 92.95 44.02 5.0
95.0 92.91 57.17 4.8
95.0 92.87 57.10 4.6
95.0 92.84 55.32 4.9
95.0 92.81 57.00 4.9
95.0 92.96 11.94 5.2
95.0 93.01 35.00 5.2
95.0 93.06 32.56 4.6
95.0 93.00 56.01 4.6
95.0 93.00 48.22 4.5
95.0 93.05 32.53 4.6
95.0 93.04 46.30 4.3
95.0 93.04 44.39 4.6
95.0 92.99 58.74 4.8
95.0 92.99 44.19 4.5
95.0 92.81 89.51 4.7
95.0 92.78 56.96 4.8
95.0 92.63 89.09 4.8
95.0 92.62 56.68 5.2
95.0 92.75 19.22 5.0
95.0 92.73 56.86 4.8
95.0 92.71 56.83 4.9
95.0 92.74 43.16 4.8
95.0 92.63 78.44 4.7
95.0 92.71 34.49 4.8
95.0 92.74 45.79 4.8
95.0 92.86 19.66 5.0
95.0 92.65 99.97 5.0
95.0 92.60 69.34 4.5
95.0 92.73 19.12 5.1
95.0 92.71 56.83 4.8
95.0 92.78 31.43 4.8
95.0 92.89 23.39 4.9
95.0 93.00 23.57 4.6
95.0 93.04 32.50 4.4
95.0 93.04 48.20 4.5
95.0 93.27 -15.94 4.5
95.0 93.28 37.39 4.5
95.0 93.30 33.58 4.4
95.0 93.31 35.51 4.3
95.0 93.02 110.65 4.1
95.0 93.16 12.27 4.3
95.0 93.14 46.47 4.5
95.0 93.04 68.33 4.7
95.0 92.86 89.69 4.4
95.0 92.82 57.03 5.0
95.0 92.80 55.14 4.8
95.0 92.91 26.81 5.0
95.0 93.15 -16.43 4.7
95.0 93.18 37.45 4.7
95.0 93.03 79.11 4.1
95.0 93.07 32.62 4.6
95.0 93.15 23.83 4.8
95.0 93.05 67.78 4.3
95.0 92.87 89.50 4.6
95.0 93.11 -16.58 4.8
95.0 93.06 57.42 5.1
95.0 93.14 23.81 5.0
95.0 93.13 46.44 4.6
95.0 93.02 68.31 4.5
95.0 92.89 78.54 5.2
95.0 92.85 57.07 5.2
95.0 92.96 23.50 5.1
95.0 92.92 55.64 5.4
95.0 92.75 89.29 4.8
95.0 92.55 99.47 5.1
95.0 92.42 88.74 5.6
95.0 92.30 87.39 5.4
95.0 92.33 53.20 5.8
95.0 92.73 -29.54 5.8
95.0 92.62 78.42 6.1
95.0 92.66 45.65 5.4
95.0 92.60 65.92 6.0
95.0 92.59 58.97 5.7
95.0 92.54 65.69 5.9
95.0 92.68 18.93 5.9
95.0 92.62 67.63 6.0
95.0 92.57 67.54 5.8
95.0 92.57 56.59 5.8
95.0 92.48 76.84 5.6
95.0 92.35 88.62 6.0
95.0 92.37 56.26 6.0
95.0 92.21 98.16 5.4
95.0 92.25 56.05 6.9
95.0 92.19 77.69 6.1
95.0 92.36 22.49 6.1
95.0 92.66 -18.47 6.2
95.0 92.56 78.32 5.9
95.0 92.69 26.94 5.9
95.0 92.72 43.10 5.8
95.0 92.70 56.82 5.8
95.0 92.69 54.70 5.7
95.0 92.72 45.75 5.3
95.0 92.32 149.69 5.6
95.0 92.17 98.83 6.1
95.0 92.25 48.67 6.5
95.0 92.33 41.45 6.3
95.0 92.30 67.09 6.1
95.0 92.33 53.20 6.4
95.0 92.26 77.81 6.1
95.0 92.43 22.60 6.1
95.0 92.48 42.10 6.7
95.0 92.44 67.33 5.8
95.0 92.28 99.01 5.4
95.0 92.13 97.82 6.0
95.0 91.96 108.84 5.9
95.0 92.02 55.66 6.7
95.0 91.94 90.06 6.5
95.0 91.95 63.24 6.6
95.0 92.01 55.65 6.7
95.0 92.16 33.55 6.5
95.0 92.06 86.40 6.5
95.0 92.02 77.41 6.3
95.0 92.07 52.15 6.3
95.0 92.40 -6.26 6.5
95.0 92.37 64.97 6.2
95.0 92.39 53.45 6.3
95.0 92.27 88.48 6.3
95.0 92.30 56.14 6.1
95.0 92.28 67.05 6.2
95.0 92.30 53.11 5.8
95.0 92.33 53.21 6.1
95.0 92.26 79.77 6.0
95.0 92.25 64.45 6.5
95.0 92.27 56.10 6.2
95.0 92.30 56.14 6.1
95.0 92.46 22.66 6.5
95.0 92.34 87.55 5.7
95.0 92.31 64.74 6.0
95.0 92.52 16.08 5.9
95.0 92.44 76.67 6.3
95.0 92.45 56.39 5.6
95.0 92.73 -18.15 5.8
95.0 92.63 79.55 5.7
95.0 92.62 56.68 6.1
95.0 92.57 65.78 5.8
95.0 92.52 67.45 6.0
95.0 92.66 23.00 5.9
95.0 92.69 45.71 5.8
95.0 92.55 88.40 5.7
95.0 92.68 23.03 5.9
95.0 92.67 56.76 5.2
95.0 92.44 110.09 6.0
95.0 92.45 59.06 5.8
95.0 92.41 67.28 6.0
95.0 92.34 76.27 5.9
95.0 92.40 45.22 5.9
95.0 92.80 -43.69 6.0
95.0 92.77 60.83 6.1
95.0 92.75 54.94 6.0
95.0 92.77 45.84 6.0
95.0 92.70 66.35 5.9
95.0 92.64 67.66 6.0
95.0 92.59 67.57 5.9
95.0 92.68 30.99 6.1
95.0 92.53 89.70 5.8
95.0 92.49 65.45 6.0
95.0 92.72 -5.58 6.4
95.0 92.66 67.69 5.8
95.0 92.65 56.73 5.9
95.0 92.34 129.86 5.8
95.0 92.59 -0.43 6.2
95.0 92.54 67.49 6.1
95.0 92.41 88.72 6.2
95.0 92.51 30.32 6.0
95.0 92.52 56.51 6.0
95.0 92.43 76.65 6.0
95.0 92.63 16.02 6.0
95.0 92.90 -17.47 6.0
95.0 93.00 23.57 5.7
95.0 92.95 58.76 5.4
95.0 92.91 55.62 6.0
95.0 92.96 34.92 5.5
95.0 92.92 55.67 5.2
95.0 92.84 69.19 5.3
95.0 92.90 31.92 5.4
95.0 92.91 43.87 5.3
95.0 92.92 46.09 5.2
95.0 92.75 89.29 5.3
95.0 93.01 -11.64 5.2
95.0 92.87 78.85 5.3
95.0 92.75 77.98 5.4
95.0 92.69 69.28 5.7
95.0 92.37 131.38 5.6
95.0 92.44 48.56 6.3
95.0 92.45 56.39 6.5
95.0 92.41 67.27 6.0
95.0 92.47 42.04 6.0
95.0 92.35 87.57 6.6
95.0 92.32 69.51 6.0
95.0 92.30 64.67 6.1
95.0 92.19 88.35 6.1
95.0 92.14 75.44 6.1
95.0 92.22 48.69 6.5
95.0 92.39 17.73 6.3
95.0 92.36 64.93 6.1
95.0 92.43 45.26 6.1
95.0 92.39 67.24 6.0
95.0 92.45 45.30 6.0
95.0 92.51 42.20 5.8
95.0 92.29 109.41 6.0
95.0 92.02 129.10 5.9
95.0 92.03 66.62 6.3
95.0 92.08 55.77 6.4
95.0 92.13 55.84 6.3
95.0 92.17 55.91 6.3
95.0 92.16 64.10 6.1
95.0 92.15 64.07 6.2
95.0 91.85 138.66 6.3
95.0 91.92 55.50 6.3
95.0 91.98 55.60 6.5
95.0 92.00 66.57 6.5
95.0 92.01 63.46 6.5
95.0 91.72 138.80 6.5
95.0 91.50 128.44 6.9
95.0 91.48 93.57 7.4
95.0 91.45 83.88 7.4
95.0 91.56 54.89 7.4
95.0 91.70 38.87 7.3
95.0 91.74 66.14 6.7
95.0 91.65 97.95 6.7
95.0 91.69 62.17 7.1
95.0 91.56 108.18 7.3
95.0 91.57 80.19 7.2
95.0 91.63 61.88 7.4
95.0 91.67 66.02 7.0
95.0 91.46 128.37 7.3
95.0 91.53 69.99 7.4
95.0 91.63 50.30 7.4
95.0 91.67 66.02 7.5
95.0 91.72 66.10 7.2
95.0 91.84 39.45 7.3
95.0 91.91 55.49 7.0
95.0 92.11 16.58 6.8
95.0 91.98 99.99 6.4
95.0 91.95 74.66 6.3
95.0 91.96 63.29 6.7
95.0 91.60 157.40 6.5
95.0 91.57 87.29 7.1
95.0 92.14 -62.60 7.3
95.0 92.41 -0.73 7.4
95.0 92.25 99.83 7.2
95.0 92.24 64.42 7.4
95.0 92.18 75.61 7.3
95.0 92.09 88.17 7.1
95.0 91.96 98.47 7.4
95.0 92.06 44.64 7.4
95.0 91.93 97.01 7.2
95.0 91.91 74.48 7.3
95.0 91.88 80.00 7.3
95.0 91.90 63.04 7.4
95.0 91.88 77.17 7.3
95.0 91.86 77.13 7.1
95.0 91.80 87.68 7.4
95.0 91.70 96.02 7.3
95.0 91.65 84.69 7.3
95.0 91.61 90.26 7.6
95.0 91.79 27.32 7.1
95.0 91.57 128.55 7.5
95.0 91.49 97.68 7.5
95.0 91.42 100.33 7.4
95.0 91.40 87.02 7.8
95.0 91.30 105.37 8.0
95.0 91.09 139.13 7.9
95.0 91.14 80.45 8.4
95.0 91.28 54.42 8.5
95.0 91.37 60.80 8.2
95.0 91.53 43.74 7.9
95.0 91.63 55.00 7.7
95.0 91.63 73.34 7.8
95.0 91.64 76.76 7.7
95.0 91.59 87.34 8.1
95.0 91.56 87.28 7.8
95.0 91.53 84.18 7.4
95.0 91.72 27.02 7.8
95.0 91.71 80.11 7.7
95.0 91.79 50.99 7.1
95.0 91.70 98.02 7.3
95.0 91.48 127.68 7.2
95.0 91.59 59.59 6.9
95.0 91.64 65.96 7.4
95.0 91.87 15.55 7.0
95.0 92.02 38.15 7.2
95.0 92.17 28.88 6.7
95.0 92.20 55.98 6.6
95.0 92.02 108.35 6.5
95.0 91.99 79.94 5.8
95.0 91.83 108.62 7.1
95.0 91.90 55.46 6.7
95.0 91.92 66.44 7.0
95.0 91.89 77.19 7.0
95.0 91.87 74.32 7.1
95.0 91.85 77.11 6.7
95.0 92.01 33.30 6.6
95.0 92.02 66.60 6.5
95.0 92.02 63.53 6.5
95.0 92.12 44.74 6.5
95.0 92.21 44.89 6.7
95.0 92.20 64.25 6.2
95.0 92.51 -12.48 6.3
95.0 92.43 78.09 6.2
95.0 92.44 59.07 6.3
95.0 92.36 76.36 6.2
95.0 92.33 64.81 6.1
95.0 92.27 77.82 6.3
95.0 92.21 77.72 6.3
95.0 92.24 56.04 6.5
95.0 92.23 64.37 6.6
95.0 92.21 69.57 6.2
95.0 92.43 5.63 6.1
95.0 92.44 50.95 6.1
95.0 92.36 77.98 6.1
95.0 92.38 56.27 6.3
95.0 92.40 56.30 5.8
95.0 92.37 64.95 5.7
95.0 92.47 30.16 5.8
95.0 92.35 89.81 5.6
95.0 92.32 64.78 5.8
95.0 92.35 56.22 6.1
95.0 92.37 53.36 5.8
95.0 92.38 59.10 5.6
95.0 92.44 41.94 5.8
95.0 92.45 53.73 5.7
95.0 92.37 78.00 6.2
95.0 92.35 67.16 5.9
95.0 92.41 45.23 5.7
95.0 92.51 30.32 5.6
95.0 92.47 67.37 5.6
95.0 92.39 78.04 5.4
95.0 92.50 30.25 5.5
95.0 92.41 78.07 5.4
95.0 92.38 67.22 5.2
95.0 92.44 41.93 5.5
95.0 92.45 56.40 5.6
95.0 92.46 53.76 5.7
95.0 92.47 59.05 5.6
95.0 92.43 65.22 5.8
95.0 92.44 56.38 5.6
95.0 92.28 98.43 5.4
95.0 91.97 139.22 5.7
95.0 92.02 59.32 6.0
95.0 92.17 28.88 6.1
95.0 92.20 59.21 6.1
95.0 92.42 5.60 6.0
95.0 92.30 86.45 5.7
95.0 92.28 67.05 5.6
95.0 92.44 22.63 5.4
95.0 92.59 22.88 5.8
95.0 92.50 76.93 5.3
95.0 92.46 67.35 5.4
95.0 92.38 78.01 5.3
95.0 92.39 53.48 5.4
95.0 92.50 34.13 5.6
95.0 92.50 53.93 5.6
95.0 92.51 59.03 5.3
95.0 92.47 65.37 5.6
95.0 92.43 65.21 5.0
95.0 92.49 48.53 5.4
95.0 92.45 65.29 5.5
95.0 92.33 88.58 5.6
95.0 92.30 64.69 5.9
95.0 92.37 48.60 5.6
95.0 92.34 64.86 5.4
95.0 92.41 41.79 5.4
95.0 92.25 98.96 5.4
95.0 92.41 22.58 5.6
95.0 92.38 67.22 5.4
95.0 92.40 53.50 5.4
95.0 92.50 30.27 5.1
95.0 92.51 59.03 5.3
95.0 92.25 120.16 5.5
95.0 92.24 69.56 5.6
95.0 92.31 45.07 5.6
95.0 92.34 56.20 5.8
95.0 92.31 64.73 5.5
95.0 92.29 64.64 5.7
95.0 92.41 37.92 5.2
95.0 92.46 42.03 5.8
95.0 92.43 67.30 5.5
95.0 92.31 87.42 5.5
95.0 92.42 34.00 5.6
95.0 92.35 77.96 5.6
95.0 92.41 41.80 5.8
95.0 92.42 56.35 5.5
95.0 92.48 45.35 5.4
95.0 92.44 65.26 5.3
95.0 92.45 56.40 5.6
95.0 92.51 45.39 5.2
95.0 92.55 45.48 4.7
95.0 92.55 54.14 5.8
95.0 92.55 56.56 5.4
95.0 92.46 78.15 5.4
95.0 92.43 65.20 5.5
95.0 92.57 22.85 5.4
95.0 92.66 30.93 5.5
95.0 92.65 58.94 4.8
95.0 92.64 54.49 5.6
95.0 92.77 19.28 5.7
95.0 92.79 45.87 5.1
95.0 92.55 109.84 4.7
95.0 92.50 69.40 5.2
95.0 92.60 30.66 5.4
95.0 92.59 58.98 5.6
95.0 92.68 30.99 5.2
95.0 92.37 131.34 5.2
95.0 92.52 27.04 5.3
95.0 92.52 56.52 5.0
95.0 92.61 34.33 5.4
95.0 92.39 109.88 5.4
95.0 92.32 77.91 5.8
95.0 92.39 48.59 5.8
95.0 92.40 53.51 5.2
95.0 92.33 77.93 5.6
95.0 92.44 30.01 5.4
95.0 92.49 48.53 5.7
95.0 92.45 65.31 5.5
95.0 92.60 18.59 5.4
95.0 92.46 89.74 5.4
95.0 92.52 42.24 5.3
95.0 92.56 45.49 5.4
95.0 92.52 65.57 5.2
95.0 92.35 99.12 5.2
95.0 92.60 -0.42 5.6
95.0 92.55 65.70 5.8
95.0 92.50 67.42 5.7
95.0 92.60 34.30 5.4
95.0 92.59 56.63 6.3
95.0 92.50 76.92 5.6
95.0 92.41 76.58 5.5
95.0 92.43 59.08 5.4
95.0 92.39 65.06 5.7
95.0 92.45 45.31 5.6
95.0 92.51 42.20 5.6
95.0 92.51 56.50 5.5
95.0 92.56 45.48 5.6
95.0 92.65 30.87 5.5
95.0 92.64 58.95 5.4
95.0 92.72 31.16 4.9
95.0 92.70 56.82 5.4
95.0 92.82 19.51 5.1
95.0 92.93 23.45 5.2
95.0 92.85 68.01 4.5
95.0 92.68 88.98 4.8
95.0 92.81 23.25 5.2
95.0 92.74 67.82 5.0
95.0 92.72 54.82 5.1
95.0 92.24 168.94 5.1
95.0 92.18 77.68 5.9
95.0 92.13 79.85 6.0
95.0 92.13 63.96 6.0
95.0 92.04 86.30 6.0
95.0 92.13 48.74 6.1
95.0 92.22 41.01 6.0
95.0 92.25 56.06 5.9
95.0 92.56 -18.87 6.1
95.0 92.38 100.52 5.9
95.0 92.40 56.31 6.0
95.0 92.74 -30.92 6.7
95.0 92.86 26.84 6.2
95.0 92.78 67.90 5.9
95.0 92.76 56.92 6.1
95.0 92.65 77.55 6.5
95.0 92.55 79.60 5.9
95.0 92.55 54.12 6.1
95.0 92.46 76.77 6.5
95.0 92.47 56.42 6.2
95.0 92.52 45.42 6.0
95.0 92.48 67.38 6.0
95.0 92.48 53.85 6.6
95.0 92.45 65.28 5.7
95.0 92.46 59.06 6.2
95.0 92.65 6.54 5.8
95.0 92.34 131.23 5.8
95.0 92.31 67.11 6.3
95.0 92.72 -29.54 6.0
95.0 92.83 23.29 6.0
95.0 92.99 7.95 6.0
95.0 92.94 57.23 5.8
95.0 92.90 55.59 5.5
95.0 93.05 12.09 5.7
95.0 93.05 44.43 5.8
95.0 93.04 46.30 5.3
95.0 93.08 35.12 5.6
95.0 93.07 44.54 4.2
95.0 93.11 35.16 4.9
95.0 93.10 46.39 4.9
95.0 92.87 100.87 4.8
95.0 92.79 69.22 5.4
95.0 92.68 77.67 5.0
95.0 92.53 89.70 5.3
95.0 92.58 42.50 3.9
95.0 92.49 78.20 5.8
95.0 92.49 56.47 5.6
95.0 92.88 -43.37 5.4
95.0 92.58 119.17 5.8
95.0 92.63 45.60 6.3
95.0 92.62 58.96 6.0
95.0 92.61 54.37 6.3
95.0 92.60 56.65 6.1
95.0 92.34 120.52 5.8
95.0 92.40 48.58 6.3
95.0 92.60 11.33 6.4
95.0 92.60 54.31 6.3
95.0 92.68 34.44 6.1
95.0 92.85 11.75 5.7
95.0 92.82 55.24 5.4
95.0 92.88 34.78 5.4
95.0 92.85 57.07 5.4
95.0 92.82 57.01 5.2
95.0 92.83 43.56 5.4
95.0 92.63 99.61 5.1
95.0 92.58 67.55 5.3
95.0 92.90 -30.25 5.6
95.0 92.87 58.81 5.9
95.0 92.79 66.70 5.6
95.0 92.77 58.87 5.5
95.0 92.70 66.33 5.6
95.0 92.51 99.38 5.3
95.0 92.60 34.31 5.8
95.0 92.69 34.45 5.8
95.0 92.76 34.58 5.8
95.0 92.88 19.74 5.4
95.0 92.84 58.82 5.2
95.0 92.90 31.93 5.0
95.0 92.91 43.88 5.3
95.0 92.83 67.98 5.0
95.0 92.80 56.99 5.4
95.0 92.73 67.81 5.0
95.0 92.80 31.52 5.1
95.0 93.06 -16.81 5.4
95.0 93.14 29.42 5.0
95.0 93.08 56.33 4.2
95.0 93.16 23.85 4.9
95.0 93.06 67.82 5.0
95.0 93.14 26.67 4.8
95.0 93.13 44.77 5.0
95.0 93.45 -41.00 4.6
95.0 93.27 79.01 4.8
95.0 93.20 56.80 5.0
95.0 92.87 120.64 5.1
95.0 92.80 67.92 6.2
95.0 92.91 23.42 5.6
95.0 92.92 46.09 5.4
95.0 92.88 55.48 5.2
95.0 92.76 78.65 5.3
95.0 92.83 34.69 5.3
95.0 92.84 45.96 5.4
95.0 92.81 55.21 4.8
95.0 92.74 67.83 5.2
95.0 93.10 -35.86 5.8
95.0 92.95 78.99 5.4
95.0 93.00 34.99 5.4
95.0 93.05 35.06 5.5
95.0 92.91 78.63 5.2
95.0 92.96 34.92 5.4
95.0 93.06 20.49 5.2
95.0 93.10 37.50 5.1
95.0 93.04 56.16 5.0
95.0 93.04 46.29 5.2
95.0 93.03 44.37 4.7
95.0 93.03 46.27 4.7
95.0 92.98 57.29 5.0
95.0 93.26 -28.76 5.2
95.0 93.28 39.30 5.2
95.0 93.21 56.85 5.3
95.0 93.05 79.23 4.8
95.0 93.14 23.81 4.8
95.0 92.82 120.55 5.1
95.0 92.79 58.85 5.4
95.0 92.68 77.68 5.7
95.0 92.67 56.76 5.5
95.0 92.65 56.74 5.8
95.0 92.60 65.91 5.4
95.0 92.42 99.25 5.6
95.0 92.48 42.07 5.6
95.0 92.44 69.44 6.1
95.0 92.45 53.70 5.6
95.0 92.41 65.15 5.8
95.0 92.43 59.08 6.3
95.0 92.53 30.38 5.8
95.0 92.44 78.12 5.4
95.0 92.50 42.16 5.6
95.0 92.64 26.98 5.7
95.0 92.63 54.45 5.4
95.0 92.66 42.85 4.6
95.0 92.70 45.72 5.5
95.0 92.64 67.65 5.6
95.0 92.63 56.69 5.8
95.0 92.62 54.41 5.4
95.0 92.70 31.10 5.7
95.0 92.60 79.57 5.0
95.0 92.59 54.30 5.2
95.0 92.77 11.61 5.1
95.0 92.75 54.94 5.1
95.0 92.77 48.36 4.9
95.0 92.79 43.39 5.0
95.0 92.77 55.03 5.0
95.0 92.70 69.28 4.8
95.0 92.69 54.69 4.5
95.0 92.72 45.75 5.2
95.0 92.74 43.18 5.0
95.0 92.51 109.77 4.7
95.0 92.60 37.80 5.2
95.0 92.51 76.97 5.5
95.0 92.42 78.09 5.3
95.0 92.43 56.37 5.6
95.0 92.45 56.39 5.4
95.0 92.45 53.73 5.4
95.0 92.42 67.28 6.1
95.0 92.61 11.35 6.1
95.0 92.61 54.36 5.2
95.0 92.65 45.63 5.0
95.0 92.42 109.63 5.5
95.0 92.39 67.23 6.3
95.0 92.40 56.31 5.5
95.0 92.37 64.98 5.6
95.0 92.35 69.49 5.3
95.0 92.46 30.07 5.8
95.0 92.38 78.01 5.5
95.0 92.39 53.47 5.4
95.0 92.36 67.19 5.4
95.0 92.34 67.14 5.6
95.0 92.40 41.77 5.8
95.0 92.42 59.08 5.1
95.0 92.43 53.62 5.6
95.0 92.48 42.11 5.6
95.0 92.45 67.33 5.6
95.0 92.46 56.40 5.6
95.0 92.29 99.03 5.6
95.0 92.23 75.81 5.9
95.0 92.26 52.92 5.9
95.0 92.29 59.16 5.9
95.0 92.36 41.58 5.5
95.0 92.29 77.86 5.8
95.0 92.10 108.67 6.0
95.0 91.84 129.69 6.0
95.0 91.91 55.49 6.5
95.0 91.93 63.15 6.5
95.0 91.99 59.34 6.5
95.0 92.09 40.48 6.5
95.0 92.23 33.67 6.2
95.0 92.26 52.92 6.1
95.0 92.24 69.56 5.9
95.0 92.32 41.42 6.3
95.0 92.52 6.03 5.8
95.0 92.71 6.80 5.5
95.0 92.65 66.12 5.3
95.0 92.64 56.71 5.4
95.0 92.63 54.45 5.2
95.0 93.00 -42.86 5.2
95.0 93.00 50.22 5.6
95.0 92.95 55.79 5.4
95.0 92.82 78.76 5.4
95.0 92.79 55.14 5.8
95.0 92.72 67.80 5.6
95.0 92.71 56.83 5.6
95.0 92.73 43.14 5.6
95.0 92.58 89.67 6.3
95.0 92.49 76.90 5.6
95.0 92.45 67.34 5.8
95.0 92.20 119.96 6.0
95.0 92.11 89.96 5.7
95.0 92.02 88.06 6.2
95.0 92.12 40.58 6.4
95.0 92.11 66.77 6.5
95.0 92.25 33.71 6.7
95.0 92.28 52.99 5.8
95.0 92.30 56.14 6.1
95.0 92.33 53.20 6.0
95.0 92.39 48.59 6.2
95.0 92.19 109.06 5.9
95.0 92.51 -6.32 6.3
95.0 92.56 45.48 6.1
95.0 92.55 54.14 6.1
95.0 92.46 78.16 5.8
95.0 92.26 109.33 6.0
95.0 92.15 91.70 6.1
95.0 92.02 97.35 6.1
95.0 92.16 28.86 6.7
95.0 91.94 119.07 6.5
95.0 92.05 48.80 6.9
95.0 92.01 77.39 6.6
95.0 91.97 74.76 6.5
95.0 92.17 27.26 6.7
95.0 92.34 17.52 6.6
95.0 92.45 30.06 6.2
95.0 92.42 67.28 6.1
95.0 92.34 77.95 6.5
95.0 92.32 67.11 5.9
95.0 92.34 53.25 6.2
95.0 92.36 53.33 6.3
95.0 92.38 59.10 6.5
95.0 92.26 87.23 5.8
95.0 91.91 149.00 5.8
95.0 91.89 77.18 6.6
95.0 92.00 48.83 6.8
95.0 92.01 63.46 6.5
95.0 92.02 63.50 6.7
95.0 92.07 59.29 6.7
95.0 92.12 52.33 6.3
95.0 92.03 88.07 6.9
95.0 92.08 52.17 6.7
95.0 92.08 66.71 6.4
95.0 92.26 22.33 6.2
95.0 92.20 75.71 6.1
95.0 92.28 45.02 6.1
95.0 92.49 11.14 6.2
95.0 92.54 45.45 5.9
95.0 92.54 54.09 5.4
95.0 92.50 65.49 5.6
95.0 92.55 48.49 5.8
95.0 92.50 65.51 5.4
95.0 92.51 56.49 5.1
95.0 92.29 109.41 5.7
95.0 92.41 33.98 5.4
95.0 92.42 56.35 5.8
95.0 92.39 65.05 5.6
95.0 92.59 16.04 5.8
95.0 92.67 30.98 5.3
95.0 92.66 56.75 5.4
95.0 92.69 42.98 5.3
95.0 92.77 34.59 5.2
95.0 92.79 45.88 4.9
95.0 92.81 43.46 5.1
95.0 92.74 67.83 5.2
95.0 92.95 0.18 5.0
95.0 92.82 77.99 4.8
95.0 92.75 67.84 4.5
95.0 92.73 54.87 4.8
95.0 92.71 58.90 5.2
95.0 92.52 99.43 5.6
95.0 92.52 54.01 5.1
95.0 92.52 59.02 5.4
95.0 92.27 120.23 5.4
95.0 92.34 48.62 5.5
95.0 92.36 53.34 5.8
95.0 92.38 59.11 5.6
95.0 92.49 30.20 5.8
95.0 92.49 53.88 5.7
95.0 92.41 78.06 5.4
95.0 92.38 67.21 5.7
95.0 92.05 139.37 5.6
95.0 92.10 55.81 5.6
95.0 92.02 86.21 6.1
95.0 92.07 59.29 6.2
95.0 92.03 74.98 6.6
95.0 92.03 66.63 5.8
95.0 92.09 55.78 6.5
95.0 92.04 77.44 6.2
95.0 92.14 40.67 5.5
95.0 92.13 63.99 5.6
95.0 92.13 69.62 5.9
95.0 92.17 52.56 6.1
95.0 92.12 77.57 6.2
95.0 92.35 5.29 6.5
95.0 92.37 53.36 5.8
95.0 92.34 67.15 6.5
95.0 92.40 41.77 5.4
95.0 92.33 77.93 5.8
95.0 92.58 -0.45 5.9
95.0 92.45 88.78 5.6
95.0 92.46 53.74 5.6
95.0 92.70 -0.26 5.9
95.0 92.64 67.65 5.6
95.0 92.58 65.85 5.6
95.0 92.71 23.09 5.5
95.0 92.70 56.81 5.6
95.0 92.73 43.11 5.4
95.0 92.41 129.98 5.2
95.0 92.47 45.33 5.8
95.0 92.71 4.85 6.5
95.0 92.65 64.65 5.6
95.0 92.68 42.92 5.2
95.0 92.67 56.76 5.4
95.0 92.74 34.55 6.0
95.0 92.81 34.67 5.6
95.0 92.74 66.51 5.1
95.0 92.91 15.85 5.0
95.0 92.74 89.20 5.0
95.0 92.72 54.82 4.8
95.0 92.70 56.82 5.2
95.0 92.60 78.38 5.0
95.0 92.50 78.22 5.2
95.0 92.38 87.70 6.1
95.0 92.39 53.47 5.6
95.0 92.54 27.03 5.6
95.0 92.68 18.93 5.3
95.0 92.62 67.63 5.3
95.0 92.66 42.83 5.2
95.0 92.60 69.34 5.4
95.0 92.55 65.72 5.4
95.0 92.55 54.13 5.3
95.0 92.42 88.73 5.9
95.0 92.34 77.95 5.1
95.0 92.32 67.12 5.6
95.0 92.30 64.66 5.9
95.0 92.32 56.18 5.8
95.0 92.39 45.20 5.8
95.0 92.40 53.52 5.8
95.0 92.42 56.34 5.4
95.0 92.39 67.23 5.6
95.0 92.45 45.29 6.4
95.0 92.59 18.56 5.7
95.0 92.68 31.00 5.5
95.0 92.99 -18.07 5.2
95.0 92.57 150.10 5.1
95.0 92.52 69.38 5.3
95.0 92.39 88.69 5.9
95.0 92.41 53.53 5.8
95.0 92.29 88.51 6.0
95.0 92.23 75.80 6.3
95.0 92.54 -6.34 5.8
95.0 92.45 76.73 6.4
95.0 92.24 109.33 6.1
95.0 92.27 56.09 6.2
95.0 92.21 77.73 6.4
95.0 92.24 56.05 6.4
95.0 92.41 17.81 6.0
95.0 92.42 56.35 6.1
95.0 92.44 56.37 5.6
95.0 92.45 53.69 5.9
95.0 92.41 67.27 6.5
95.0 92.52 34.16 5.9
95.0 92.52 56.51 5.8
95.0 92.43 76.66 5.8
95.0 92.58 22.86 5.6
95.0 92.67 34.42 5.4
95.0 92.61 65.96 5.5
95.0 92.56 67.52 5.5
95.0 92.69 18.98 5.5
95.0 93.01 -18.08 5.4
95.0 92.92 68.12 5.2
95.0 92.92 43.93 4.9
95.0 92.84 68.00 5.5
95.0 92.90 34.81 5.0
95.0 92.91 46.08 5.4
95.0 92.87 55.46 5.2
95.0 93.02 15.78 5.0
95.0 93.02 44.33 5.0
95.0 92.97 55.88 4.6
95.0 92.97 46.19 5.0
95.0 92.93 57.21 4.5
95.0 92.94 46.12 4.8
95.0 92.90 55.56 4.7
95.0 93.09 -4.05 4.8
95.0 93.22 15.65 4.9
95.0 93.15 56.62 4.7
95.0 93.14 46.46 4.6
95.0 93.03 67.71 4.5
95.0 92.94 69.13 4.6
95.0 92.86 66.98 4.6
95.0 92.96 20.09 5.1
95.0 92.87 68.05 5.1
95.0 92.84 57.05 5.0
95.0 92.81 57.00 5.0
95.0 92.87 31.81 5.3
95.0 92.89 46.04 5.0
95.0 92.85 57.07 5.0
95.0 92.87 43.69 4.4
95.0 92.88 46.03 4.9
95.0 92.80 67.93 4.8
95.0 92.77 55.05 5.1
95.0 92.80 45.89 4.8
95.0 92.77 55.04 5.0
95.0 93.03 -6.64 4.9
95.0 92.89 78.55 4.9
95.0 92.86 57.08 5.1
95.0 92.82 55.26 5.0
95.0 92.80 56.98 5.2
95.0 92.77 56.94 5.2
95.0 92.79 43.38 4.7
95.0 92.68 79.52 5.0
95.0 92.80 19.43 5.3
95.0 92.48 131.81 5.3
95.0 92.27 109.65 5.3
95.0 92.30 59.15 6.2
95.0 92.41 33.98 6.0
95.0 92.42 53.60 5.9
95.0 92.53 34.18 5.6
95.0 92.48 67.39 5.6
95.0 92.44 65.28 5.4
95.0 92.41 67.27 5.3
95.0 92.47 42.04 5.2
95.0 92.57 37.83 6.0
95.0 92.61 42.62 5.4
95.0 92.88 -17.54 5.2
95.0 93.03 19.31 5.6
95.0 92.72 122.12 5.3
95.0 92.75 48.37 5.6
95.0 92.96 -4.59 6.1
95.0 93.01 37.55 6.1
95.0 92.96 55.83 5.4
95.0 93.01 32.38 5.4
95.0 92.75 110.18 4.8
95.0 92.73 58.89 5.3
95.0 92.71 56.83 5.4
95.0 92.60 77.37 5.7
95.0 92.55 69.37 5.5
95.0 92.51 65.54 5.8
95.0 92.47 65.37 5.6
95.0 92.47 56.43 5.6
95.0 92.39 78.04 5.8
95.0 92.45 45.30 5.0
95.0 92.46 53.76 5.8
95.0 92.61 18.62 5.6
95.0 92.56 69.36 5.5
95.0 92.47 76.80 5.4
95.0 92.43 67.30 5.6
95.0 92.49 42.11 5.6
95.0 92.49 56.46 5.8
95.0 92.50 56.47 5.6
95.0 92.73 -5.54 5.2
95.0 92.62 79.55 5.2
95.0 92.62 54.40 5.5
95.0 92.84 -0.01 5.7
95.0 92.81 55.20 5.5
95.0 92.78 56.96 5.5
95.0 92.71 67.78 5.4
95.0 92.70 54.74 5.5
95.0 92.64 67.65 5.6
95.0 92.72 34.50 5.6
95.0 92.79 31.47 5.8
95.0 92.77 56.93 5.4
95.0 92.79 43.37 5.5
95.0 92.72 69.26 5.2
95.0 92.89 7.52 4.8
95.0 92.90 41.55 5.0
95.0 92.82 67.96 5.3
95.0 92.79 56.97 5.0
95.0 92.81 45.91 4.8
95.0 92.69 77.74 5.2
95.0 92.72 48.38 5.0
95.0 92.66 66.17 4.9
95.0 92.74 31.25 5.3
95.0 92.63 78.44 4.8
95.0 92.62 56.69 5.0
95.0 92.24 149.54 5.2
95.0 92.27 56.08 5.6
95.0 92.04 119.27 6.0
95.0 91.87 111.28 6.4
95.0 91.94 55.53 6.4
95.0 92.00 55.63 6.1
95.0 92.01 66.59 6.4
95.0 92.11 44.72 6.4
95.0 92.33 5.24 6.4
95.0 92.31 62.37 5.8
95.0 92.33 59.13 5.7
95.0 92.27 75.97 5.6
95.0 92.25 67.00 5.6
95.0 92.28 53.00 5.8
95.0 92.30 59.15 5.9
95.0 92.81 -70.25 5.8
95.0 92.87 34.76 6.1
95.0 92.58 120.15 6.1
95.0 92.86 -6.53 6.5
95.0 92.92 34.84 6.3
95.0 92.83 66.89 5.9
95.0 92.76 67.86 5.6
95.0 92.61 89.05 5.9
95.0 92.69 31.05 6.1
95.0 93.43 -126.91 6.5
95.0 93.08 117.15 6.5
95.0 92.77 119.06 7.1
95.0 92.70 67.76 7.4
95.0 92.51 99.40 7.4
95.0 92.61 37.80 7.6
95.0 92.88 -17.55 7.3
95.0 92.89 48.29 7.3
95.0 92.99 23.56 7.3
95.0 92.95 57.23 6.9
95.0 92.86 67.00 6.7
95.0 92.87 43.73 6.3
95.0 92.80 69.22 6.3
95.0 92.86 31.76 6.6
95.0 92.79 67.90 6.5
95.0 92.76 55.00 6.1
95.0 92.69 67.75 6.1
95.0 92.64 67.65 6.7
95.0 92.63 54.44 6.1
95.0 92.71 34.49 6.7
95.0 92.65 67.67 5.7
95.0 92.73 34.52 5.9
95.0 92.45 120.99 6.0
95.0 92.64 16.01 6.0
95.0 92.63 56.70 5.9
95.0 92.67 42.87 5.8
95.0 92.66 56.74 5.6
95.0 92.74 34.53 5.4
95.0 92.81 31.53 6.1
95.0 92.78 56.95 5.4
95.0 92.80 43.42 5.2
95.0 92.87 37.64 4.2
95.0 92.88 43.74 5.2
95.0 93.12 -11.45 4.8
95.0 92.98 79.02 5.3
95.0 93.07 23.69 4.8
95.0 92.97 68.22 5.3
95.0 92.80 89.45 5.2
95.0 93.00 4.66 4.8
95.0 92.96 54.45 5.2
95.0 92.83 78.30 5.1
95.0 92.89 34.79 5.2
95.0 92.77 78.67 5.2
95.0 92.79 45.87 4.9
95.0 92.76 55.01 5.3
95.0 92.70 66.32 5.2
95.0 92.55 89.69 5.4
95.0 92.60 42.56 5.4
95.0 92.55 67.50 5.6
95.0 92.55 54.10 5.5
95.0 92.46 79.65 5.5
95.0 92.33 87.53 5.7
95.0 92.31 64.72 5.8
95.0 92.33 56.19 5.9
95.0 92.40 45.21 5.7
95.0 92.33 77.92 6.3
95.0 92.22 87.04 6.0
95.0 92.29 45.04 5.6
95.0 92.02 129.31 5.9
95.0 92.07 55.75 6.9
95.0 91.90 108.75 6.3
95.0 92.10 27.30 6.1
95.0 92.15 55.88 6.5
95.0 92.23 41.06 6.1
95.0 92.13 86.69 6.1
95.0 92.13 69.62 6.1
95.0 92.26 29.27 6.2
95.0 92.29 56.12 6.1
95.0 92.31 53.14 6.3
95.0 92.34 56.20 6.0
95.0 92.36 56.24 5.2
95.0 92.42 41.84 5.8
95.0 92.43 59.07 5.4
95.0 92.40 65.09 5.7
95.0 92.41 56.33 5.6
95.0 92.29 87.37 5.2
95.0 92.15 98.78 6.1
95.0 92.19 55.95 6.0
95.0 92.55 -31.72 6.0
95.0 92.50 69.40 6.1
95.0 92.42 78.08 6.0
95.0 92.48 42.07 6.3
95.0 92.48 56.45 6.1
95.0 92.36 87.63 6.0
95.0 92.38 59.11 6.8
95.0 92.44 41.91 6.0
95.0 92.45 56.39 6.1
95.0 92.46 56.41 6.0
95.0 92.56 30.49 5.6
95.0 92.55 56.57 5.4
95.0 92.55 54.14 5.6
95.0 92.78 4.80 5.4
95.0 92.67 76.97 5.4
95.0 92.66 54.57 5.2
95.0 92.56 78.32 5.5
95.0 92.65 34.38 5.5
95.0 92.51 88.88 5.2
95.0 92.46 65.36 5.5
95.0 92.47 53.80 5.4
95.0 92.43 69.44 5.6
95.0 92.31 87.45 6.0
95.0 92.21 88.37 5.8
95.0 92.24 56.04 5.8
95.0 91.97 129.23 6.3
95.0 92.07 44.66 6.3
95.0 92.08 63.75 6.3
95.0 92.17 48.73 6.3
95.0 91.99 108.22 6.0
95.0 92.04 59.31 6.7
95.0 92.28 5.01 6.3
95.0 92.35 41.54 6.2
95.0 92.37 56.26 5.6
95.0 92.39 53.44 5.9
95.0 92.45 45.29 6.2
95.0 92.32 88.57 5.9
95.0 92.21 88.39 5.9
95.0 92.07 97.58 6.3
95.0 92.12 55.83 6.1
95.0 92.16 55.91 6.0
95.0 92.25 41.12 6.0
95.0 92.27 56.10 6.0
95.0 92.26 67.01 6.0
95.0 92.20 75.68 6.3
95.0 92.14 77.62 6.0
95.0 92.18 52.61 6.0
95.0 92.55 -17.80 6.1
95.0 92.73 11.54 6.1
95.0 92.71 56.83 5.6
95.0 92.56 88.48 5.6
95.0 92.52 67.45 5.6
95.0 92.35 99.12 5.9
95.0 92.32 64.76 6.5
95.0 92.43 37.90 6.1
95.0 92.23 109.21 6.0
95.0 92.13 88.24 6.2
95.0 92.04 88.09 6.7
95.0 92.09 55.78 6.5
95.0 92.27 22.34 5.9
95.0 92.34 41.52 6.0
95.0 92.41 45.23 6.0
95.0 92.25 98.96 5.9
95.0 92.02 119.20 6.1
95.0 92.30 5.09 6.3
95.0 92.37 38.00 6.1
95.0 92.30 79.75 5.7
95.0 92.32 53.19 5.9
95.0 92.63 -18.60 5.9
95.0 92.62 61.26 5.9
95.0 92.70 31.09 5.9
95.0 92.60 78.38 5.6
95.0 92.59 54.29 5.8
95.0 92.54 69.37 6.1
95.0 92.54 54.09 6.0
95.0 92.59 42.53 5.8
95.0 92.58 56.61 6.4
95.0 92.53 67.48 5.6
95.0 92.49 67.40 6.1
95.0 92.50 53.90 5.6
95.0 92.41 76.57 5.9
95.0 92.61 16.03 5.2
95.0 92.39 109.86 5.6
95.0 92.10 129.05 5.7
95.0 92.10 69.64 6.2
95.0 92.52 -36.83 6.3
95.0 92.27 119.62 6.5
95.0 92.16 88.30 6.9
95.0 92.11 79.86 7.0
95.0 92.16 52.50 6.7
95.0 92.47 -12.54 6.9
95.0 92.48 56.45 6.9
95.0 92.49 59.04 6.7
95.0 92.45 65.29 6.5
95.0 92.41 65.15 6.6
95.0 92.38 69.47 6.5
95.0 92.31 76.15 6.6
95.0 92.29 67.06 6.5
95.0 92.27 64.55 6.0
95.0 92.25 67.00 6.1
95.0 92.28 56.11 6.6
95.0 92.49 5.89 6.7
95.0 92.41 76.55 6.0
95.0 92.38 67.21 6.0
95.0 92.44 41.92 6.0
95.0 92.45 56.39 6.0
95.0 92.20 119.95 5.7
95.0 92.19 72.29 6.2
95.0 91.97 118.98 6.3
95.0 91.98 69.71 6.4
95.0 91.95 77.29 6.7
95.0 92.24 -7.58 7.0
95.0 92.18 77.68 6.5
95.0 92.17 64.15 6.6
95.0 92.26 48.67 6.4
95.0 92.15 86.78 6.5
95.0 92.10 77.55 6.7
95.0 92.19 40.89 6.7
95.0 92.14 77.61 6.6
95.0 92.13 66.80 7.2
95.0 92.04 86.33 6.4
95.0 92.09 55.79 6.6
95.0 92.28 22.35 6.5
95.0 92.35 41.54 6.5
95.0 92.32 67.12 6.3
95.0 92.21 88.38 6.1
95.0 92.16 77.64 6.3
95.0 92.15 64.06 6.3
95.0 92.19 52.64 6.2
95.0 92.18 69.59 6.1
95.0 92.00 108.27 6.0
95.0 91.84 109.91 6.5
95.0 91.87 66.35 6.3
95.0 91.89 69.77 7.1
95.0 92.00 40.09 6.7
95.0 92.01 63.47 6.5
95.0 92.11 44.72 6.7
95.0 92.20 44.87 6.3
95.0 92.19 66.89 6.2
95.0 92.22 52.76 6.3
95.0 92.12 89.95 6.1
95.0 92.08 75.18 6.5
95.0 92.03 75.01 5.6
95.0 92.09 55.78 6.3
95.0 92.13 55.85 6.3
95.0 92.17 55.92 6.5
95.0 92.21 52.71 6.1
95.0 92.20 64.25 6.1
95.0 92.28 48.66 6.5
95.0 92.26 64.51 6.2
95.0 92.29 56.12 5.9
95.0 92.54 -6.32 6.3
95.0 92.50 67.42 5.8
95.0 92.50 56.48 6.0
95.0 92.55 42.39 5.9
95.0 92.55 59.00 5.8
95.0 92.51 65.53 5.6
95.0 92.38 88.66 6.5
95.0 92.31 76.13 5.9
95.0 92.42 34.00 6.1
95.0 91.98 168.49 6.0
95.0 91.57 167.81 6.1
95.0 91.76 38.31 7.0
95.0 91.98 21.84 7.1
95.0 91.99 66.56 6.9
95.0 92.04 52.03 6.7
95.0 92.01 74.89 6.8
95.0 92.06 59.30 6.8
95.0 92.06 63.69 6.5
95.0 92.16 44.80 7.1
95.0 92.11 77.55 6.4
95.0 92.15 52.47 6.5
95.0 92.19 55.95 6.4
95.0 92.18 64.18 6.1
95.0 92.31 37.98 6.5
95.0 92.42 29.93 6.1
95.0 92.30 87.39 5.9
95.0 92.51 11.17 6.0
95.0 92.60 34.31 5.6
95.0 92.64 45.63 5.5
95.0 92.63 54.46 5.2
95.0 92.67 45.67 5.2
95.0 92.57 78.33 5.3
95.0 92.65 30.90 5.3
95.0 92.69 45.70 5.3
95.0 92.67 56.77 5.2
95.0 92.57 78.34 5.2
95.0 92.52 65.61 5.4
95.0 92.53 54.03 5.3
95.0 92.57 48.48 5.5
95.0 92.66 30.93 5.8
95.0 92.60 67.60 5.6
95.0 92.60 54.32 5.1
95.0 92.55 69.37 4.7
95.0 92.55 54.11 5.3
95.0 92.50 65.51 5.3
95.0 92.55 45.47 6.1
95.0 92.46 78.15 5.4
95.0 92.47 56.43 5.4
95.0 92.86 -43.45 5.5
95.0 93.15 -18.17 5.6
95.0 93.09 58.67 5.6
95.0 93.27 -3.32 5.6
95.0 93.11 79.24 5.8
95.0 92.92 89.58 5.8
95.0 93.11 0.45 5.8
95.0 93.15 30.59 5.6
95.0 93.09 56.34 5.3
95.0 93.08 48.17 5.4
95.0 92.68 143.24 5.0
95.0 92.67 58.93 5.8
95.0 92.40 120.77 5.8
95.0 92.33 79.73 5.9
95.0 92.30 67.09 6.4
95.0 92.33 53.20 6.3
95.0 91.97 147.94 6.3
95.0 92.03 55.68 6.5
95.0 91.99 77.35 6.7
95.0 92.05 52.03 6.6
95.0 92.09 55.79 6.6
95.0 92.18 44.85 6.0
95.0 92.36 17.59 6.6
95.0 92.38 56.27 6.2
95.0 92.67 -12.21 6.2
95.0 92.66 56.74 5.7
95.0 92.74 34.54 6.0
95.0 92.72 54.82 5.8
95.0 92.53 99.66 5.5
95.0 92.48 65.43 5.6
95.0 92.44 67.33 6.0
95.0 92.28 99.01 5.9
95.0 92.22 75.77 6.2
95.0 92.43 11.04 6.2
95.0 92.36 76.34 6.1
95.0 92.38 59.11 6.0
95.0 92.39 53.47 6.0
95.0 92.59 6.30 5.8
95.0 92.63 42.71 5.8
95.0 92.71 34.49 5.6
95.0 92.70 56.81 5.4
95.0 92.72 43.10 5.4
95.0 92.80 31.49 5.3
95.0 92.77 58.87 5.7
95.0 92.75 54.95 5.2
95.0 92.68 67.73 5.2
95.0 92.90 0.09 5.2
95.0 92.91 43.87 5.0
95.0 92.92 43.90 4.9
95.0 92.75 89.25 4.7
95.0 92.86 26.84 5.0
95.0 92.83 55.29 4.8
95.0 92.80 56.99 5.0
95.0 92.82 43.51 4.6
95.0 92.75 67.84 4.9
95.0 92.73 56.86 5.5
95.0 92.75 43.23 5.3
95.0 92.73 56.87 5.0
95.0 92.71 56.84 4.8
95.0 92.65 67.68 5.5
95.0 92.60 65.91 5.0
95.0 92.55 65.70 5.3
95.0 92.50 69.40 5.2
95.0 92.46 65.35 5.2
95.0 92.75 -12.08 5.4
95.0 92.73 58.89 5.6
95.0 92.94 -4.68 5.3
95.0 92.86 68.02 5.3
95.0 92.83 55.26 5.6
95.0 92.84 48.31 5.4
95.0 92.81 55.21 5.6
95.0 92.83 45.94 5.1
95.0 92.76 66.57 5.2
95.0 92.48 119.97 5.4
95.0 92.53 48.50 5.2
95.0 92.62 30.76 5.4
95.0 92.61 58.96 5.4
95.0 92.65 42.79 5.8
95.0 92.68 42.93 5.1
95.0 92.76 34.58 5.4
95.0 92.88 23.36 5.4
95.0 92.89 46.04 4.8
95.0 92.81 66.78 4.7
95.0 92.78 56.95 5.2
95.0 92.76 56.91 5.0
95.0 92.78 43.34 5.4
95.0 92.85 34.72 5.4
95.0 92.77 66.63 4.9
95.0 92.79 48.34 5.6
95.0 92.95 7.80 4.6
95.0 92.61 134.97 4.6
95.0 92.70 37.74 5.7
95.0 92.73 45.77 5.1
95.0 92.71 56.83 5.0
95.0 92.83 19.54 5.0
95.0 92.54 119.19 5.2
95.0 92.50 67.42 5.5
95.0 92.46 65.33 5.4
95.0 92.60 22.90 5.3
95.0 92.38 109.56 5.6
95.0 92.49 37.87 5.6
95.0 92.72 -5.58 5.3
95.0 92.71 54.77 5.6
95.0 92.69 58.92 5.6
95.0 92.81 19.47 5.0
95.0 92.83 45.94 5.4
95.0 92.89 31.88 5.1
95.0 92.81 69.21 5.2
95.0 92.78 55.10 5.0
95.0 92.94 7.77 5.0
95.0 92.95 46.14 4.6
95.0 92.95 44.05 4.5
95.0 92.82 78.76 4.7
95.0 92.58 110.67 4.9
95.0 92.58 58.98 5.2
95.0 92.62 45.58 5.2
95.0 92.35 120.58 5.0
95.0 92.46 37.89 5.4
95.0 92.43 67.29 5.9
95.0 92.44 56.37 5.5
95.0 92.63 6.47 5.8
95.0 92.53 76.04 5.2
95.0 92.58 48.47 5.4
95.0 92.62 42.67 5.4
95.0 92.52 78.26 5.2
95.0 92.48 67.39 5.4
95.0 92.58 30.59 5.2
95.0 92.53 67.47 5.2
95.0 92.58 42.49 4.4
95.0 92.48 79.64 4.8
95.0 92.49 53.88 5.6
95.0 92.50 53.90 5.6
95.0 92.55 45.46 5.5
95.0 92.59 45.54 5.2
95.0 92.54 67.49 5.8
95.0 92.45 76.74 5.2
95.0 92.46 56.41 5.7
95.0 92.47 56.42 5.7
95.0 92.43 65.22 5.2
95.0 92.58 22.86 5.7
95.0 92.76 11.59 5.9
95.0 92.74 56.88 4.8
95.0 92.72 54.82 4.6
95.0 92.57 88.50 5.1
95.0 92.52 69.39 5.0
95.0 92.61 30.74 5.8
95.0 92.65 45.64 5.7
95.0 92.69 42.94 5.1
95.0 92.63 69.32 5.1
95.0 93.05 -55.86 5.3
95.0 93.00 57.32 5.5
95.0 92.95 57.24 5.6
95.0 92.91 57.17 5.6
95.0 92.74 89.28 5.4
95.0 92.72 54.84 5.8
95.0 92.70 56.82 5.6
95.0 92.73 45.78 5.8
95.0 92.76 43.24 5.5
95.0 92.61 89.05 5.4
95.0 92.64 45.63 5.8
95.0 92.68 45.69 6.1
95.0 92.53 88.36 6.1
95.0 92.53 54.06 5.9
95.0 92.54 59.01 5.6
95.0 92.67 18.90 5.6
95.0 92.66 56.75 5.4
95.0 92.60 65.93 5.4
95.0 92.55 67.51 5.4
95.0 92.69 23.05 5.7
95.0 92.72 43.08 5.4
95.0 92.88 15.86 5.2
95.0 92.90 43.81 5.2
95.0 92.77 78.06 4.8
95.0 92.70 67.77 4.9
95.0 92.78 34.61 5.4
95.0 92.80 45.89 5.1
95.0 92.77 55.05 5.0
95.0 92.71 67.77 5.2
95.0 92.60 78.39 4.7
95.0 92.64 42.75 5.2
95.0 92.81 11.68 5.1
95.0 92.83 43.55 4.8
95.0 92.85 48.31 4.8
95.0 92.73 77.88 5.1
95.0 92.71 54.79 5.0
95.0 92.78 34.61 5.0
95.0 92.90 23.40 5.0
95.0 92.86 57.09 4.7
95.0 92.83 55.28 4.6
95.0 93.08 -6.67 4.8
95.0 93.07 44.54 4.8
95.0 93.06 44.50 4.6
95.0 93.15 23.82 4.8
95.0 93.09 57.47 4.6
95.0 93.08 46.36 4.6
95.0 93.25 -3.38 4.8
95.0 93.23 45.19 4.5
95.0 93.16 58.63 4.6
95.0 93.10 56.39 4.7
95.0 93.09 46.38 4.9
95.0 93.08 44.56 4.5
95.0 93.16 23.84 4.4
95.0 92.97 89.66 4.5
95.0 93.11 8.45 4.4
95.0 93.10 46.39 4.6
95.0 93.09 44.60 4.4
95.0 93.08 46.36 4.7
95.0 93.02 56.08 4.5
95.0 93.16 12.27 4.7
95.0 93.28 12.47 4.4
95.0 93.30 33.56 4.3
95.0 93.27 46.68 4.2
95.0 93.33 24.13 4.1
95.0 93.39 21.86 4.1
95.0 93.39 35.65 3.7
95.0 93.35 45.71 4.0
95.0 93.27 58.56 3.2
95.0 93.20 56.82 3.9
95.0 93.00 89.72 4.0
95.0 93.19 0.58 4.1
95.0 93.35 -7.06 4.1
95.0 93.27 57.79 3.9
95.0 93.29 33.53 4.0
95.0 93.26 48.06 4.1
95.0 93.28 33.49 4.1
95.0 93.25 45.28 4.5
95.0 93.18 57.63 4.1
95.0 93.16 46.50 4.2
95.0 93.19 35.30 4.6
95.0 93.12 56.50 4.0
95.0 93.16 32.98 4.1
95.0 93.28 15.62 3.5
95.0 93.34 21.67 4.0
95.0 93.22 68.63 3.8
95.0 93.11 68.01 3.9
95.0 93.05 58.70 4.1
95.0 93.00 55.98 4.3
95.0 92.95 55.79 3.4
95.0 92.78 89.55 4.1
95.0 92.80 43.42 4.7
95.0 92.78 56.94 4.8
95.0 92.75 54.96 4.9
95.0 92.69 67.74 4.7
95.0 92.76 34.58 5.0
95.0 92.79 43.35 5.2
95.0 92.76 56.92 4.8
95.0 92.74 56.88 5.2
95.0 92.76 45.83 4.5
95.0 92.79 43.36 4.9
95.0 92.72 66.41 5.3
95.0 92.66 69.30 5.3
95.0 92.56 77.17 4.8
95.0 92.55 56.57 5.1
95.0 92.55 56.57 4.8
95.0 92.55 54.13 5.2
95.0 92.55 56.57 4.6
95.0 92.51 65.53 5.3
95.0 92.51 59.03 5.2
95.0 92.60 30.69 5.0
95.0 92.64 42.76 5.0
95.0 92.68 45.68 5.0
95.0 92.62 67.62 5.6
95.0 92.66 45.65 4.8
95.0 92.64 54.52 5.1
95.0 92.63 56.70 5.6
95.0 92.63 56.69 4.8
95.0 92.62 54.40 5.0
95.0 92.70 34.47 5.2
95.0 92.68 56.79 5.5
95.0 92.63 67.63 4.9
95.0 92.62 54.40 5.6
95.0 92.56 65.77 5.3
95.0 92.52 69.39 5.3
95.0 92.52 54.00 5.1
95.0 92.71 11.50 5.4
95.0 92.60 77.36 5.1
95.0 92.64 48.43 5.6
95.0 92.63 54.46 5.0
95.0 92.67 42.86 5.2
95.0 92.57 78.33 5.6
95.0 92.70 23.06 5.0
95.0 92.68 56.79 5.1
95.0 92.54 88.38 4.8
95.0 92.54 54.08 5.2
95.0 92.50 69.40 5.4
95.0 92.68 6.69 5.4
95.0 92.58 77.27 5.2
95.0 92.45 88.78 5.0
95.0 92.50 42.17 5.0
95.0 92.64 22.97 5.2
95.0 92.63 54.46 5.4
95.0 92.67 48.42 4.8
95.0 92.75 31.27 5.0
95.0 92.68 67.73 4.8
95.0 92.76 31.33 5.1
95.0 92.74 56.88 4.9
95.0 92.72 56.84 4.8
95.0 92.65 66.14 5.0
95.0 92.60 67.59 5.1
95.0 92.55 67.50 5.5
95.0 92.50 65.52 5.4
95.0 92.46 67.36 5.2
95.0 92.52 45.41 5.2
95.0 92.52 56.51 5.3
95.0 92.57 42.44 5.3
95.0 92.61 45.56 5.5
95.0 92.56 67.52 5.3
95.0 92.69 18.98 5.3
95.0 92.63 67.65 5.0
95.0 92.58 65.83 5.0
95.0 92.53 69.38 5.0
95.0 92.62 30.77 4.6
95.0 92.53 77.05 5.2
95.0 92.35 99.14 5.1
95.0 92.24 88.43 5.6
95.0 92.23 66.96 5.7
95.0 92.35 29.64 6.0
95.0 92.37 56.26 5.8
95.0 92.43 45.27 5.6
95.0 92.40 65.08 5.5
95.0 92.37 67.20 5.6
95.0 92.38 56.28 5.6
95.0 92.49 34.12 5.4
95.0 92.59 30.62 5.2
95.0 92.63 42.70 5.3
95.0 92.53 79.61 5.1
95.0 92.44 76.70 5.3
95.0 92.45 56.40 5.4
95.0 92.79 -30.72 5.7
95.0 92.72 69.26 5.4
95.0 92.89 11.81 5.9
95.0 92.85 55.38 5.4
95.0 92.87 48.30 5.5
95.0 92.54 132.05 5.3
95.0 92.36 99.76 5.7
95.0 92.38 53.42 6.0
95.0 92.40 56.30 5.8
95.0 92.46 45.31 6.1
95.0 92.70 -5.69 6.0
95.0 92.55 88.95 6.0
95.0 92.37 99.17 5.9
95.0 92.62 -6.00 5.6
95.0 92.61 56.67 5.9
95.0 92.52 77.01 6.0
95.0 92.52 59.02 6.1
95.0 92.43 76.67 6.2
95.0 92.68 -0.29 5.9
95.0 92.62 67.62 6.2
95.0 92.61 54.38 6.0
95.0 92.47 88.83 6.0
95.0 92.48 53.83 6.3
95.0 92.44 69.43 6.1
95.0 92.59 18.55 6.1
95.0 92.45 88.02 5.8
95.0 92.42 67.28 6.0
95.0 92.39 67.23 6.2
95.0 92.40 56.31 5.9
95.0 92.41 53.57 5.8
95.0 92.25 98.97 6.1
95.0 92.33 45.09 6.0
95.0 92.39 41.73 6.2
95.0 92.41 56.32 6.1
95.0 92.47 45.33 6.7
95.0 92.47 56.43 6.0
95.0 92.57 30.56 5.7
95.0 92.61 42.64 5.6
95.0 92.61 58.97 5.5
95.0 92.69 31.05 5.2
95.0 92.59 78.36 5.1
95.0 92.54 65.66 5.4
95.0 92.49 69.40 5.4
95.0 92.33 98.62 5.6
95.0 92.30 64.69 5.8
95.0 92.07 119.28 5.5
95.0 92.12 59.27 6.0
95.0 92.30 22.38 6.1
95.0 92.28 64.58 5.8
95.0 92.21 77.73 6.0
95.0 92.34 33.86 6.0
95.0 92.31 64.73 6.3
95.0 92.34 56.20 6.0
95.0 92.27 77.83 5.6
95.0 92.25 64.47 6.0
95.0 92.28 56.11 5.9
95.0 92.35 41.56 6.1
95.0 92.42 48.57 6.0
95.0 92.38 65.02 5.7
95.0 92.40 56.31 5.7
95.0 92.37 64.96 5.8
95.0 92.43 45.27 5.7
95.0 92.31 88.55 5.6
95.0 92.29 64.64 5.5
95.0 92.27 67.03 5.9
95.0 92.39 33.95 5.8
95.0 92.32 76.17 5.7
95.0 92.29 67.07 5.8
95.0 92.19 88.34 6.1
95.0 91.97 119.11 6.1
95.0 91.68 138.74 6.1
95.0 91.73 69.87 6.9
95.0 91.81 55.31 7.1
95.0 91.79 74.01 6.9
95.0 91.91 44.39 7.0
95.0 91.93 63.15 6.4
95.0 92.08 38.12 6.7
95.0 91.91 107.90 6.5
95.0 92.16 16.30 6.6
95.0 92.24 44.95 6.9
95.0 92.14 86.73 6.2
95.0 91.97 108.86 7.1
95.0 91.93 77.26 6.5
95.0 91.74 119.68 6.7
95.0 91.82 55.33 6.9
95.0 91.89 51.39 7.7
95.0 91.74 108.48 6.7
95.0 91.87 48.91 6.9
95.0 91.84 77.11 7.0
95.0 91.78 85.25 6.8
95.0 91.86 55.39 6.5
95.0 91.88 66.38 6.7
95.0 91.99 40.07 6.7
95.0 92.00 66.58 6.7
95.0 91.88 98.34 6.7
95.0 92.04 33.36 6.6
95.0 92.09 52.22 6.6
95.0 92.14 52.41 6.1
95.0 92.31 27.17 6.4
95.0 92.38 41.68 6.1
95.0 92.49 34.11 5.9
95.0 92.54 42.33 5.8
95.0 92.41 89.78 5.8
95.0 92.42 53.59 5.7
95.0 92.43 53.64 6.0
95.0 92.36 77.97 5.5
95.0 92.60 -0.41 5.9
95.0 92.55 67.51 5.7
95.0 92.55 54.14 5.8
95.0 92.55 56.56 5.8
95.0 92.78 -0.11 5.4
95.0 92.67 77.64 5.6
95.0 92.66 56.74 5.4
95.0 92.74 34.53 5.8
95.0 92.72 56.84 5.8
95.0 92.57 88.50 5.4
95.0 92.57 54.19 5.8
95.0 92.52 69.39 5.5
95.0 92.52 54.00 5.6
95.0 92.66 23.00 6.1
95.0 92.65 54.53 5.5
95.0 92.68 45.69 5.4
95.0 92.76 34.57 4.9
95.0 92.87 19.73 5.2
95.0 92.80 69.22 5.4
95.0 92.73 66.44 5.1
95.0 92.89 7.55 5.1
95.0 92.81 66.80 4.8
95.0 92.78 56.96 4.8
95.0 92.63 89.09 4.8
95.0 92.67 42.86 4.8
95.0 92.65 56.73 5.1
95.0 92.60 67.58 5.2
95.0 92.64 42.74 5.8
95.0 92.58 67.56 5.2
95.0 92.49 76.90 5.0
95.0 92.50 59.03 5.8
95.0 92.50 53.92 5.4
95.0 92.46 65.34 5.5
95.0 92.61 22.90 5.8
95.0 92.60 56.64 5.6
95.0 92.73 23.12 5.2
95.0 92.89 7.56 5.0
95.0 93.00 20.24 5.0
95.0 92.91 68.11 4.6
95.0 92.83 66.85 4.5
95.0 92.98 11.97 4.8
95.0 92.98 46.20 4.6
95.0 92.85 78.81 4.6
95.0 92.91 31.96 4.4
95.0 93.10 -4.00 4.8
95.0 92.92 89.47 4.8
95.0 93.02 20.32 4.6
95.0 93.01 46.25 4.8
95.0 92.92 67.25 4.7
95.0 92.84 67.99 4.7
95.0 92.81 57.00 5.6
95.0 92.78 55.09 4.9
95.0 92.76 58.87 5.2
95.0 92.74 54.90 5.0
95.0 92.67 67.71 5.2
95.0 92.75 31.30 5.4
95.0 92.73 56.86 5.4
95.0 92.62 78.42 4.9
95.0 92.66 42.83 4.8
95.0 92.74 34.54 5.0
95.0 92.72 56.85 5.1
95.0 92.84 19.58 5.4
95.0 92.76 67.87 4.8
95.0 92.88 19.75 4.8
95.0 92.84 58.82 4.3
95.0 92.77 66.62 4.5
95.0 92.70 66.34 4.6
95.0 92.78 34.60 5.2
95.0 92.75 56.91 4.8
95.0 92.69 67.74 4.8
95.0 92.72 43.08 5.5
95.0 92.88 15.86 5.0
95.0 92.85 55.37 4.8
95.0 92.73 77.89 4.6
95.0 92.71 56.84 4.8
95.0 92.65 67.68 4.9
95.0 92.55 78.31 4.9
95.0 92.42 87.88 4.8
95.0 92.39 65.04 5.1
95.0 92.40 59.09 5.5
95.0 92.37 64.98 5.5
95.0 92.30 77.88 5.6
95.0 92.28 64.60 5.8
95.0 92.31 59.15 5.2
95.0 92.29 64.62 5.5
95.0 92.18 86.89 5.6
95.0 92.17 69.60 5.8
95.0 92.30 29.43 5.8
95.0 92.24 77.77 5.6
95.0 92.27 52.95 6.0
95.0 92.29 56.13 5.9
95.0 92.36 45.15 5.8
95.0 92.34 64.83 5.9
95.0 92.23 88.41 5.7
95.0 92.59 -24.45 5.8
95.0 92.54 69.38 5.7
95.0 92.24 130.82 6.0
95.0 92.23 66.96 6.0
95.0 92.54 -6.34 6.2
95.0 92.58 42.51 6.0
95.0 92.53 67.48 5.9
95.0 92.53 56.54 5.8
95.0 92.53 54.06 6.1
95.0 92.40 88.71 5.8
95.0 92.60 6.35 6.1
95.0 92.34 119.73 5.9
95.0 92.31 67.11 5.6
95.0 92.34 56.20 6.3
95.0 92.40 41.77 6.1
95.0 92.42 56.33 5.8
95.0 92.43 56.36 6.1
95.0 92.31 87.43 5.8
95.0 91.95 149.07 6.1
95.0 92.01 59.33 6.5
95.0 92.25 4.88 6.7
95.0 92.66 -44.28 6.1
95.0 92.74 37.72 6.3
95.0 92.72 56.84 6.2
95.0 92.74 43.18 6.0
95.0 92.77 45.84 6.0
95.0 92.75 56.89 6.0
95.0 92.82 31.57 5.9
95.0 92.70 78.56 5.6
95.0 92.68 54.68 5.7
95.0 92.67 58.93 5.6
95.0 92.66 54.57 5.6
95.0 92.65 54.52 5.6
95.0 92.68 45.69 5.8
95.0 92.99 -23.76 5.8
95.0 93.09 26.70 5.4
95.0 93.03 56.12 5.4
95.0 92.94 69.13 5.6
95.0 92.85 66.97 5.5
95.0 92.69 89.01 5.6
95.0 92.86 11.76 6.2
95.0 92.87 46.02 6.1
95.0 93.07 0.38 5.6
95.0 93.15 17.82 5.1
95.0 93.01 79.03 4.8
95.0 93.00 48.22 4.8
95.0 92.96 55.82 4.8
95.0 93.01 34.99 4.8
95.0 92.87 78.48 4.6
95.0 92.93 34.86 4.8
95.0 92.89 57.14 4.7
95.0 92.95 32.11 4.9
95.0 93.04 26.73 5.2
95.0 93.08 32.67 5.2
95.0 92.90 89.54 4.8
95.0 92.86 55.42 4.6
95.0 92.49 140.10 4.8
95.0 92.63 26.98 6.1
95.0 92.62 54.43 5.8
95.0 92.57 67.54 5.1
95.0 92.66 34.40 5.3
95.0 92.65 54.53 5.4
95.0 92.51 88.88 5.2
95.0 92.46 65.36 5.4
95.0 92.56 37.83 5.6
95.0 92.47 76.82 5.2
95.0 92.48 56.44 5.6
95.0 92.35 88.63 5.6
95.0 92.37 53.39 5.6
95.0 92.62 -0.38 5.6
95.0 92.48 88.14 5.5
95.0 92.49 59.04 5.6
95.0 92.28 109.41 6.1
95.0 92.39 33.96 6.1
95.0 92.55 22.81 6.1
95.0 92.59 45.54 5.6
95.0 92.63 45.60 5.5
95.0 92.67 42.86 5.7
95.0 92.61 67.61 5.3
95.0 92.47 88.82 5.5
95.0 92.43 65.23 5.6
95.0 92.44 56.39 5.6
95.0 92.50 45.38 5.8
95.0 92.59 34.29 5.8
95.0 92.50 76.94 5.4
95.0 92.33 98.65 5.5
95.0 92.35 59.12 5.5
95.0 92.37 53.38 5.9
95.0 92.39 56.29 5.8
95.0 92.32 76.17 5.2
95.0 92.34 59.13 5.8
95.0 92.31 64.73 5.8
95.0 92.34 53.24 5.8
95.0 92.31 67.10 6.0
95.0 92.34 56.20 6.1
95.0 92.23 88.40 5.6
95.0 92.39 17.74 5.8
95.0 92.45 45.30 5.8
95.0 92.37 78.00 5.6
95.0 92.35 64.87 6.0
95.0 92.32 67.12 6.0
95.0 92.17 98.83 6.0
95.0 92.34 17.53 6.0
95.0 92.32 67.12 5.7
95.0 92.34 53.26 5.8
95.0 92.32 69.51 5.6
95.0 92.38 41.69 5.8
95.0 92.10 129.45 5.9
95.0 92.01 88.05 5.9
95.0 91.94 87.92 6.1
95.0 91.95 66.49 6.3
95.0 91.97 63.29 6.3
95.0 92.07 48.78 6.3
95.0 92.12 52.33 6.5
95.0 92.11 63.91 6.3
95.0 92.16 55.90 6.1
95.0 92.20 55.96 6.0
95.0 91.93 129.17 6.0
95.0 92.08 33.43 6.2
95.0 91.75 148.72 6.3
95.0 91.79 69.83 6.3
95.0 91.86 51.27 6.7
95.0 91.93 55.51 6.8
95.0 91.86 85.56 6.5
95.0 91.80 90.15 6.7
95.0 91.92 39.75 6.7
95.0 92.11 16.59 6.7
95.0 92.07 79.89 6.3
95.0 92.21 29.05 6.4
95.0 92.24 56.04 6.1
95.0 92.36 29.69 6.1
95.0 92.42 48.57 6.2
95.0 92.06 151.09 5.8
95.0 92.06 66.68 6.2
95.0 92.11 55.82 6.4
95.0 92.11 66.76 6.2
95.0 92.06 77.48 6.2
95.0 92.02 74.96 6.1
95.0 92.07 52.16 6.3
95.0 92.17 48.73 6.2
95.0 92.34 17.52 6.0
95.0 92.50 22.72 6.1
95.0 92.50 56.48 5.8
95.0 92.37 88.66 5.4
95.0 92.39 53.47 5.4
95.0 92.45 41.97 5.7
95.0 92.42 69.45 6.0
95.0 92.38 65.02 5.8
95.0 92.40 56.31 5.8
95.0 92.46 42.00 5.0
95.0 92.47 56.42 5.8
95.0 92.43 67.30 5.8
95.0 92.53 30.39 5.5
95.0 92.67 23.02 5.6
95.0 92.61 67.61 5.4
95.0 92.56 67.52 5.4
95.0 92.56 54.16 5.4
95.0 92.65 34.39 5.2
95.0 92.68 45.69 5.1
95.0 92.62 66.02 5.2
95.0 92.57 67.54 5.4
95.0 92.48 78.18 5.0
95.0 92.44 65.26 5.8
95.0 92.45 56.40 5.4
95.0 92.04 161.36 5.4
95.0 92.14 52.60 6.4
95.0 92.27 29.30 6.8
95.0 92.34 45.11 6.1
95.0 92.27 75.99 6.0
95.0 92.13 98.75 5.8
95.0 92.17 55.91 6.1
95.0 92.39 5.47 6.0
95.0 92.40 56.31 6.0
95.0 92.37 64.98 6.0
95.0 92.39 53.46 5.8
95.0 92.36 67.19 5.4
95.0 92.52 22.75 5.4
95.0 92.43 78.10 5.8
95.0 92.53 30.39 5.6
95.0 92.49 65.46 5.0
95.0 92.45 69.43 5.5
95.0 92.33 87.50 5.5
95.0 92.26 77.81 5.6
95.0 92.24 64.44 5.8
95.0 92.27 59.17 6.0
95.0 92.30 53.09 5.6
95.0 92.32 53.19 5.8
95.0 92.44 34.03 5.7
95.0 92.54 34.20 5.7
95.0 92.58 45.52 5.2
95.0 92.58 54.25 5.2
95.0 92.71 23.08 5.1
95.0 92.65 67.68 5.0
95.0 92.51 88.25 5.2
95.0 92.94 -48.59 5.4
95.0 92.90 58.79 5.6
95.0 92.57 130.24 5.8
95.0 92.56 56.59 6.9
95.0 92.65 30.89 6.3
95.0 92.60 69.34 5.9
95.0 92.59 54.29 5.8
95.0 92.54 67.49 6.0
95.0 92.59 42.53 6.0
95.0 92.77 11.60 5.6
95.0 92.79 45.87 5.5
95.0 92.90 19.84 5.6
95.0 93.14 -6.71 5.6
95.0 93.31 -3.13 5.2
95.0 93.28 46.71 5.0
95.0 93.21 56.85 5.8
95.0 93.37 0.89 5.0
95.0 93.29 57.19 4.7
95.0 93.21 56.88 4.9
95.0 93.06 79.16 4.7
95.0 93.01 57.34 4.8
95.0 92.87 78.48 5.0
95.0 92.67 99.66 5.1
95.0 92.74 31.27 5.3
95.0 92.77 48.36 5.4
95.0 92.66 77.59 5.2
95.0 92.60 65.93 5.6
95.0 92.51 79.62 5.9
95.0 92.56 42.40 5.4
95.0 92.55 56.57 5.5
95.0 92.69 18.97 5.5
95.0 92.72 48.39 5.6
95.0 92.70 54.76 5.2
95.0 92.64 66.09 5.1
95.0 92.59 67.57 5.0
95.0 92.54 67.49 5.1
95.0 92.54 56.54 5.2
95.0 92.41 87.83 5.6
95.0 92.47 42.03 5.4
95.0 92.47 59.05 5.6
95.0 92.44 65.24 5.0
95.0 92.49 45.37 5.3
95.0 92.45 67.34 5.4
95.0 92.51 45.39 5.6
95.0 92.84 -30.52 5.5
95.0 92.81 57.00 5.2
95.0 92.83 48.32 5.5
95.0 92.75 66.56 5.4
95.0 92.69 67.74 5.4
95.0 92.67 54.64 5.6
95.0 92.75 34.56 5.6
95.0 92.82 34.68 5.8
95.0 92.84 43.57 5.2
95.0 93.04 0.33 5.4
95.0 93.17 8.71 4.9
95.0 93.15 43.31 4.6
95.0 93.18 35.29 4.5
95.0 93.08 67.89 4.4
95.0 93.02 58.71 4.5
95.0 93.02 44.32 4.7
95.0 93.15 12.26 4.7
95.0 93.09 57.48 4.5
95.0 92.99 67.55 4.4
95.0 92.95 57.24 4.5
95.0 92.91 55.61 4.6
95.0 92.92 48.27 4.8
95.0 93.26 -41.79 4.7
95.0 93.14 68.50 4.8
95.0 93.04 68.33 5.0
95.0 92.99 57.30 5.2
95.0 92.94 57.23 5.1
95.0 92.73 100.29 5.2
95.0 92.75 48.37 5.4
95.0 92.73 56.87 5.4
95.0 92.76 43.25 5.4
95.0 92.65 78.47 5.4
95.0 92.73 34.52 5.4
95.0 92.76 45.82 5.8
95.0 92.82 31.60 5.0
95.0 92.93 19.97 5.1
95.0 92.89 58.79 5.2
95.0 92.48 152.85 4.9
95.0 92.58 37.82 5.2
95.0 92.53 65.62 5.8
95.0 92.57 48.48 6.1
95.0 92.40 98.92 5.4
95.0 92.41 53.55 5.8
95.0 92.52 34.16 5.8
95.0 92.75 -0.16 5.7
95.0 92.73 56.86 5.4
95.0 92.71 54.79 5.4
95.0 92.48 109.72 5.4
95.0 92.48 59.04 5.6
95.0 92.40 76.53 6.3
95.0 92.46 45.32 5.4
95.0 92.56 34.23 5.9
95.0 92.65 34.38 6.1
95.0 92.64 54.48 5.4
95.0 92.63 54.45 5.5
95.0 92.62 58.96 5.6
95.0 92.61 54.38 5.4
95.0 92.47 88.82 5.3
95.0 92.39 76.49 5.4
95.0 92.50 34.13 5.8
95.0 92.59 34.29 5.8
95.0 92.68 31.00 5.3
95.0 92.71 48.40 5.4
95.0 92.74 43.16 5.2
95.0 92.90 11.83 5.4
95.0 93.10 -4.04 4.9
95.0 93.04 57.39 4.6
95.0 93.04 46.29 4.6
95.0 92.99 55.93 4.8
95.0 92.94 57.23 4.8
95.0 93.18 -11.35 4.7
95.0 92.86 120.62 4.8
95.0 92.92 37.61 5.2
95.0 92.84 67.99 5.2
95.0 92.68 89.17 4.8
95.0 92.71 43.03 5.6
95.0 92.74 45.78 5.5
95.0 92.76 45.83 5.5
95.0 92.74 54.91 5.2
95.0 92.81 34.66 5.2
95.0 92.83 43.53 5.2
95.0 92.63 99.60 5.2
95.0 92.80 7.17 5.2
95.0 92.64 88.76 5.2
95.0 92.63 56.70 5.6
95.0 92.67 45.67 5.6
95.0 92.66 56.74 5.2
95.0 92.74 31.23 5.2
95.0 92.72 56.84 5.2
95.0 92.74 45.80 5.2
95.0 92.91 7.61 5.2
95.0 92.65 110.98 4.8
95.0 92.64 58.94 5.2
95.0 92.68 45.68 5.1
95.0 92.71 43.04 5.2
95.0 92.60 77.37 5.2
95.0 92.78 15.92 5.2
95.0 92.99 -4.48 5.1
95.0 92.94 57.23 4.8
95.0 92.95 44.03 4.6
95.0 92.91 57.17 4.9
95.0 92.92 46.09 4.9
95.0 92.70 100.20 4.8
95.0 92.60 79.57 5.3
95.0 92.55 67.51 5.0
95.0 92.55 56.56 5.4
95.0 92.46 76.77 5.5
95.0 92.47 56.43 5.6
95.0 92.39 78.03 6.0
95.0 92.59 6.29 5.6
95.0 92.77 7.03 5.3
95.0 92.79 43.37 5.4
95.0 92.76 55.01 4.5
95.0 92.65 78.48 4.5
95.0 92.64 54.51 5.0
95.0 92.72 37.73 5.4
95.0 92.75 43.21 5.2
95.0 92.87 23.35 4.9
95.0 93.11 -16.58 4.6
95.0 92.97 79.34 4.8
95.0 92.92 57.20 4.9
95.0 92.84 66.92 5.1
95.0 92.77 69.24 4.9
95.0 92.84 31.65 5.9
95.0 92.76 66.59 4.8
95.0 92.70 67.75 5.1
95.0 92.68 56.78 5.4
95.0 92.62 67.63 5.3
95.0 92.70 31.11 5.3
95.0 92.39 131.44 5.3
95.0 92.45 51.73 5.4
95.0 92.60 18.58 5.8
95.0 92.59 56.63 5.6
95.0 92.41 98.98 5.1
95.0 92.47 48.54 6.0
95.0 92.52 42.26 5.6
95.0 92.71 6.79 5.8
95.0 92.74 45.78 5.3
95.0 92.72 54.81 4.6
95.0 92.88 11.80 5.3
95.0 93.03 8.13 5.0
95.0 92.89 78.57 4.4
95.0 93.00 23.57 4.7
95.0 93.00 44.22 4.8
95.0 92.95 57.24 4.3
95.0 92.95 46.15 4.3
95.0 92.91 57.18 5.3
95.0 93.06 8.24 4.6
95.0 93.01 54.79 4.5
95.0 92.96 58.75 4.5
95.0 92.87 67.06 4.7
95.0 92.89 46.04 4.6
95.0 92.81 66.78 4.6
95.0 92.87 34.76 4.8
95.0 92.84 57.05 4.9
95.0 92.99 7.97 4.7
95.0 92.95 57.23 4.6
95.0 93.04 20.43 4.6
95.0 92.99 55.96 4.5
95.0 92.90 68.10 4.5
95.0 93.05 12.09 4.4
95.0 92.91 78.91 4.3
95.0 92.97 32.19 4.7
95.0 92.79 89.36 4.6
95.0 92.81 45.91 4.8
95.0 92.83 43.54 4.8
95.0 92.80 56.98 4.8
95.0 92.73 66.46 5.3
95.0 92.71 58.90 4.8
95.0 92.83 19.56 5.2
95.0 92.76 66.57 4.8
95.0 92.74 56.88 4.5
95.0 92.90 11.83 4.8
95.0 92.65 110.01 4.7
95.0 92.59 67.58 4.5
95.0 92.59 58.98 5.2
95.0 92.63 42.71 5.3
95.0 92.95 -30.07 5.1
95.0 92.95 48.25 5.6
95.0 92.96 46.16 5.0
95.0 92.96 46.16 5.2
95.0 92.83 78.30 5.0
95.0 92.85 43.60 5.3
95.0 92.95 26.78 5.1
95.0 92.78 89.38 5.2
95.0 92.76 56.91 4.8
95.0 92.78 45.86 5.2
95.0 92.54 109.83 5.2
95.0 92.58 45.53 5.4
95.0 92.49 76.91 5.6
95.0 92.73 4.83 5.4
95.0 92.94 -9.86 5.3
95.0 92.90 57.16 5.2
95.0 93.00 20.26 5.4
95.0 92.91 68.12 5.1
95.0 92.96 34.92 4.8
95.0 92.67 121.87 4.9
95.0 92.88 4.74 5.2
95.0 92.85 55.37 4.7
95.0 92.77 66.64 5.0
95.0 92.84 34.71 5.1
95.0 92.77 66.61 5.1
95.0 92.79 48.35 5.0
95.0 92.81 43.46 5.0
95.0 92.83 45.94 5.0
95.0 92.63 99.60 5.0
95.0 92.44 99.11 5.0
95.0 92.50 45.38 5.3
95.0 92.69 6.70 6.0
95.0 92.90 0.09 5.4
95.0 92.91 41.66 4.9
95.0 92.92 43.91 4.7
95.0 92.88 57.12 4.6
95.0 92.85 57.07 4.7
95.0 92.77 67.88 4.3
95.0 92.98 -4.51 4.5
95.0 92.94 55.73 4.8
95.0 92.94 48.25 5.1
95.0 92.81 78.24 4.7
95.0 92.70 78.55 5.0
95.0 92.64 67.65 5.4
95.0 92.54 78.29 5.1
95.0 92.45 76.74 5.2
95.0 92.51 42.20 5.8
95.0 92.56 48.49 5.4
95.0 92.60 42.58 5.4
95.0 92.68 34.44 5.4
95.0 92.67 54.62 5.2
95.0 92.75 34.55 5.5
95.0 92.91 11.85 5.0
95.0 92.74 89.22 5.0
95.0 92.91 11.84 5.0
95.0 93.35 -60.57 5.0
95.0 93.40 26.51 5.5
95.0 93.60 -14.57 5.1
95.0 93.36 89.20 5.3
95.0 93.28 57.79 4.7
95.0 93.21 56.84 5.4
95.0 93.18 46.54 5.2
95.0 93.08 68.39 5.2
95.0 92.93 78.73 5.2
95.0 92.76 89.31 5.4
95.0 93.02 -16.96 5.6
95.0 93.11 29.51 5.4
95.0 93.01 67.61 5.6
95.0 92.87 78.85 5.8
95.0 92.75 77.98 5.8
95.0 92.78 45.85 5.7
95.0 92.75 56.91 5.8
95.0 92.73 54.88 5.5
95.0 92.76 48.37 5.6
95.0 92.56 99.61 5.6
95.0 92.47 76.82 5.8
95.0 92.43 67.31 5.9
95.0 92.45 56.39 6.1
95.0 92.37 77.99 6.0
95.0 92.30 76.09 6.0
95.0 92.15 98.79 6.3
95.0 92.47 -12.56 6.3
95.0 92.39 78.02 6.1
95.0 92.45 45.29 6.5
95.0 92.46 53.73 6.3
95.0 92.42 69.45 5.8
95.0 92.57 18.47 6.2
95.0 92.48 76.84 5.9
95.0 92.57 37.82 5.6
95.0 92.57 54.21 5.8
95.0 92.52 67.46 5.9
95.0 92.39 87.78 5.6
95.0 92.36 69.48 6.1
95.0 92.38 53.43 6.0
95.0 92.73 -30.98 5.7
95.0 92.71 58.90 5.6
95.0 92.65 67.67 6.0
95.0 92.64 56.71 5.8
95.0 92.63 54.44 6.0
95.0 92.90 -17.47 6.0
95.0 92.86 60.57 5.8
95.0 92.66 100.00 5.7
95.0 92.78 26.89 6.1
95.0 92.85 34.72 6.0
95.0 92.82 57.01 5.9
95.0 92.83 43.56 6.2
95.0 92.90 31.90 5.7
95.0 92.91 48.27 5.5
95.0 92.96 32.16 5.2
95.0 92.96 46.17 5.4
95.0 92.97 44.10 5.5
95.0 92.83 78.78 5.1
95.0 92.94 23.48 5.2
95.0 92.86 66.99 5.3
95.0 92.70 89.20 5.2
95.0 92.68 56.78 5.5
95.0 92.58 78.35 5.4
95.0 92.95 -43.05 5.4
95.0 92.74 99.53 5.6
95.0 92.67 67.71 5.8
95.0 92.66 54.58 6.0
95.0 92.88 0.06 6.0
95.0 92.76 78.00 5.6
95.0 92.69 66.30 5.3
95.0 92.63 67.65 5.7
95.0 92.90 -17.45 6.1
95.0 92.87 60.56 5.8
95.0 92.83 55.30 6.4
95.0 92.85 45.97 5.7
95.0 92.82 55.24 5.6
95.0 92.75 67.84 5.6
95.0 92.77 45.84 5.6
95.0 92.66 77.60 5.6
95.0 92.65 58.94 6.0
95.0 92.51 88.24 5.4
95.0 92.42 76.61 5.8
95.0 92.62 11.35 5.8
95.0 92.65 45.65 5.9
95.0 92.78 23.20 5.7
95.0 92.38 152.42 5.2
95.0 92.39 59.10 5.8
95.0 92.41 56.32 6.1
95.0 92.38 65.00 6.5
95.0 92.53 22.78 6.1
95.0 92.76 -5.41 5.6
95.0 92.74 58.88 5.8
95.0 92.59 88.59 5.6
95.0 92.50 76.92 5.1
95.0 92.50 59.03 6.0
95.0 92.55 42.38 5.8
95.0 92.50 67.43 5.8
95.0 92.46 65.36 6.5
95.0 92.47 59.05 5.9
95.0 92.66 6.60 5.9
95.0 92.65 52.37 5.6
95.0 92.64 56.71 5.4
95.0 92.67 45.68 5.5
95.0 92.71 45.73 5.4
95.0 92.78 31.42 5.5
95.0 92.80 43.42 5.2
95.0 92.96 15.81 5.6
95.0 92.87 67.05 5.0
95.0 92.98 23.53 4.8
95.0 92.98 46.19 4.8
95.0 92.89 67.12 4.8
95.0 92.81 67.95 4.7
95.0 92.65 88.85 5.1
95.0 92.69 48.41 4.5
95.0 92.63 66.03 5.1
95.0 92.32 129.82 5.3
95.0 92.21 88.38 5.6
95.0 92.24 56.04 5.8
95.0 92.32 45.08 6.0
95.0 92.34 53.26 5.8
95.0 92.36 56.24 5.6
95.0 92.34 67.14 5.6
95.0 92.31 64.72 5.6
95.0 92.12 109.12 5.8
95.0 92.25 38.02 5.8
95.0 92.24 66.97 6.2
95.0 92.22 64.35 5.8
95.0 92.39 22.54 5.9
95.0 92.41 56.32 5.9
95.0 92.46 42.03 5.5
95.0 92.47 56.43 5.7
95.0 92.48 53.83 4.5
95.0 92.40 79.69 5.4
95.0 92.41 53.55 5.9
95.0 92.17 119.81 5.5
95.0 92.12 79.86 6.7
95.0 91.86 129.04 6.3
95.0 91.93 59.38 6.5
95.0 91.90 74.46 6.6
95.0 91.67 129.31 6.7
95.0 91.71 66.09 7.0
95.0 92.43 -113.34 6.4
95.0 92.36 81.55 7.2
95.0 92.46 34.08 7.8
95.0 92.26 109.35 7.9
95.0 92.38 33.92 7.3
95.0 92.35 67.16 7.4
95.0 92.37 56.25 7.1
95.0 92.62 -6.02 7.1
95.0 92.52 78.25 6.9
95.0 92.43 78.11 6.8
95.0 92.49 45.37 6.9
95.0 92.45 65.30 6.5
95.0 92.46 53.75 6.2
95.0 92.42 69.45 6.5
95.0 92.39 65.05 6.3
95.0 92.36 67.19 6.7
95.0 92.52 18.25 7.3
95.0 92.35 99.77 7.0
95.0 92.36 53.36 6.3
95.0 92.38 53.43 6.4
95.0 92.49 34.12 6.9
95.0 92.45 67.34 6.0
95.0 92.24 109.33 5.9
95.0 92.23 66.96 6.2
95.0 92.26 56.07 6.5
95.0 92.20 77.71 6.3
95.0 92.19 64.22 6.5
95.0 92.70 -61.65 6.3
95.0 92.69 58.92 6.7
95.0 92.81 23.25 6.7
95.0 92.74 66.50 6.4
95.0 92.72 54.83 6.3
95.0 92.66 69.30 6.2
95.0 92.60 65.92 6.3
95.0 92.55 67.51 5.8
95.0 92.46 76.78 6.3
95.0 92.56 34.24 6.1
95.0 92.34 109.50 6.3
95.0 92.36 56.25 6.3
95.0 92.47 37.88 6.2
95.0 92.43 65.23 6.1
95.0 92.49 45.37 6.3
95.0 92.32 98.61 6.3
95.0 92.34 56.21 6.1
95.0 92.36 56.25 6.0
95.0 92.38 53.42 6.7
95.0 92.40 56.30 6.0
95.0 92.32 77.92 6.1
95.0 92.44 29.99 6.0
95.0 92.36 77.98 6.0
95.0 92.33 64.81 5.8
95.0 92.22 89.89 6.1
95.0 92.21 64.30 6.0
95.0 92.20 66.91 6.2
95.0 92.32 33.84 6.3
95.0 92.30 64.68 6.1
95.0 92.32 56.18 6.0
95.0 92.39 41.72 6.1
95.0 92.50 37.87 5.6
95.0 92.37 87.68 5.7
95.0 92.21 98.16 6.2
95.0 92.29 45.03 6.1
95.0 92.27 67.03 5.9
95.0 92.21 77.73 6.5
95.0 92.24 52.86 5.8
95.0 92.27 56.09 6.0
95.0 92.35 45.12 5.9
95.0 92.23 87.11 5.4
95.0 92.40 22.56 6.1
95.0 92.28 87.32 5.8
95.0 92.22 79.79 5.6
95.0 92.21 64.30 6.3
95.0 92.20 64.25 6.0
95.0 92.23 59.20 6.0
95.0 92.31 41.38 6.1
95.0 92.29 67.06 5.6
95.0 92.27 64.54 5.8
95.0 92.39 37.93 5.6
95.0 92.31 76.16 6.1
95.0 92.21 86.99 6.1
95.0 92.24 56.04 6.0
95.0 92.22 66.96 6.0
95.0 92.26 56.06 5.8
95.0 92.24 64.43 6.0
95.0 92.36 29.68 6.1
95.0 92.38 59.11 5.6
95.0 92.22 98.19 6.0
95.0 92.00 119.16 5.8
95.0 91.88 100.06 6.3
95.0 91.90 69.76 6.5
95.0 91.96 51.70 6.5
95.0 92.02 51.93 6.5
95.0 92.12 48.75 6.4
95.0 91.99 97.22 6.3
95.0 92.09 44.69 6.1
95.0 92.04 75.05 6.2
95.0 92.05 66.66 6.9
95.0 92.19 33.61 6.7
95.0 92.22 52.78 6.2
95.0 92.30 45.05 6.1
95.0 92.24 77.77 6.1
95.0 92.27 52.95 6.0
95.0 92.53 -0.54 5.7
95.0 92.44 78.11 5.8
95.0 92.41 67.26 5.7
95.0 92.33 76.24 6.0
95.0 92.35 56.23 6.7
95.0 92.33 67.13 5.9
95.0 92.30 64.69 6.0
95.0 92.20 88.36 5.4
95.0 92.19 64.21 5.9
95.0 91.96 119.55 6.2
95.0 91.98 66.54 6.1
95.0 92.03 51.99 7.2
95.0 92.13 44.76 6.5
95.0 92.13 66.79 6.1
95.0 92.40 -0.76 6.1
95.0 92.33 76.21 6.3
95.0 92.30 69.52 6.5
95.0 92.33 53.20 6.4
95.0 92.30 64.69 6.1
95.0 92.51 11.17 5.9
95.0 92.56 45.48 6.0
95.0 92.47 78.16 5.7
95.0 92.35 87.58 5.7
95.0 92.32 64.76 5.8
95.0 92.39 48.59 5.9
95.0 92.40 53.51 6.0
95.0 92.42 56.34 5.2
95.0 92.38 65.03 5.8
95.0 92.54 27.04 5.9
95.0 92.63 30.79 5.7
95.0 92.62 54.41 5.3
95.0 92.57 69.36 5.6
95.0 92.56 54.19 5.0
95.0 92.47 78.17 5.5
95.0 92.53 42.28 5.4
95.0 92.57 45.51 5.4
95.0 92.57 56.60 5.6
95.0 92.48 76.85 5.3
95.0 92.58 34.26 5.7
95.0 92.57 56.60 5.6
95.0 92.66 34.40 5.2
95.0 92.69 42.97 5.6
95.0 92.59 77.31 5.6
95.0 92.54 69.37 5.2
95.0 92.63 30.80 5.6
95.0 92.62 56.68 5.3
95.0 92.70 34.48 5.3
95.0 92.73 43.14 5.0
95.0 92.67 67.71 5.2
95.0 92.48 99.28 6.0
95.0 92.44 69.43 4.6
95.0 92.54 30.44 5.5
95.0 92.59 42.54 5.2
95.0 92.67 34.43 5.2
95.0 92.66 56.75 5.4
95.0 92.74 34.54 5.0
95.0 92.59 88.58 5.4
95.0 92.54 67.49 5.2
95.0 92.37 99.16 5.4
95.0 92.13 119.64 5.2
95.0 92.21 48.69 5.8
95.0 92.29 45.03 6.0
95.0 92.32 56.17 6.0
95.0 92.52 6.02 5.8
95.0 92.48 63.52 5.6
95.0 92.40 79.69 5.5
95.0 92.28 87.31 5.5
95.0 92.31 56.15 5.9
95.0 92.33 53.22 6.1
95.0 92.31 69.52 5.5
95.0 92.47 18.05 5.8
95.0 92.85 -43.46 5.2
95.0 92.82 58.83 5.8
95.0 92.84 45.96 5.6
95.0 92.76 67.87 5.6
95.0 92.74 54.92 5.5
95.0 92.68 67.72 5.6
95.0 92.58 78.35 5.7
95.0 92.71 19.05 6.1
95.0 92.83 23.28 5.5
95.0 92.76 67.85 5.2
95.0 92.87 23.36 5.3
95.0 92.62 110.84 5.2
95.0 92.57 67.54 5.5
95.0 92.57 58.99 5.5
95.0 92.80 -5.28 5.5
95.0 92.73 67.80 5.8
95.0 92.75 43.22 5.6
95.0 92.73 56.87 5.4
95.0 92.71 56.84 5.4
95.0 92.65 66.13 5.3
95.0 92.64 58.95 5.4
95.0 92.86 -5.01 5.6
95.0 92.83 57.03 5.4
95.0 92.80 55.16 5.5
95.0 92.77 56.94 5.5
95.0 92.75 56.90 5.4
95.0 92.91 7.64 5.6
95.0 92.83 66.88 5.2
95.0 92.80 56.99 5.3
95.0 92.78 55.07 5.2
95.0 92.89 23.39 5.2
95.0 92.72 89.14 4.9
95.0 92.71 58.91 4.7
95.0 92.87 7.47 4.8
95.0 92.80 65.66 5.2
95.0 92.91 23.41 5.2
95.0 92.87 57.10 4.3
95.0 92.88 46.03 4.8
95.0 92.89 43.80 5.0
95.0 93.04 15.76 5.0
95.0 92.99 55.95 4.7
95.0 93.08 20.60 4.5
95.0 93.07 46.36 4.0
95.0 93.20 12.35 4.5
95.0 93.23 35.37 4.2
95.0 93.07 79.30 4.3
95.0 93.02 56.07 4.3
95.0 92.97 58.75 4.5
95.0 92.88 67.09 4.1
95.0 92.81 67.94 4.7
95.0 92.78 55.07 4.7
95.0 92.54 109.83 4.8
95.0 92.32 109.62 5.3
95.0 92.53 11.20 5.5
95.0 92.58 48.48 5.5
95.0 92.53 65.62 5.1
95.0 92.71 11.51 5.3
95.0 92.70 54.73 5.2
95.0 92.72 45.76 5.0
95.0 92.45 119.92 4.5
95.0 92.60 22.89 5.3
95.0 92.55 67.50 5.1
95.0 92.55 56.55 4.9
95.0 92.50 67.42 5.3
95.0 92.50 53.93 5.2
95.0 92.55 42.39 5.2
95.0 92.60 48.46 5.4
95.0 92.92 -30.18 5.2
95.0 92.88 58.80 5.4
95.0 92.98 23.55 5.4
95.0 92.94 55.74 5.2
95.0 92.81 78.75 5.0
95.0 92.57 110.62 5.3
95.0 92.57 61.39 5.4
95.0 92.65 30.90 5.6
95.0 92.69 45.70 5.4
95.0 92.67 54.64 5.5
95.0 92.75 34.56 5.4
95.0 92.73 56.87 5.2
95.0 92.94 -4.67 4.9
95.0 92.86 69.18 5.8
95.0 92.87 43.71 5.2
95.0 93.07 -4.15 4.9
95.0 93.06 46.33 5.6
95.0 93.05 46.32 5.0
95.0 93.14 23.81 5.0
95.0 93.12 44.76 5.0
95.0 92.89 100.05 4.8
95.0 92.95 37.59 5.2
95.0 92.95 44.05 5.0
95.0 92.91 57.17 4.8
95.0 92.83 66.87 4.9
95.0 92.80 58.85 4.7
95.0 92.64 88.81 5.1
95.0 92.63 54.47 5.4
95.0 92.49 88.86 5.0
95.0 92.54 45.46 4.6
95.0 92.54 56.55 5.3
95.0 92.54 54.09 5.3
95.0 92.63 37.78 5.5
95.0 92.67 42.87 5.1
95.0 92.79 19.39 5.4
95.0 93.00 0.26 5.2
95.0 93.00 44.23 4.8
95.0 92.95 57.24 4.4
95.0 92.96 44.06 4.7
95.0 92.87 67.04 4.8
95.0 92.71 89.59 4.8
95.0 92.69 54.70 5.0
95.0 92.42 119.87 5.0
95.0 92.43 56.36 5.3
95.0 92.44 56.38 5.5
95.0 92.68 -0.28 4.8
95.0 92.49 99.32 5.4
95.0 92.50 59.03 5.8
95.0 92.50 53.93 5.7
95.0 92.60 34.30 5.5
95.0 92.46 88.05 5.3
95.0 92.47 56.43 5.9
95.0 92.43 67.31 5.6
95.0 92.49 42.12 5.0
95.0 92.45 67.33 5.7
95.0 92.46 56.41 5.6
95.0 92.60 18.61 5.8
95.0 92.60 56.64 5.5
95.0 92.77 7.07 5.4
95.0 92.71 67.77 5.4
95.0 92.74 43.15 4.7
95.0 93.00 -11.66 5.1
95.0 92.91 69.15 4.5
95.0 92.91 43.89 5.2
95.0 92.97 34.93 5.0
95.0 92.92 55.68 5.0
95.0 93.07 15.75 4.8
95.0 93.02 56.06 4.9
95.0 92.97 55.86 4.6
95.0 92.88 68.07 5.1
95.0 92.85 57.07 4.9
95.0 93.10 -11.49 4.9
95.0 92.95 78.99 5.0
95.0 92.91 57.17 5.1
95.0 92.88 57.11 5.1
95.0 92.75 77.99 5.4
95.0 92.87 23.35 5.8
95.0 92.84 57.05 5.3
95.0 92.81 57.00 5.6
95.0 92.74 66.48 5.2
95.0 92.81 31.53 5.3
95.0 92.92 26.80 5.1
95.0 92.71 100.20 4.8
95.0 92.56 89.68 4.5
95.0 92.56 54.15 5.4
95.0 92.56 59.00 5.4
95.0 92.64 30.86 5.9
95.0 92.63 54.47 5.3
95.0 92.58 67.56 5.3
95.0 92.58 56.61 5.0
95.0 92.57 56.60 5.2
95.0 92.61 42.64 5.4
95.0 92.70 34.47 4.7
95.0 92.59 78.38 5.2
95.0 92.50 76.94 5.2
95.0 92.46 67.35 5.6
95.0 92.47 56.43 5.8
95.0 92.71 -0.24 5.4
95.0 92.87 7.48 5.4
95.0 92.84 53.66 5.4
95.0 92.90 37.62 5.0
95.0 92.87 55.43 4.9
95.0 92.66 99.65 5.1
95.0 92.60 65.93 5.2
95.0 92.60 56.64 5.4
95.0 93.07 -61.04 5.5
95.0 92.97 68.22 5.6
95.0 93.11 15.72 6.1
95.0 93.19 21.05 5.6
95.0 93.04 79.18 5.2
95.0 93.04 46.29 5.6
95.0 92.99 57.30 5.6
95.0 92.85 78.82 5.4
95.0 92.91 31.97 5.6
95.0 92.88 57.11 6.0
95.0 92.84 57.06 5.4
95.0 93.00 7.98 5.4
95.0 92.91 67.19 5.4
95.0 92.91 43.89 5.1
95.0 92.83 69.20 5.0
95.0 92.76 66.58 5.3
95.0 92.69 66.30 5.3
95.0 92.63 67.65 5.6
95.0 92.90 -11.82 5.4
95.0 92.96 37.59 5.3
95.0 92.83 78.30 5.8
95.0 92.80 58.85 5.3
95.0 92.86 31.77 5.4
95.0 92.66 100.00 5.4
95.0 92.56 79.59 5.3
95.0 92.56 56.57 5.6
95.0 92.60 45.55 5.6
95.0 92.59 54.31 5.5
95.0 92.63 42.73 5.6
95.0 92.67 48.42 5.5
95.0 92.66 54.57 5.5
95.0 92.74 34.53 5.6
95.0 92.81 31.53 5.7
95.0 92.74 69.26 4.9
95.0 92.76 43.25 5.3
95.0 92.78 43.35 5.4
95.0 92.54 109.48 5.0
95.0 92.87 -23.96 5.2
95.0 92.84 58.82 5.4
95.0 92.77 66.60 5.6
95.0 92.70 67.76 5.4
95.0 92.77 34.60 5.7
95.0 92.79 43.39 5.6
95.0 92.68 78.52 5.2
95.0 92.80 23.24 5.4
95.0 93.06 -11.56 5.2
95.0 93.01 57.33 5.3
95.0 93.05 35.07 5.4
95.0 93.18 12.31 5.2
95.0 93.21 33.20 4.9
95.0 93.23 35.38 4.8
95.0 93.16 57.60 4.4
95.0 93.06 67.81 4.8
95.0 92.96 68.20 4.6
95.0 92.92 55.66 4.9
95.0 92.93 48.26 4.9
95.0 93.02 20.35 5.2
95.0 93.11 23.76 4.8
95.0 93.15 32.94 4.5
95.0 93.09 57.47 4.5
95.0 92.77 120.48 4.5
95.0 92.71 67.77 4.9
95.0 92.69 58.91 5.1
95.0 92.68 54.64 5.0
95.0 92.66 54.59 5.0
95.0 92.65 56.73 5.2
95.0 92.64 56.71 5.4
95.0 92.67 45.68 5.6
95.0 92.71 43.02 5.0
95.0 92.73 45.78 5.2
95.0 92.58 89.01 5.4
95.0 92.41 98.96 5.3
95.0 92.42 56.34 5.4
95.0 92.62 6.40 5.4
95.0 92.61 56.66 5.4
95.0 92.60 54.34 5.6
95.0 92.64 42.75 5.3
95.0 92.50 88.87 5.0
95.0 92.50 56.48 5.1
95.0 92.51 56.49 5.2
95.0 92.69 6.73 5.3
95.0 92.59 77.31 5.0
95.0 92.59 56.62 5.7
95.0 92.67 30.97 5.0
95.0 92.66 56.75 5.0
95.0 92.78 23.21 5.0
95.0 92.76 56.92 5.0
95.0 92.87 19.73 4.7
95.0 93.02 8.10 4.6
95.0 92.98 57.28 4.4
95.0 92.98 44.15 4.5
95.0 92.93 57.21 4.3
95.0 92.94 43.99 4.5
95.0 92.86 68.02 4.4
95.0 92.78 67.89 4.8
95.0 92.99 -4.49 5.0
95.0 92.99 48.22 4.5
95.0 92.99 44.19 4.8
95.0 92.81 89.51 4.6
95.0 92.78 56.96 4.9
95.0 92.81 45.90 5.0
95.0 92.44 140.02 4.8
95.0 92.50 45.38 5.3
95.0 92.50 56.48 6.3
95.0 92.46 67.35 5.4
95.0 92.47 53.78 5.1
95.0 92.52 45.42 5.3
95.0 92.57 42.45 5.6
95.0 92.61 48.46 5.2
95.0 92.60 54.34 5.2
95.0 92.60 54.32 5.2
95.0 92.68 37.75 6.0
95.0 92.67 54.61 6.0
95.0 92.57 78.33 5.2
95.0 92.48 76.84 5.2
95.0 92.44 69.44 6.3
95.0 92.45 53.70 5.6
95.0 92.33 87.50 5.6
95.0 92.63 -12.29 5.7
95.0 92.62 58.96 5.2
95.0 92.66 45.65 5.2
95.0 92.64 54.52 5.8
95.0 92.77 19.31 5.8
95.0 92.79 48.34 5.6
95.0 92.68 77.68 5.7
95.0 92.67 56.76 5.3
95.0 92.65 56.74 5.4
95.0 92.64 56.72 5.6
95.0 92.68 42.91 5.6
95.0 92.89 -4.87 5.0
95.0 92.86 58.81 5.3
95.0 92.83 55.28 5.8
95.0 92.67 89.15 5.6
95.0 92.66 54.56 5.4
95.0 92.69 45.70 5.1
95.0 92.67 56.77 5.4
95.0 92.53 88.34 5.5
95.0 92.96 -48.56 5.5
95.0 92.87 69.17 5.7
95.0 92.88 46.04 5.8
95.0 92.90 43.81 5.9
95.0 92.73 89.26 5.7
95.0 92.58 89.00 5.8
95.0 92.58 54.23 6.0
95.0 92.76 11.59 6.0
95.0 92.87 23.36 5.6
95.0 92.75 77.97 5.4
95.0 92.73 56.86 5.3
95.0 92.80 31.50 6.1
95.0 92.91 26.81 5.8
95.0 92.83 66.87 5.4
95.0 92.89 34.80 5.0
95.0 92.86 55.40 5.1
95.0 92.83 57.03 5.1
95.0 92.62 99.59 5.2
95.0 92.61 54.39 5.3
95.0 92.48 88.83 5.4
95.0 92.44 67.32 5.4
95.0 92.45 53.71 5.8
95.0 92.33 88.58 5.6
95.0 92.44 34.03 5.4
95.0 92.40 67.26 5.8
95.0 92.33 76.23 6.0
95.0 92.54 6.07 5.8
95.0 92.91 -36.17 5.8
95.0 92.83 67.98 5.7
95.0 92.80 56.99 6.7
95.0 92.78 55.07 5.6
95.0 92.67 79.53 5.8
95.0 92.61 65.95 5.6
95.0 92.60 54.34 6.0
95.0 92.60 56.64 5.8
95.0 92.42 99.24 5.9
95.0 92.47 45.34 5.8
95.0 92.53 42.28 5.9
95.0 92.44 78.12 5.8
95.0 92.54 34.20 5.8
95.0 92.68 18.91 5.7
95.0 92.71 45.74 5.6
95.0 92.78 34.61 5.4
95.0 92.76 56.92 5.6
95.0 92.69 66.30 4.8
95.0 92.63 66.05 5.6
95.0 92.71 37.74 5.4
95.0 92.83 19.56 4.8
95.0 92.80 56.99 4.9
95.0 92.78 55.07 5.0
95.0 92.58 99.52 5.1
95.0 92.58 56.61 5.2
95.0 92.44 87.97 5.0
95.0 92.59 27.00 6.0
95.0 92.72 19.10 5.1
95.0 92.75 43.20 5.4
95.0 92.73 56.86 4.7
95.0 92.66 67.70 5.0
95.0 92.52 88.91 5.3
95.0 92.39 87.77 5.3
95.0 92.36 67.19 5.4
95.0 92.34 67.14 5.6
95.0 92.45 30.04 6.5
95.0 92.41 67.27 5.6
95.0 92.66 -5.86 5.3
95.0 92.60 69.34 5.5
95.0 92.55 65.71 6.0
95.0 92.33 109.65 5.9
95.0 92.40 51.87 5.8
95.0 92.33 76.21 5.6
95.0 92.39 45.20 5.4
95.0 92.50 30.25 5.8
95.0 92.55 48.49 5.8
95.0 92.64 30.83 5.6
95.0 92.58 65.85 5.2
95.0 92.53 67.48 5.9
95.0 92.53 56.54 5.5
95.0 92.58 45.52 5.5
95.0 92.53 65.64 5.5
95.0 92.45 76.71 5.7
95.0 92.41 69.45 5.6
95.0 92.65 -5.86 5.4
95.0 92.60 67.59 5.4
95.0 92.55 67.50 5.5
95.0 92.50 67.43 5.8
95.0 92.42 76.60 5.9
95.0 92.48 42.07 5.8
95.0 92.31 99.80 6.0
95.0 92.33 53.22 6.0
95.0 92.31 67.10 6.0
95.0 92.61 -18.65 6.1
95.0 92.56 69.36 5.9
95.0 92.70 23.06 6.0
95.0 92.59 77.32 5.8
95.0 92.50 78.21 5.8
95.0 92.37 88.65 5.8
95.0 92.39 56.29 6.0
95.0 92.36 64.92 6.1
95.0 92.38 56.27 6.3
95.0 92.35 67.17 6.0
95.0 92.55 6.15 6.0
95.0 92.51 65.53 5.8
95.0 92.42 78.09 5.5
95.0 92.39 65.05 5.8
95.0 92.50 34.13 5.8
95.0 92.28 109.44 5.7
95.0 92.59 -0.75 5.8
95.0 92.29 131.01 5.8
95.0 92.36 48.61 6.1
95.0 92.47 30.12 6.3
95.0 92.61 22.91 6.0
95.0 92.56 67.52 5.6
95.0 92.51 65.56 5.8
95.0 92.52 59.02 5.8
95.0 92.52 53.99 4.9
95.0 92.43 76.66 6.0
95.0 92.44 56.38 6.0
95.0 92.41 67.27 6.0
95.0 92.33 77.94 5.8
95.0 92.27 75.97 5.7
95.0 91.80 180.63 6.1
95.0 91.78 83.13 6.7
95.0 91.86 51.27 6.7
95.0 91.84 77.10 6.6
95.0 92.00 28.19 6.9
95.0 92.06 59.30 6.6
e 80.7134518623352