55.0  225.70 0.0
55.0 44.60 223.31 0.0
55.0 44.57 255.00 0.0
55.0 44.56 244.47 0.0
55.0 
55.0 44.53 255.00 0.0
55.0 44.45 255.00 0.0
55.0 44.38 255.00 0.3
55.0 44.21 255.00 0.8
55.0 44.17 179.66 2.2
55.0 44.11 255.00 3.7
55.0 44.09 255.00 5.7
55.0 44.08 254.87 7.4
55.0 43.92 255.00 9.5
55.0 43.88 255.00 10.9
55.0 43.79 255.00 12.5
55.0 43.79 255.00 13.8
55.0 43.86 255.00 15.1
55.0 43.80 255.00 16.3
55.0 43.75 255.00 17.6
55.0 43.80 255.00 18.4
55.0 43.78 255.00 19.4
55.0 43.73 255.00 20.2
55.0 43.71 255.00 20.8
55.0 43.81 250.82 21.6
55.0 43.78 255.00 22.1
55.0 43.71 255.00 22.4
55.0 43.75 255.00 23.2
55.0 43.71 255.00 23.6
55.0 43.74 255.00 24.0
55.0 43.70 255.00 24.4
55.0 43.69 255.00 24.8
55.0 43.69 255.00 25.1
55.0 43.69 255.00 25.3
55.0 43.67 255.00 26.0
55.0 43.65 255.00 26.9
55.0 43.65 255.00 26.6
55.0 43.65 255.00 26.2
55.0 43.67 255.00 26.0
55.0 43.67 255.00 26.5
55.0 43.66 255.00 26.7
55.0 43.65 255.00 26.7
55.0 43.63 255.00 26.8
55.0 43.68 255.00 27.6
55.0 43.79 233.85 26.7
55.0 43.84 255.00 27.1
55.0 43.74 255.00 27.0
55.0 43.67 255.00 26.9
55.0 43.65 255.00 27.0
55.0 43.66 255.00 27.2
55.0 43.72 255.00 27.2
55.0 43.68 255.00 27.2
55.0 43.69 255.00 27.3
55.0 43.67 255.00 27.2
55.0 43.65 255.00 28.4
55.0 43.67 255.00 27.8
55.0 43.66 255.00 27.3
55.0 43.65 255.00 26.8
55.0 43.64 255.00 27.1
55.0 43.63 255.00 27.8
55.0 43.72 255.00 26.8
55.0 43.62 255.00 26.7
55.0 43.62 255.00 27.4
55.0 43.68 253.09 27.1
55.0 43.65 255.00 26.9
55.0 43.64 255.00 27.0
55.0 43.69 255.00 27.0
55.0 43.68 255.00 26.9
55.0 43.66 255.00 27.3
55.0 43.70 255.00 26.6
55.0 43.68 255.00 26.6
55.0 43.67 255.00 26.9
55.0 43.68 255.00 26.5
55.0 43.69 255.00 27.3
55.0 43.78 254.46 26.8
55.0 43.76 255.00 26.4
55.0 43.79 255.00 26.7
55.0 43.80 255.00 26.4
55.0 43.85 255.00 26.6
55.0 43.92 243.51 26.4
55.0 43.88 255.00 26.3
55.0 43.90 255.00 25.5
55.0 43.90 255.00 26.9
55.0 43.91 255.00 26.0
55.0 43.93 255.00 26.5
55.0 43.97 252.17 26.2
55.0 43.98 255.00 26.3
55.0 44.03 255.00 25.8
55.0 43.99 255.00 25.8
55.0 44.02 252.77 26.0
55.0 43.98 255.00 25.9
55.0 44.05 255.00 26.0
55.0 44.09 249.46 26.0
55.0 44.09 255.00 27.0
55.0 44.11 255.00 25.2
55.0 44.14 255.00 26.0
55.0 44.15 254.26 25.8
55.0 44.27 247.31 25.6
55.0 44.23 255.00 25.6
55.0 44.24 255.00 25.5
55.0 44.27 247.32 25.6
55.0 44.33 255.00 25.3
55.0 44.46 212.13 25.5
55.0 44.48 255.00 24.8
55.0 44.50 255.00 25.2
55.0 44.52 246.01 25.2
55.0 44.55 253.08 24.4
55.0 44.55 255.00 24.8
55.0 44.59 249.47 24.7
55.0 44.67 222.76 25.1
55.0 44.65 255.00 24.8
55.0 44.67 254.09 24.7
55.0 44.75 231.11 24.7
55.0 44.78 236.51 23.9
55.0 44.82 254.24 24.4
55.0 44.85 233.14 24.7
55.0 44.86 251.73 24.5
55.0 44.84 255.00 24.3
55.0 44.90 221.23 24.3
55.0 44.98 229.00 24.2
55.0 44.98 238.75 24.0
55.0 45.02 247.89 22.8
55.0 45.05 231.16 23.9
55.0 45.10 230.07 24.1
55.0 45.17 226.61 23.9
55.0 45.18 242.59 23.9
55.0 45.19 232.71 23.4
55.0 45.25 223.32 23.4
55.0 45.27 239.38 23.3
55.0 45.35 216.10 24.4
55.0 45.40 214.15 23.3
55.0 45.46 231.40 22.9
55.0 45.49 219.32 23.1
55.0 45.60 190.83 22.5
55.0 45.69 217.31 22.2
55.0 45.73 209.30 22.4
55.0 45.77 219.55 22.2
55.0 45.84 197.73 21.7
55.0 45.94 207.10 21.6
55.0 46.00 195.29 21.6
55.0 46.01 221.60 21.2
55.0 46.07 205.89 20.7
55.0 46.11 210.29 21.7
55.0 46.19 184.52 21.0
55.0 46.28 201.28 21.0
55.0 46.38 177.87 20.7
55.0 46.40 199.67 20.4
55.0 46.47 192.82 20.4
55.0 46.59 173.14 20.4
55.0 46.68 182.17 19.8
55.0 46.69 194.35 19.7
55.0 46.72 207.70 19.4
55.0 46.79 173.77 19.7
55.0 46.82 195.78 19.6
55.0 46.88 174.80 19.2
55.0 46.93 197.13 19.2
55.0 46.99 171.64 18.7
55.0 47.06 177.10 18.9
55.0 47.13 177.63 19.1
55.0 47.20 165.13 18.4
55.0 47.26 174.56 18.4
55.0 47.31 179.11 17.9
55.0 47.37 171.28 18.1
55.0 47.43 163.27 18.1
55.0 47.51 164.00 16.7
55.0 47.58 164.58 17.6
55.0 47.65 160.99 17.5
55.0 47.70 161.80 17.6
55.0 47.76 170.03 17.2
55.0 47.88 132.55 17.3
55.0 47.95 154.99 17.0
55.0 47.86 204.47 16.6
55.0 47.91 155.32 16.4
55.0 48.00 146.90 16.5
55.0 48.19 104.04 16.4
55.0 48.24 160.68 15.9
55.0 48.30 141.76 15.9
55.0 48.44 124.59 16.1
55.0 48.50 142.47 15.3
55.0 48.56 142.97 14.6
55.0 48.62 136.18 15.0
55.0 48.59 174.80 15.0
55.0 48.65 132.05 15.1
55.0 48.76 122.94 15.1
55.0 48.84 124.95 14.6
55.0 48.93 131.70 14.3
55.0 48.96 135.43 13.8
55.0 48.96 144.51 13.6
55.0 49.05 128.24 14.2
55.0 49.12 118.95 14.0
55.0 49.21 117.91 13.8
55.0 49.29 111.61 13.4
55.0 49.40 113.46 13.6
55.0 49.43 126.91 12.9
55.0 49.51 111.59 13.1
55.0 49.59 112.23 13.4
55.0 49.64 117.12 12.8
55.0 49.73 97.88 12.5
55.0 49.83 100.90 12.6
55.0 49.85 117.77 12.2
55.0 49.89 108.96 12.1
55.0 49.97 102.07 11.5
55.0 50.04 102.67 11.9
55.0 50.09 107.55 11.4
55.0 50.16 93.24 11.3
55.0 50.20 108.47 11.3
55.0 50.25 98.90 11.5
55.0 50.37 71.79 11.3
55.0 50.43 85.90 10.9
55.0 50.51 88.59 10.4
55.0 50.58 77.98 10.3
55.0 50.59 98.11 9.6
55.0 50.68 75.19 10.3
55.0 50.72 84.97 9.7
55.0 50.78 75.80 9.9
55.0 50.87 61.08 9.3
55.0 50.93 72.81 9.6
55.0 50.97 78.46 9.3
55.0 51.00 79.36 9.6
55.0 51.13 44.93 8.8
55.0 51.18 71.24 8.9
55.0 51.24 66.97 8.6
55.0 51.31 57.80 8.5
55.0 51.37 58.83 8.1
55.0 51.42 68.92 7.8
55.0 51.45 65.76 8.4
55.0 51.51 60.59 7.8
55.0 51.62 41.46 7.6
55.0 51.69 48.13 7.4
55.0 51.74 58.65 7.4
55.0 51.87 23.61 7.3
55.0 51.93 55.06 7.3
55.0 51.95 58.09 6.7
55.0 52.00 52.02 6.8
55.0 52.05 48.82 6.6
55.0 52.10 48.24 6.6
55.0 52.13 58.91 6.4
55.0 52.15 55.94 6.7
55.0 52.22 39.41 6.1
55.0 52.31 30.23 6.1
55.0 52.36 43.09 6.0
55.0 52.41 42.08 5.7
55.0 52.46 42.74 5.6
55.0 52.51 38.30 5.2
55.0 52.56 35.57 4.9
55.0 52.67 14.94 5.1
55.0 52.69 48.69 5.0
55.0 52.65 64.66 5.0
55.0 52.72 30.62 5.0
55.0 52.78 28.07 5.0
55.0 52.84 30.43 5.0
55.0 52.85 46.01 4.7
55.0 52.95 8.51 4.8
55.0 53.00 26.33 4.5
55.0 53.03 35.04 4.6
55.0 53.09 25.21 4.2
55.0 53.17 12.23 4.3
55.0 53.22 21.79 4.1
55.0 53.31 12.18 3.8
55.0 53.38 10.15 3.5
55.0 53.41 24.44 3.5
55.0 53.49 9.37 3.3
55.0 53.47 38.91 3.3
55.0 53.47 35.88 3.2
55.0 53.57 -3.75 3.3
55.0 53.62 18.72 3.3
55.0 53.66 14.96 3.3
55.0 53.72 7.23 3.1
55.0 53.84 -20.24 2.8
55.0 53.88 16.49 2.6
55.0 53.92 9.99 2.8
55.0 53.95 12.59 2.3
55.0 53.97 16.09 2.7
55.0 53.99 16.38 2.7
55.0 54.04 4.29 2.6
55.0 54.11 -6.04 2.5
55.0 54.15 7.72 2.4
55.0 54.19 1.19 2.4
55.0 54.23 0.22 2.3
55.0 54.27 1.01 2.2
55.0 54.31 3.16 2.0
55.0 54.32 9.22 1.9
55.0 54.35 3.94 1.8
55.0 54.38 3.19 1.4
55.0 54.43 -6.31 1.3
55.0 54.46 1.27 1.8
55.0 54.51 -6.45 1.6
55.0 54.53 2.25 1.7
55.0 54.56 1.68 2.4
55.0 54.53 18.66 2.0
55.0 54.66 -34.90 1.5
55.0 54.69 -1.11 1.8
55.0 54.80 -30.79 1.8
55.0 54.83 -4.69 2.1
55.0 54.76 28.25 2.2
55.0 54.81 -10.51 2.4
55.0 54.88 -19.30 2.6
55.0 54.94 -18.60 2.6
55.0 54.95 -2.92 2.6
55.0 55.01 -18.07 2.8
55.0 55.03 -8.17 3.0
55.0 55.09 -26.82 2.8
55.0 55.15 -25.97 2.8
55.0 55.14 -4.69 3.3
55.0 55.15 -9.82 3.3
55.0 55.15 -9.65 3.5
55.0 55.19 -21.56 3.3
55.0 55.21 -16.43 3.9
55.0 55.24 -22.22 3.5
55.0 55.25 -17.22 3.3
55.0 55.19 10.09 3.7
55.0 55.33 -63.16 3.7
55.0 55.39 -41.24 3.9
55.0 55.43 -36.51 4.2
55.0 55.47 -37.22 4.3
55.0 55.52 -43.48 4.8
55.0 55.56 -43.68 5.1
55.0 55.54 -22.65 4.7
55.0 55.54 -27.88 4.9
55.0 55.55 -32.24 5.1
55.0 55.58 -39.23 5.0
55.0 55.63 -50.94 5.2
55.0 55.65 -40.56 5.4
55.0 55.65 -33.63 5.1
55.0 55.62 -22.04 5.6
55.0 55.77 -85.74 6.1
55.0 55.79 -46.78 5.9
55.0 55.79 -43.09 5.2
55.0 55.81 -48.77 6.1
55.0 55.81 -43.43 6.2
55.0 55.81 -41.43 6.4
55.0 55.72 -10.12 6.3
55.0 55.74 -47.60 6.3
55.0 55.75 -40.63 6.2
55.0 55.77 -48.13 6.4
55.0 55.79 -48.49 6.4
55.0 55.86 -65.84 6.5
55.0 55.87 -47.89 6.5
55.0 55.88 -50.05 6.5
55.0 55.84 -33.39 6.7
55.0 55.87 -53.59 6.8
55.0 55.85 -38.83 6.9
55.0 55.86 -49.73 6.9
55.0 55.90 -61.26 6.9
55.0 55.92 -54.35 6.9
55.0 55.94 -56.63 6.7
55.0 56.02 -79.81 7.4
55.0 56.02 -52.63 7.4
55.0 56.09 -79.58 7.1
55.0 56.06 -44.97 7.9
55.0 56.07 -61.51 7.7
55.0 56.03 -38.86 7.4
55.0 56.07 -69.74 7.8
55.0 56.07 -59.02 8.1
55.0 56.17 -93.52 8.0
55.0 56.15 -51.85 8.7
55.0 56.19 -75.27 8.1
55.0 56.22 -75.16 8.4
55.0 56.21 -58.32 8.5
55.0 56.21 -67.02 8.7
55.0 56.23 -72.83 8.9
55.0 56.22 -61.81 8.9
55.0 56.21 -58.41 8.7
55.0 56.20 -61.45 8.9
55.0 56.18 -55.64 8.8
55.0 56.17 -57.86 8.8
55.0 56.18 -66.48 8.7
55.0 56.16 -55.31 9.0
55.0 56.17 -66.29 8.5
55.0 56.18 -63.69 8.8
55.0 56.29 -101.18 8.0
55.0 56.24 -55.21 9.1
55.0 56.34 -102.10 10.0
55.0 56.39 -94.69 9.9
55.0 56.24 -19.79 9.9
55.0 56.23 -61.96 9.7
55.0 56.22 -58.51 9.1
55.0 56.18 -50.28 8.9
55.0 56.17 -60.90 8.6
55.0 56.20 -72.17 8.8
55.0 56.16 -46.36 8.9
55.0 56.14 -58.08 8.8
55.0 56.11 -45.63 8.3
55.0 56.09 -51.08 8.4
55.0 56.04 -37.00 8.4
55.0 56.01 -47.23 8.2
55.0 56.02 -58.15 8.0
55.0 55.99 -38.32 8.0
55.0 56.02 -65.49 8.1
55.0 55.98 -38.23 7.8
55.0 55.96 -43.62 7.7
55.0 55.95 -46.05 8.4
55.0 55.95 -51.43 7.7
55.0 55.89 -29.06 7.4
55.0 55.87 -36.66 7.7
55.0 55.94 -72.85 7.2
55.0 55.90 -34.45 7.3
55.0 55.89 -44.94 7.4
55.0 55.90 -48.33 7.1
55.0 55.87 -39.32 7.1
55.0 55.96 -78.67 7.2
55.0 56.01 -66.94 7.2
55.0 55.99 -46.75 7.4
55.0 55.94 -35.23 7.4
55.0 55.90 -34.44 7.5
55.0 55.93 -60.21 7.1
55.0 55.88 -31.89 7.0
55.0 55.84 -30.66 6.3
55.0 55.82 -36.01 6.7
55.0 55.76 -21.39 6.5
55.0 55.71 -20.37 6.3
55.0 55.60 2.51 6.2
55.0 55.57 -17.49 5.4
55.0 55.55 -24.52 5.5
55.0 55.53 -20.78 5.0
55.0 55.49 -9.02 5.1
55.0 55.46 -14.17 4.9
55.0 55.46 -26.46 4.7
55.0 55.41 -4.41 4.6
55.0 55.33 12.04 4.4
55.0 55.29 -0.73 4.6
55.0 55.26 -5.93 4.0
55.0 55.26 -10.64 4.0
55.0 55.28 -23.16 3.6
55.0 55.32 -29.16 3.6
55.0 55.36 -29.79 3.8
55.0 55.31 -1.07 3.5
55.0 55.30 -11.99 3.4
55.0 55.26 -1.72 3.3
55.0 55.20 13.26 3.2
55.0 55.18 -4.81 3.2
55.0 55.14 7.98 3.0
55.0 55.13 -4.10 3.0
55.0 55.11 2.44 2.8
55.0 55.12 -9.28 2.6
55.0 55.10 1.88 2.2
55.0 55.07 8.68 2.4
55.0 55.04 8.96 2.2
55.0 55.01 9.84 2.3
55.0 55.09 -34.31 2.0
55.0 55.06 6.62 2.2
55.0 55.07 -9.06 2.2
55.0 55.06 2.50 2.2
55.0 54.97 31.81 2.0
55.0 54.95 8.39 1.9
55.0 54.90 19.14 2.3
55.0 54.89 7.33 2.2
55.0 54.87 7.01 1.6
55.0 54.88 1.16 1.8
55.0 54.85 12.96 1.6
55.0 54.80 22.32 1.6
55.0 54.75 21.65 1.6
55.0 54.71 21.04 2.2
55.0 54.71 4.36 1.7
55.0 54.69 15.74 1.8
55.0 54.68 9.97 1.8
55.0 54.66 15.15 1.8
55.0 54.66 9.42 1.7
55.0 54.67 2.98 1.6
55.0 54.62 25.77 0.9
55.0 54.51 45.23 1.8
55.0 54.47 28.89 2.2
55.0 54.44 22.67 2.5
55.0 54.41 22.30 1.9
55.0 54.37 27.16 2.0
55.0 54.35 21.22 1.8
55.0 54.32 26.43 2.2
55.0 54.31 20.83 2.2
55.0 54.31 14.71 2.2
55.0 54.25 36.18 2.3
55.0 54.23 25.13 2.4
55.0 54.12 56.82 2.3
55.0 54.11 23.51 2.5
55.0 54.19 -10.43 2.7
55.0 54.18 25.50 2.6
55.0 54.19 12.70 2.6
55.0 54.16 29.55 2.6
55.0 54.15 23.40 2.7
55.0 54.06 49.51 2.7
55.0 54.09 12.36 2.8
55.0 54.05 33.16 2.6
55.0 53.99 43.18 3.2
55.0 53.97 31.68 2.9
55.0 53.95 31.29 3.0
55.0 53.90 41.86 3.0
55.0 53.88 30.98 3.0
55.0 53.90 20.45 3.1
55.0 53.84 46.31 3.1
55.0 53.76 56.08 3.1
55.0 53.77 25.51 3.3
55.0 53.77 28.19 3.0
55.0 53.79 19.00 3.4
55.0 53.79 28.55 3.5
55.0 53.77 35.63 3.2
55.0 53.72 44.33 3.7
55.0 53.68 43.62 3.5
55.0 53.56 73.83 3.5
55.0 53.53 42.07 3.9
55.0 53.48 51.90 3.8
55.0 53.46 39.91 4.1
55.0 53.46 35.79 4.1
55.0 53.42 51.01 4.3
55.0 53.47 17.36 4.3
55.0 53.42 51.05 4.3
55.0 53.41 40.34 4.3
55.0 53.36 55.39 4.3
55.0 53.34 43.33 4.1
55.0 53.34 37.68 4.5
55.0 53.40 16.38 4.5
55.0 53.37 49.39 4.5
55.0 53.30 59.86 4.3
55.0 53.26 53.14 4.6
55.0 53.24 48.47 4.5
55.0 53.24 38.02 4.9
55.0 53.24 41.59 5.6
55.0 53.19 59.17 4.6
55.0 53.13 61.90 5.2
55.0 53.10 51.84 4.9
55.0 53.08 50.04 5.0
55.0 53.06 51.24 5.3
55.0 53.00 66.02 5.2
55.0 53.03 32.47 5.6
55.0 53.00 55.64 5.4
55.0 52.92 75.22 5.4
55.0 52.89 57.77 5.4
55.0 52.85 63.84 5.7
55.0 52.84 51.33 5.6
55.0 52.83 55.16 5.6
55.0 52.83 45.73 5.8
55.0 52.75 77.29 6.5
55.0 52.77 49.55 5.9
55.0 52.75 55.36 6.0
55.0 52.72 62.07 5.9
55.0 52.71 54.66 6.0
55.0 52.67 68.18 6.2
55.0 52.59 79.96 6.1
55.0 52.57 63.18 6.0
55.0 52.57 54.76 6.4
55.0 52.52 74.68 6.4
55.0 52.51 59.13 6.5
55.0 52.53 46.14 6.5
55.0 52.53 57.02 6.4
55.0 52.51 66.37 6.5
55.0 52.50 56.59 6.5
55.0 52.41 88.55 6.7
55.0 52.39 67.78 6.6
55.0 52.37 67.48 7.1
55.0 52.38 54.48 6.9
55.0 52.37 59.86 6.7
55.0 52.30 88.33 7.1
55.0 52.31 53.38 7.2
55.0 52.29 71.46 7.2
55.0 52.21 89.50 7.0
55.0 52.26 45.23 7.3
55.0 52.31 45.90 7.2
55.0 52.28 69.20 7.0
55.0 52.30 56.18 7.4
55.0 52.29 66.34 7.1
55.0 52.31 56.25 7.1
55.0 52.17 110.13 7.0
55.0 52.13 81.63 7.3
55.0 52.13 64.18 7.6
55.0 52.13 66.49 7.5
55.0 52.13 64.13 7.2
55.0 52.07 88.75 7.4
55.0 52.06 65.45 7.6
55.0 52.02 83.04 7.5
55.0 52.01 69.92 7.7
55.0 51.97 84.70 7.6
55.0 52.03 43.05 7.8
55.0 52.04 64.94 7.9
55.0 51.99 82.66 7.7
55.0 52.03 57.51 7.2
55.0 51.95 97.14 7.6
55.0 51.96 63.58 8.1
55.0 51.98 61.99 7.4
55.0 51.96 77.05 8.0
55.0 51.95 68.93 7.6
55.0 51.97 61.94 7.6
55.0 51.95 77.01 7.8
55.0 51.92 81.64 7.8
55.0 52.00 37.01 7.8
55.0 51.99 69.65 7.7
55.0 51.97 79.87 7.6
55.0 52.03 43.05 7.8
55.0 52.01 77.75 7.8
55.0 52.02 59.32 7.6
55.0 52.04 66.09 6.4
55.0 51.94 100.96 7.7
55.0 51.95 66.79 8.4
55.0 51.94 76.75 7.9
55.0 51.92 76.51 7.8
55.0 51.90 76.30 8.0
55.0 51.88 78.41 8.0
55.0 51.82 90.39 7.9
55.0 51.80 79.99 8.4
55.0 51.80 71.73 8.0
55.0 51.77 84.58 8.2
55.0 51.80 64.58 8.5
55.0 51.73 99.07 8.2
55.0 51.74 65.34 8.4
55.0 51.75 70.79 8.6
55.0 51.71 91.36 8.4
55.0 51.69 80.50 9.0
55.0 51.68 78.25 8.1
55.0 51.69 69.80 8.4
55.0 51.70 73.39 8.4
55.0 51.72 68.58 8.4
55.0 51.71 75.53 8.4
55.0 51.66 95.60 8.3
55.0 51.66 74.63 8.7
55.0 51.65 77.88 8.6
55.0 51.68 64.22 8.6
55.0 51.66 83.04 8.9
55.0 51.68 68.12 8.4
55.0 51.68 75.02 8.6
55.0 51.76 48.55 8.4
55.0 51.74 79.15 8.3
55.0 51.80 50.02 8.3
55.0 51.80 74.82 8.5
55.0 51.77 81.91 7.6
55.0 51.84 54.05 8.0
55.0 51.82 77.38 8.0
55.0 51.74 97.49 8.2
55.0 51.76 72.69 8.0
55.0 51.75 76.18 8.4
55.0 51.72 83.89 8.2
55.0 51.70 80.71 8.2
55.0 51.69 81.59 8.7
55.0 51.70 69.97 8.3
55.0 51.72 64.92 8.6
55.0 51.67 93.25 8.6
55.0 51.68 73.14 8.2
55.0 51.63 92.75 8.2
55.0 51.65 69.07 8.2
55.0 51.63 79.56 8.5
55.0 51.62 85.57 8.4
55.0 51.59 84.22 8.9
55.0 51.61 72.16 8.5
55.0 51.61 77.27 8.4
55.0 51.64 67.49 8.4
55.0 51.67 64.01 8.4
55.0 51.65 79.87 8.8
55.0 51.66 76.44 7.3
55.0 51.68 64.34 8.8
55.0 51.76 48.63 8.3
55.0 51.76 71.08 8.1
55.0 51.74 84.10 8.0
55.0 51.70 88.62 7.9
55.0 51.69 75.23 8.0
55.0 51.70 73.42 7.8
55.0 51.65 93.00 8.2
55.0 51.59 97.22 9.3
55.0 51.67 47.70 8.5
55.0 51.66 74.74 8.2
55.0 51.67 76.58 8.4
55.0 51.64 85.09 8.3
55.0 51.64 77.69 8.1
55.0 51.67 67.87 9.1
55.0 51.69 64.43 8.6
55.0 51.68 78.31 8.2
55.0 51.76 43.86 8.4
55.0 51.76 77.56 8.1
55.0 51.72 86.47 8.1
55.0 51.71 75.59 8.6
55.0 51.70 78.59 8.0
55.0 51.70 78.48 8.0
55.0 51.70 73.49 9.6
55.0 51.67 85.56 8.2
55.0 51.68 73.14 8.4
55.0 51.73 58.48 8.4
55.0 51.73 70.56 8.2
55.0 51.74 73.95 8.2
55.0 51.77 64.15 8.0
55.0 51.75 79.27 7.4
55.0 51.75 70.93 8.0
55.0 51.87 29.13 7.9
55.0 51.88 69.23 7.7
55.0 51.82 93.47 7.6
55.0 51.84 65.19 7.6
55.0 51.86 61.94 8.1
55.0 51.91 59.72 7.8
55.0 51.91 68.15 7.9
55.0 51.91 68.14 7.6
55.0 51.88 81.03 7.8
55.0 51.88 70.88 7.8
55.0 51.91 61.04 8.0
55.0 51.95 52.61 7.6
55.0 51.92 81.61 8.1
55.0 51.93 66.47 7.4
55.0 51.93 68.54 7.7
55.0 51.98 51.71 7.5
55.0 52.02 57.36 7.6
55.0 51.95 90.41 7.2
55.0 51.96 66.86 6.9
55.0 52.00 53.36 7.7
55.0 51.92 98.47 7.4
55.0 51.97 47.48 7.5
55.0 51.99 62.19 7.5
55.0 52.04 48.64 7.5
55.0 52.05 63.05 7.4
55.0 52.07 63.23 7.1
55.0 52.05 70.62 7.2
55.0 52.15 37.72 8.0
55.0 52.15 61.50 6.6
55.0 52.14 66.75 7.2
55.0 52.16 59.36 6.8
55.0 52.16 64.54 6.9
55.0 52.16 64.57 7.1
55.0 52.18 56.51 6.9
55.0 52.18 64.80 7.0
55.0 52.16 69.74 7.1
55.0 52.18 56.55 7.1
55.0 52.18 64.83 7.1
55.0 52.15 72.39 6.4
55.0 52.20 53.13 6.2
55.0 52.22 51.82 7.1
55.0 52.22 62.68 6.7
55.0 52.33 25.16 6.8
55.0 52.33 61.73 6.5
55.0 52.30 71.63 6.5
55.0 52.30 58.62 7.1
55.0 52.29 68.85 7.0
55.0 52.33 42.71 6.7
55.0 52.35 53.93 6.7
55.0 52.36 56.99 6.6
55.0 52.38 52.14 6.6
55.0 52.36 67.38 7.1
55.0 52.39 49.11 7.1
55.0 52.49 17.57 6.5
55.0 52.46 70.76 6.1
55.0 52.46 55.91 6.1
55.0 52.48 53.44 6.3
55.0 52.52 40.30 6.1
55.0 52.52 54.13 6.0
55.0 52.52 59.23 6.1
55.0 52.47 72.43 5.9
55.0 52.50 51.52 6.1
55.0 52.48 61.69 6.1
55.0 52.51 48.66 6.0
55.0 52.52 51.33 6.2
55.0 52.45 78.92 6.1
55.0 52.48 48.34 6.2
55.0 52.48 56.24 6.1
55.0 52.48 58.68 6.1
55.0 52.52 43.62 6.4
55.0 52.50 62.03 6.1
55.0 52.59 23.59 5.9
55.0 52.65 31.50 6.0
55.0 52.63 62.87 5.7
55.0 52.67 37.42 5.7
55.0 52.64 66.07 5.8
55.0 52.63 55.65 5.0
55.0 52.59 69.01 5.8
55.0 52.63 39.95 6.1
55.0 52.74 10.57 5.8
55.0 52.73 59.01 5.7
55.0 52.74 44.21 6.0
55.0 52.76 44.45 5.4
55.0 52.70 72.11 5.6
55.0 52.73 41.37 5.6
55.0 52.75 46.82 5.6
55.0 52.79 33.87 5.7
55.0 52.84 29.17 5.3
55.0 52.89 35.94 5.3
55.0 52.96 19.95 5.2
55.0 52.92 59.72 4.8
55.0 52.88 64.26 5.0
55.0 52.91 38.53 5.4
55.0 52.87 57.52 5.0
55.0 52.90 35.85 5.2
55.0 53.00 17.01 5.2
55.0 52.96 59.02 5.1
55.0 52.95 49.72 4.8
55.0 52.86 79.18 4.9
55.0 52.85 53.50 5.2
55.0 52.87 43.27 5.2
55.0 52.88 41.07 5.3
55.0 52.87 53.76 5.2
55.0 52.90 38.44 5.3
55.0 52.93 38.82 5.1
55.0 52.92 47.27 5.3
55.0 52.95 36.57 4.9
55.0 52.94 51.47 5.0
55.0 52.96 36.85 5.0
55.0 52.97 44.68 5.0
55.0 53.02 29.51 4.8
55.0 53.00 48.68 4.7
55.0 53.08 19.70 4.8
55.0 53.11 28.26 5.0
55.0 53.13 38.67 4.8
55.0 53.15 34.51 4.0
55.0 53.21 21.57 4.6
55.0 53.19 46.37 4.5
55.0 53.22 32.33 4.3
55.0 53.18 52.95 4.3
55.0 53.21 29.92 3.9
55.0 53.23 32.58 4.6
55.0 53.26 32.88 4.3
55.0 53.32 14.83 4.3
55.0 53.30 44.13 4.2
55.0 53.36 18.34 4.3
55.0 53.36 39.59 3.7
55.0 53.31 53.95 3.9
55.0 53.29 42.58 4.0
55.0 53.31 35.60 4.3
55.0 53.32 31.88 4.3
55.0 53.31 44.20 4.3
55.0 53.37 15.65 4.3
55.0 53.43 16.69 4.0
55.0 53.43 33.78 4.1
55.0 53.45 28.42 3.9
55.0 53.49 20.20 3.7
55.0 53.53 20.75 3.8
55.0 53.52 36.65 3.6
55.0 53.53 29.82 3.6
55.0 53.57 21.22 3.6
55.0 53.56 37.08 3.7
55.0 53.53 41.05 3.5
55.0 53.62 0.40 3.5
55.0 53.59 42.12 3.4
55.0 53.59 32.29 3.7
55.0 53.59 30.88 3.5
55.0 53.55 46.98 3.5
55.0 53.48 57.51 3.7
55.0 53.47 39.94 3.3
55.0 53.51 20.40 3.7
55.0 53.55 18.73 3.4
55.0 53.55 31.69 3.7
55.0 53.53 41.97 3.5
55.0 53.53 29.84 3.7
55.0 53.58 16.07 3.6
55.0 53.60 27.02 3.7
55.0 53.61 25.56 3.9
55.0 53.62 27.40 3.7
55.0 53.64 27.56 3.3
55.0 53.69 12.18 3.2
55.0 53.68 32.39 3.2
55.0 53.66 38.52 3.0
55.0 53.69 17.64 3.2
55.0 53.68 32.46 3.0
55.0 53.69 28.32 3.2
55.0 53.67 37.77 3.1
55.0 53.67 29.54 3.2
55.0 53.64 42.88 3.4
55.0 53.66 20.74 3.2
55.0 53.68 22.87 3.3
55.0 53.68 33.44 3.1
55.0 53.67 33.33 3.0
55.0 53.69 21.20 3.2
55.0 53.75 9.99 3.1
55.0 53.69 49.43 3.1
55.0 53.68 32.44 3.2
55.0 53.72 17.97 3.1
55.0 53.75 18.41 3.3
55.0 53.82 3.16 3.1
55.0 53.86 10.75 3.1
55.0 53.80 45.71 2.2
55.0 53.81 25.97 2.8
55.0 53.85 12.50 3.1
55.0 53.82 35.49 3.1
55.0 53.83 23.59 2.8
55.0 53.82 30.12 2.7
55.0 53.85 14.48 2.8
55.0 53.89 13.19 2.8
55.0 53.87 30.86 2.8
55.0 53.87 25.52 2.6
55.0 53.90 15.17 2.6
55.0 53.90 24.86 2.4
55.0 53.99 -5.44 2.8
55.0 53.98 26.98 2.9
55.0 53.97 26.00 2.7
55.0 53.96 26.73 2.8
55.0 53.94 31.78 2.4
55.0 53.95 19.94 2.9
55.0 53.93 31.62 2.8
55.0 53.94 19.76 2.8
55.0 53.95 22.38 2.7
55.0 54.03 -7.45 2.7
55.0 54.03 21.33 2.7
55.0 54.01 27.49 2.6
55.0 53.96 42.71 2.4
55.0 53.98 16.23 2.8
55.0 53.90 52.95 2.7
55.0 53.81 56.16 2.8
55.0 53.82 23.41 3.1
55.0 53.81 28.95 3.5
55.0 53.80 29.89 3.3
55.0 53.88 -1.41 3.0
55.0 53.90 20.50 3.1
55.0 53.93 13.87 3.1
55.0 53.94 19.76 2.8
55.0 53.95 22.38 3.0
55.0 53.91 36.34 2.4
55.0 53.94 15.64 2.7
55.0 53.96 14.47 3.3
55.0 53.98 17.67 3.5
55.0 53.99 20.63 2.7
55.0 54.02 9.76 2.7
55.0 53.99 32.55 2.6
55.0 54.01 15.33 2.6
55.0 54.01 22.10 2.5
55.0 54.04 10.16 2.3
55.0 54.07 12.11 2.5
55.0 54.07 22.86 2.2
55.0 54.11 5.49 2.2
55.0 54.10 22.57 2.6
55.0 54.09 23.22 2.2
55.0 54.17 -10.75 2.2
55.0 54.19 14.83 2.5
55.0 54.22 7.38 2.3
55.0 54.27 -1.45 2.2
55.0 54.26 19.65 2.2
55.0 54.25 20.08 2.1
55.0 54.24 19.37 2.3
55.0 54.18 40.53 2.1
55.0 54.16 24.24 2.1
55.0 54.17 18.01 2.3
55.0 54.09 44.30 2.2
55.0 54.03 44.03 2.4
55.0 54.19 -39.86 2.6
55.0 54.27 -5.04 3.0
55.0 54.26 20.13 2.5
55.0 54.23 25.21 3.1
55.0 54.21 24.53 3.2
55.0 54.18 29.83 3.0
55.0 54.18 19.05 3.1
55.0 54.19 12.75 2.9
55.0 54.21 14.01 3.0
55.0 54.20 18.65 2.7
55.0 54.20 20.09 2.6
55.0 54.20 18.55 2.7
55.0 54.22 7.53 2.7
55.0 54.21 24.81 2.6
55.0 54.17 29.54 2.3
55.0 54.23 -2.00 2.7
55.0 54.23 19.05 2.4
55.0 54.24 14.42 2.7
55.0 54.26 9.31 2.6
55.0 54.24 24.67 2.4
55.0 54.26 9.31 2.3
55.0 54.25 19.47 2.0
55.0 54.26 14.73 2.1
55.0 54.25 19.44 2.0
55.0 54.18 41.05 2.3
55.0 54.18 19.90 2.5
55.0 54.17 23.75 2.0
55.0 54.17 18.89 2.5
55.0 54.23 -4.00 2.2
55.0 54.25 9.21 2.3
55.0 54.21 30.26 2.2
55.0 54.23 13.30 2.4
55.0 54.22 20.32 2.2
55.0 54.26 2.36 2.3
55.0 54.24 24.69 2.2
55.0 54.20 30.14 2.0
55.0 54.21 14.11 2.2
55.0 54.24 9.03 2.4
55.0 54.25 12.74 2.5
55.0 54.24 19.28 2.0
55.0 54.28 5.50 1.8
55.0 54.22 36.49 2.0
55.0 54.25 9.16 2.1
55.0 54.26 12.91 2.0
55.0 54.20 35.41 1.7
55.0 54.20 18.60 2.1
55.0 54.13 45.68 1.8
55.0 54.13 18.37 2.0
55.0 54.12 23.62 2.1
55.0 54.13 18.30 1.6
55.0 54.12 22.87 2.4
55.0 54.11 22.72 2.2
55.0 54.07 33.94 2.0
55.0 54.07 22.01 2.7
55.0 54.08 17.62 2.2
55.0 54.12 7.31 2.4
55.0 54.12 16.25 2.2
55.0 54.25 -23.92 2.2
55.0 54.22 25.08 2.4
55.0 54.20 25.25 2.6
55.0 54.17 29.53 2.8
55.0 54.11 39.62 2.6
55.0 54.16 0.72 2.6
55.0 54.15 23.47 2.4
55.0 54.14 23.88 2.6
55.0 54.17 6.62 2.4
55.0 54.16 23.58 2.5
55.0 54.14 23.96 2.2
55.0 54.10 34.02 2.2
55.0 54.05 38.75 2.5
55.0 53.98 48.32 2.5
55.0 53.97 26.87 2.8
55.0 54.00 9.49 2.0
55.0 53.99 25.69 2.8
55.0 54.01 17.99 2.8
55.0 53.98 31.95 2.8
55.0 53.99 21.76 2.6
55.0 54.02 9.78 2.9
55.0 54.01 26.69 2.6
55.0 53.97 37.53 2.6
55.0 53.93 36.66 2.6
55.0 53.95 15.88 2.8
55.0 53.90 41.97 3.1
55.0 53.90 25.92 2.6
55.0 53.90 24.83 2.3
55.0 53.96 2.91 3.1
55.0 54.01 5.78 2.8
55.0 54.01 19.99 3.0
55.0 53.98 32.42 2.7
55.0 53.96 31.52 2.6
55.0 53.89 47.13 2.6
55.0 53.94 10.22 2.8
55.0 53.95 19.92 2.6
55.0 53.95 22.47 2.6
55.0 53.98 14.73 3.0
55.0 54.04 -1.44 2.6
55.0 54.02 27.65 2.7
55.0 54.00 32.60 2.8
55.0 54.00 21.91 2.6
55.0 54.05 4.45 2.4
55.0 54.00 37.90 2.5
55.0 53.99 27.15 2.4
55.0 53.99 20.74 2.7
55.0 53.98 27.05 2.9
55.0 54.00 15.17 2.6
55.0 54.02 18.08 3.1
55.0 54.01 26.65 2.5
55.0 54.01 21.00 2.6
55.0 54.01 23.09 2.6
55.0 54.00 26.51 2.6
55.0 54.04 6.30 2.6
55.0 54.06 14.91 2.4
55.0 54.03 33.02 2.4
55.0 54.00 32.62 2.4
55.0 54.01 15.40 2.2
55.0 54.09 -4.00 2.4
55.0 54.07 28.27 2.4
55.0 54.05 28.01 2.3
55.0 53.99 43.35 2.4
55.0 53.97 31.63 2.8
55.0 53.91 42.30 2.6
55.0 53.98 -2.40 2.6
55.0 53.96 32.09 3.2
55.0 53.95 26.63 3.2
55.0 53.92 36.44 2.2
55.0 53.91 26.09 3.0
55.0 53.88 35.84 3.1
55.0 53.85 36.58 3.2
55.0 53.81 40.29 3.1
55.0 53.85 14.41 3.3
55.0 53.84 29.44 2.8
55.0 53.86 19.92 3.1
55.0 53.82 40.74 3.3
55.0 53.81 28.94 3.2
55.0 53.86 9.15 3.2
55.0 53.86 24.19 2.7
55.0 53.85 29.65 3.1
55.0 53.84 30.40 3.0
55.0 53.83 29.29 3.2
55.0 53.81 36.06 3.1
55.0 53.83 17.90 3.0
55.0 53.75 55.94 3.7
55.0 53.76 25.43 3.2
55.0 53.76 28.08 3.5
55.0 53.76 29.25 3.7
55.0 53.76 28.01 3.8
55.0 53.78 20.57 3.1
55.0 53.79 22.99 3.1
55.0 53.82 17.70 3.1
55.0 53.82 24.82 3.1
55.0 53.79 40.32 3.0
55.0 53.77 34.73 3.1
55.0 53.87 -10.22 3.3
55.0 53.84 35.75 3.2
55.0 53.74 60.39 3.2
55.0 53.77 16.94 3.1
55.0 53.78 24.26 3.0
55.0 53.75 39.81 3.7
55.0 53.68 54.64 3.4
55.0 53.71 15.92 3.5
55.0 53.76 11.00 3.3
55.0 53.77 25.54 3.3
55.0 53.74 39.03 3.2
55.0 53.70 44.36 3.2
55.0 53.69 32.48 3.3
55.0 53.72 18.00 3.5
55.0 53.69 39.02 3.0
55.0 53.67 37.82 3.4
55.0 53.68 28.12 3.5
55.0 53.71 17.88 3.6
55.0 53.70 33.79 3.5
55.0 53.75 10.80 3.1
55.0 53.86 -12.67 3.1
55.0 53.81 46.15 3.3
55.0 53.82 23.39 3.0
55.0 53.78 40.22 3.2
55.0 53.76 34.65 3.2
55.0 53.72 44.23 4.2
55.0 53.72 28.70 3.5
55.0 53.66 48.92 3.6
55.0 53.67 29.50 3.5
55.0 53.65 37.46 3.7
55.0 53.67 22.70 3.7
55.0 53.71 15.83 4.0
55.0 53.70 33.74 3.4
55.0 53.69 33.60 3.0
55.0 53.68 32.32 2.2
55.0 53.65 39.42 3.5
55.0 53.62 42.59 3.7
55.0 53.62 31.30 3.0
55.0 53.60 37.72 3.5
55.0 53.56 47.69 3.4
55.0 53.56 31.84 3.3
55.0 53.55 35.77 3.5
55.0 53.54 35.60 4.0
55.0 53.56 28.28 3.9
55.0 53.55 35.76 3.7
55.0 53.51 47.04 3.6
55.0 53.50 35.00 3.7
55.0 53.50 37.70 3.9
55.0 53.51 29.43 4.0
55.0 53.52 29.58 4.1
55.0 53.51 37.83 3.6
55.0 53.49 40.36 4.0
55.0 53.49 36.12 3.9
55.0 53.48 34.62 3.9
55.0 53.51 25.77 3.7
55.0 53.49 41.45 3.0
55.0 53.48 34.65 4.0
55.0 53.52 20.64 4.0
55.0 53.52 36.55 3.7
55.0 53.55 21.05 3.8
55.0 53.56 30.28 3.8
55.0 53.58 24.94 3.7
55.0 53.56 38.42 3.3
55.0 53.52 46.53 3.7
55.0 53.52 36.54 3.8
55.0 53.48 45.80 4.0
55.0 53.54 15.42 3.8
55.0 53.50 46.87 3.7
55.0 53.48 40.18 3.7
55.0 53.48 37.46 3.9
55.0 53.47 34.48 3.9
55.0 53.44 45.15 3.7
55.0 53.46 30.41 3.9
55.0 53.42 50.96 4.1
55.0 53.40 40.27 4.0
55.0 53.42 27.96 4.5
55.0 53.38 50.52 3.2
55.0 53.32 60.08 4.0
55.0 53.30 42.74 4.3
55.0 53.33 28.64 4.6
55.0 53.37 21.45 3.7
55.0 53.42 21.70 4.4
55.0 53.43 33.66 3.8
55.0 53.43 33.70 4.0
55.0 53.43 36.95 3.9
55.0 53.51 6.65 3.7
55.0 53.49 40.29 3.7
55.0 53.50 29.23 3.5
55.0 53.52 27.85 3.7
55.0 53.60 2.55 3.7
55.0 53.56 46.63 3.5
55.0 53.53 42.07 3.0
55.0 53.51 41.75 3.5
55.0 53.49 41.47 3.7
55.0 53.52 23.88 4.0
55.0 53.48 45.77 3.9
55.0 53.49 32.58 3.9
55.0 53.50 29.31 3.9
55.0 53.48 41.36 4.0
55.0 53.54 12.90 3.9
55.0 53.56 26.45 3.5
55.0 53.56 31.84 3.6
55.0 53.54 41.14 4.1
55.0 53.53 38.01 3.5
55.0 53.52 35.25 3.8
55.0 53.54 26.23 3.9
55.0 53.65 -8.16 3.7
55.0 53.61 43.22 3.5
55.0 53.58 42.79 4.0
55.0 53.51 57.48 3.5
55.0 53.49 41.51 4.0
55.0 53.52 25.90 4.0
55.0 53.51 35.11 3.7
55.0 53.51 36.38 3.9
55.0 53.56 13.25 4.1
55.0 53.46 67.15 4.3
55.0 53.46 34.24 3.9
55.0 53.45 40.84 4.1
55.0 53.49 20.14 4.2
55.0 53.50 29.28 4.0
55.0 53.51 31.12 3.7
55.0 53.46 51.01 3.5
55.0 53.43 46.97 3.9
55.0 53.48 17.55 4.3
55.0 53.59 -9.17 3.8
55.0 53.56 42.48 3.9
55.0 53.52 47.20 3.3
55.0 53.56 21.11 3.5
55.0 53.53 41.10 4.0
55.0 53.53 35.35 4.2
55.0 53.55 28.13 4.4
55.0 53.54 35.55 3.9
55.0 53.50 46.89 3.4
55.0 53.48 41.34 4.1
55.0 53.45 46.17 4.4
55.0 53.46 28.66 4.0
55.0 53.49 23.48 4.2
55.0 53.47 42.43 4.1
55.0 53.41 55.76 4.4
55.0 53.39 45.33 4.5
55.0 53.40 33.11 4.3
55.0 53.42 29.80 4.3
55.0 53.43 30.05 3.7
55.0 53.46 23.00 4.3
55.0 53.36 71.10 3.9
55.0 53.42 19.10 4.2
55.0 53.40 40.27 4.2
55.0 53.42 27.96 4.1
55.0 53.41 40.37 4.5
55.0 53.40 40.23 4.2
55.0 53.41 33.31 4.2
55.0 53.35 55.35 4.2
55.0 53.26 69.72 4.5
55.0 53.27 36.55 4.5
55.0 53.33 17.91 4.6
55.0 53.33 37.57 4.4
55.0 53.36 31.06 4.6
55.0 53.36 32.58 4.2
55.0 53.40 21.94 4.3
55.0 53.39 40.10 4.1
55.0 53.37 45.06 4.8
55.0 53.31 59.91 4.1
55.0 53.34 26.45 4.8
55.0 53.35 34.16 4.4
55.0 53.34 39.41 3.9
55.0 53.33 43.11 4.5
55.0 53.31 44.22 4.3
55.0 53.32 33.83 4.6
55.0 53.35 28.89 4.3
55.0 53.35 37.88 4.3
55.0 53.34 37.82 4.3
55.0 53.40 21.39 4.3
55.0 53.43 22.44 4.3
55.0 53.42 40.47 4.1
55.0 53.44 28.18 4.5
55.0 53.45 32.14 4.0
55.0 53.44 39.45 3.7
55.0 53.40 49.91 3.5
55.0 53.45 19.52 4.1
55.0 53.45 35.54 4.0
55.0 53.43 40.65 3.9
55.0 53.45 28.39 4.0
55.0 53.43 40.68 3.9
55.0 53.48 20.00 4.1
55.0 53.48 34.51 3.7
55.0 53.47 35.94 3.5
55.0 53.43 51.15 4.1
55.0 53.42 40.44 4.4
55.0 53.42 33.54 4.1
55.0 53.34 65.50 3.9
55.0 53.39 21.35 4.1
55.0 53.40 33.17 4.1
55.0 53.43 24.70 4.1
55.0 53.45 28.40 4.2
55.0 53.48 25.34 3.9
55.0 53.50 25.70 3.9
55.0 53.50 34.89 3.4
55.0 53.54 22.95 4.0
55.0 53.53 35.40 3.7
55.0 53.62 -2.84 3.9
55.0 53.59 42.89 3.7
55.0 53.59 32.27 4.0
55.0 53.58 37.39 3.4
55.0 53.56 36.03 3.8
55.0 53.57 31.94 4.0
55.0 53.50 57.38 3.9
55.0 53.49 34.82 3.7
55.0 53.55 15.58 3.8
55.0 53.57 24.78 3.7
55.0 53.57 33.44 3.7
55.0 53.57 30.52 3.7
55.0 53.57 30.56 3.1
55.0 53.61 23.71 3.5
55.0 53.66 9.34 3.8
55.0 53.64 37.34 3.5
55.0 53.68 15.36 3.3
55.0 53.71 19.82 3.1
55.0 53.72 27.37 3.1
55.0 53.71 32.81 3.0
55.0 53.67 43.93 3.0
55.0 53.62 48.51 3.5
55.0 53.61 32.57 3.6
55.0 53.57 47.29 3.7
55.0 53.56 35.89 3.6
55.0 53.53 43.09 3.7
55.0 53.54 29.94 3.9
55.0 53.53 36.72 3.9
55.0 53.54 29.90 3.7
55.0 53.54 31.57 3.6
55.0 53.55 31.65 3.7
55.0 53.51 46.27 4.0
55.0 53.52 32.87 3.4
55.0 53.51 35.10 3.7
55.0 53.52 31.26 3.7
55.0 53.57 13.47 3.8
55.0 53.57 32.01 3.8
55.0 53.68 -4.31 3.7
55.0 53.73 10.45 3.7
55.0 53.70 39.10 3.5
55.0 53.67 38.75 3.4
55.0 53.70 21.32 3.1
55.0 53.70 28.45 3.3
55.0 53.67 37.92 3.4
55.0 53.70 24.71 3.3
55.0 53.69 32.48 3.7
55.0 53.69 28.33 3.5
55.0 53.67 38.65 3.6
55.0 53.66 32.03 3.5
55.0 53.67 28.00 3.7
55.0 53.65 37.43 3.4
55.0 53.67 24.42 3.6
55.0 53.68 26.67 3.4
55.0 53.64 42.93 3.7
55.0 53.64 32.89 3.2
55.0 53.63 32.83 3.3
55.0 53.61 37.89 3.5
55.0 53.61 31.20 3.2
55.0 53.52 63.19 3.5
55.0 53.59 13.32 3.7
55.0 53.59 30.83 3.7
55.0 53.59 32.25 3.3
55.0 53.58 37.38 3.5
55.0 53.55 42.30 3.7
55.0 53.54 35.60 3.7
55.0 53.56 24.65 3.5
55.0 53.62 13.67 3.7
55.0 53.62 31.32 3.0
55.0 53.60 37.73 3.5
55.0 53.57 41.77 3.5
55.0 53.56 37.15 3.5
55.0 53.61 16.41 3.7
55.0 53.59 36.49 4.1
55.0 53.56 42.49 3.5
55.0 53.57 31.92 3.7
55.0 53.58 26.82 3.6
55.0 53.64 9.00 3.8
55.0 53.67 18.96 3.6
55.0 53.70 19.69 3.4
55.0 53.71 27.18 3.5
55.0 53.68 38.85 3.1
55.0 53.69 28.27 3.3
55.0 53.74 10.60 3.0
55.0 53.71 39.21 3.1
55.0 53.70 32.65 3.5
55.0 53.70 29.83 3.7
55.0 53.68 37.93 3.0
55.0 53.67 32.16 2.8
55.0 53.63 43.45 3.1
55.0 53.64 27.64 3.5
55.0 53.67 22.63 3.3
55.0 53.67 26.62 3.2
55.0 53.64 43.53 3.3
55.0 53.62 37.97 3.3
55.0 53.67 9.54 3.4
55.0 53.72 10.40 3.7
55.0 53.71 33.95 3.2
55.0 53.70 33.79 3.2
55.0 53.70 27.13 3.2
55.0 53.68 37.98 3.2
55.0 53.67 34.55 3.6
55.0 53.66 32.07 3.1
55.0 53.67 28.03 3.5
55.0 53.61 53.50 3.4
55.0 53.65 19.08 3.4
55.0 53.66 26.33 3.5
55.0 53.64 37.26 3.4
55.0 53.60 43.06 3.3
55.0 53.63 22.14 3.7
55.0 53.64 27.64 3.5
55.0 53.67 20.82 3.5
55.0 53.67 26.62 3.5
55.0 53.74 9.84 3.3
55.0 53.71 37.86 3.3
55.0 53.73 23.48 2.8
55.0 53.70 39.11 3.3
55.0 53.70 27.13 3.5
55.0 53.69 33.69 3.1
55.0 53.74 10.69 3.5
55.0 53.67 54.59 3.1
55.0 53.66 32.06 3.0
55.0 53.70 17.70 3.7
55.0 53.69 32.51 3.2
55.0 53.69 28.36 3.1
55.0 53.71 23.27 3.7
55.0 53.79 0.01 3.2
55.0 53.73 50.00 3.1
55.0 53.73 28.83 3.3
55.0 53.73 27.55 3.1
55.0 53.71 34.00 2.8
55.0 53.75 18.37 2.8
55.0 53.80 8.36 3.1
55.0 53.78 33.39 3.0
55.0 53.75 39.21 3.0
55.0 53.69 49.86 3.0
55.0 53.70 27.00 3.5
55.0 53.74 12.94 3.3
55.0 53.74 27.81 2.7
55.0 53.76 25.39 3.1
55.0 53.76 28.03 3.2
55.0 53.84 -4.85 3.4
55.0 53.90 4.33 3.1
55.0 53.90 24.87 2.8
55.0 53.86 41.31 2.9
55.0 53.86 24.14 3.0
55.0 53.76 61.75 2.9
55.0 53.77 25.57 3.1
55.0 53.79 22.86 3.2
55.0 53.81 19.25 3.1
55.0 53.80 29.89 3.1
55.0 53.80 28.72 3.2
55.0 53.83 14.20 3.1
55.0 53.82 29.21 3.1
55.0 53.77 45.75 3.2
55.0 53.78 22.84 3.4
55.0 53.79 24.41 3.3
55.0 53.75 44.75 3.2
55.0 53.70 44.43 3.2
55.0 53.72 23.37 3.3
55.0 53.82 -10.95 3.3
55.0 53.82 31.11 3.2
55.0 53.79 35.10 2.9
55.0 53.82 17.72 3.7
55.0 53.87 9.25 3.2
55.0 53.85 29.73 3.1
55.0 53.86 25.31 3.0
55.0 53.87 18.71 2.3
55.0 53.88 25.56 3.3
55.0 53.86 30.72 3.0
55.0 53.75 67.07 3.0
55.0 53.76 23.98 3.1
55.0 53.80 11.78 3.2
55.0 53.80 30.91 3.3
55.0 53.82 17.78 3.1
55.0 53.87 7.19 3.0
55.0 53.92 7.97 3.0
55.0 53.93 19.61 2.6
55.0 53.92 26.22 2.6
55.0 53.92 25.17 3.3
55.0 53.90 30.53 2.6
55.0 53.94 12.11 2.8
55.0 53.95 20.03 2.6
55.0 53.92 36.82 2.8
55.0 53.96 10.50 3.0
55.0 53.99 11.01 2.9
55.0 53.97 31.67 2.5
55.0 53.94 31.28 2.7
55.0 53.94 27.40 2.6
55.0 53.95 19.96 2.7
55.0 53.88 46.99 2.7
55.0 53.88 24.56 2.2
55.0 53.90 20.50 2.8
55.0 53.93 15.49 2.8
55.0 53.88 41.42 2.8
55.0 53.82 46.12 2.8
55.0 53.93 -11.73 3.0
55.0 53.94 22.32 2.9
55.0 53.95 19.99 3.0
55.0 53.97 16.13 3.0
55.0 53.96 26.78 2.8
55.0 53.98 14.88 3.3
55.0 53.96 32.10 2.9
55.0 53.98 16.27 2.8
55.0 53.97 26.06 2.7
55.0 53.96 26.78 2.6
55.0 53.90 47.36 2.5
55.0 53.90 26.93 2.4
55.0 53.84 46.33 3.2
55.0 53.83 29.26 3.1
55.0 53.91 -1.10 3.1
55.0 53.93 15.59 3.0
55.0 53.93 26.29 2.8
55.0 53.97 8.85 3.0
55.0 53.94 31.28 2.8
55.0 53.98 10.86 2.8
55.0 53.99 20.64 2.8
55.0 53.96 32.13 2.8
55.0 53.98 16.29 3.0
55.0 53.93 42.34 2.7
55.0 53.93 25.28 2.1
55.0 53.94 19.76 2.9
55.0 53.93 27.31 2.8
55.0 53.93 25.29 3.0
55.0 53.97 10.63 2.7
55.0 53.94 31.25 2.5
55.0 53.94 27.38 2.6
55.0 54.02 -7.58 2.8
55.0 54.02 21.22 2.8
55.0 54.02 22.23 2.9
55.0 53.98 37.70 2.8
55.0 53.95 32.03 2.8
55.0 53.98 14.75 2.4
55.0 53.97 26.85 3.0
55.0 53.96 26.73 3.2
55.0 53.91 41.94 2.7
55.0 53.81 61.68 2.7
55.0 53.83 19.51 3.0
55.0 53.88 7.30 3.0
55.0 53.89 19.01 2.8
55.0 53.91 19.25 2.9
55.0 53.89 31.93 3.0
55.0 53.87 30.07 2.8
55.0 53.93 4.75 2.9
55.0 53.91 30.10 2.8
55.0 53.98 0.00 2.7
55.0 53.90 53.04 2.6
55.0 53.90 24.85 2.6
55.0 53.87 36.18 2.9
55.0 53.89 20.33 2.7
55.0 53.89 24.59 3.0
55.0 53.91 15.33 3.0
55.0 53.90 31.22 3.0
55.0 53.90 25.84 2.8
55.0 53.92 13.84 3.1
55.0 53.92 25.18 2.4
55.0 53.95 17.26 2.6
55.0 53.94 25.51 2.7
55.0 53.92 31.53 2.5
55.0 53.93 19.66 2.8
55.0 53.90 37.07 3.2
55.0 53.90 24.76 3.3
55.0 53.89 24.74 2.8
55.0 53.94 10.23 2.7
55.0 53.95 21.17 2.7
55.0 53.98 10.88 2.6
55.0 54.03 4.21 2.4
55.0 54.02 26.85 2.4
55.0 54.03 16.99 2.5
55.0 54.09 -0.55 2.0
55.0 54.11 12.72 2.4
55.0 54.09 28.58 2.3
55.0 54.07 27.77 2.3
55.0 54.05 28.03 2.4
55.0 53.98 48.74 2.4
55.0 54.01 12.87 2.6
55.0 54.00 26.54 2.6
55.0 53.99 27.13 1.9
55.0 54.04 4.27 2.8
55.0 54.06 10.52 2.7
55.0 54.06 22.78 2.3
55.0 54.00 43.51 2.6
55.0 54.00 21.96 2.0
55.0 53.99 27.17 2.3
55.0 53.99 20.77 2.6
55.0 54.03 11.49 2.6
55.0 54.03 22.31 2.7
55.0 54.04 17.12 2.4
55.0 54.07 10.62 2.3
55.0 54.05 27.44 2.4
55.0 54.03 28.46 2.3
55.0 54.06 10.50 2.2
55.0 53.97 53.53 2.0
55.0 54.01 9.56 2.9
55.0 54.01 22.07 2.6
55.0 54.01 21.07 2.4
55.0 54.03 15.64 2.3
55.0 54.06 11.92 2.5
55.0 54.05 22.70 2.8
55.0 54.04 27.83 2.5
55.0 54.02 26.94 2.3
55.0 54.08 -0.72 2.4
55.0 54.06 28.76 2.4
55.0 54.03 32.74 2.4
55.0 54.06 11.94 2.0
55.0 54.04 27.88 2.4
55.0 54.03 27.66 2.2
55.0 54.01 26.75 2.4
55.0 53.98 31.96 2.6
55.0 53.97 27.79 2.6
55.0 53.96 25.96 3.3
55.0 53.94 31.85 3.0
55.0 53.99 3.57 2.7
55.0 53.97 31.71 2.2
55.0 53.96 26.75 2.6
55.0 53.91 41.97 2.8
55.0 53.92 20.83 2.8
55.0 53.95 15.79 2.7
55.0 53.96 20.09 3.1
55.0 53.98 16.21 2.6
55.0 54.00 16.49 2.4
55.0 53.94 42.51 2.3
55.0 53.94 25.47 2.6
55.0 53.95 21.17 2.7
55.0 53.87 52.05 2.9
55.0 53.88 18.86 2.8
55.0 53.88 25.68 2.7
55.0 53.91 13.65 2.8
55.0 53.91 27.08 2.7
55.0 53.95 8.57 3.0
55.0 53.92 36.13 2.6
55.0 53.99 0.02 2.6
55.0 53.98 26.13 2.6
55.0 53.97 26.83 3.1
55.0 53.96 25.84 2.6
55.0 53.95 25.70 3.2
55.0 53.91 37.27 2.6
55.0 53.93 19.60 2.7
55.0 53.85 51.80 3.0
55.0 53.91 4.44 3.0
55.0 53.89 30.42 3.0
55.0 53.91 19.28 3.5
55.0 53.88 35.76 2.7
55.0 53.91 16.84 2.5
55.0 53.93 14.00 2.4
55.0 53.93 26.30 2.8
55.0 53.88 41.47 2.6
55.0 53.87 30.79 2.9
55.0 53.87 25.46 2.6
55.0 53.80 51.24 2.8
55.0 53.88 -1.47 3.0
55.0 53.87 30.78 3.0
55.0 53.87 24.28 3.1
55.0 53.90 15.10 3.1
55.0 53.91 20.68 2.9
55.0 53.88 36.31 2.7
55.0 53.88 24.49 2.6
55.0 53.87 30.78 3.0
55.0 53.84 35.74 3.1
55.0 53.84 23.86 2.9
55.0 53.85 25.16 2.9
55.0 53.89 7.60 3.2
55.0 53.86 36.10 2.9
55.0 53.84 35.09 3.0
55.0 53.80 40.06 2.8
55.0 53.78 34.90 3.1
55.0 53.77 29.50 3.2
55.0 53.81 13.93 3.3
55.0 53.81 28.91 3.0
55.0 53.71 60.94 3.1
55.0 53.73 25.10 3.2
55.0 53.79 5.81 4.0
55.0 53.81 17.67 3.1
55.0 53.82 24.80 3.1
55.0 53.87 9.31 3.0
55.0 53.81 46.00 2.8
55.0 53.84 18.05 2.8
55.0 53.86 21.38 3.1
55.0 53.86 24.12 3.0
55.0 53.88 20.18 2.9
55.0 53.80 51.35 3.1
55.0 53.81 24.67 2.6
55.0 53.83 19.60 3.6
55.0 53.84 23.79 3.1
55.0 53.86 19.93 3.0
55.0 53.92 4.54 2.8
55.0 53.94 12.58 2.5
55.0 53.92 31.60 2.4
55.0 53.91 30.61 2.4
55.0 53.92 22.07 2.5
55.0 53.99 -2.33 3.3
55.0 54.05 0.93 2.6
55.0 54.02 32.56 2.6
55.0 54.01 26.66 2.4
55.0 53.99 27.22 2.6
55.0 53.98 26.26 2.8
55.0 54.03 7.93 2.8
55.0 54.03 20.43 2.8
55.0 53.99 37.66 2.4
55.0 53.99 21.81 2.7
55.0 54.11 -20.22 2.6
55.0 54.09 29.08 2.4
55.0 54.04 38.59 2.8
55.0 54.03 26.99 2.8
55.0 53.95 47.76 2.8
55.0 53.92 36.47 3.3
55.0 53.91 26.10 3.1
55.0 53.90 31.21 3.1
55.0 54.03 -21.42 3.3
55.0 54.06 11.92 3.1
55.0 54.01 38.07 3.2
55.0 54.00 28.06 2.8
55.0 54.00 20.89 3.0
55.0 53.99 27.16 3.1
55.0 53.95 37.03 3.1
55.0 53.97 16.15 3.6
55.0 53.96 26.80 3.0
55.0 54.00 9.41 3.0
55.0 54.02 15.44 2.7
55.0 54.00 27.36 2.8
55.0 54.02 16.82 2.8
55.0 54.11 -11.85 2.7
55.0 54.07 33.96 2.3
55.0 54.07 22.89 2.8
55.0 54.04 32.84 2.8
55.0 54.03 22.42 2.8
55.0 54.03 22.41 2.8
55.0 54.02 26.89 2.8
55.0 53.99 32.54 2.8
55.0 53.98 26.22 2.9
55.0 53.91 47.31 2.9
55.0 53.95 8.62 3.0
55.0 53.98 13.23 3.1
55.0 53.97 26.84 2.8
55.0 53.99 16.36 2.8
55.0 53.99 21.81 2.6
55.0 54.01 15.32 2.5
55.0 53.98 32.42 3.0
55.0 53.99 21.75 2.6
55.0 54.02 9.77 2.4
55.0 53.96 42.90 2.7
55.0 53.93 36.98 2.7
55.0 53.94 21.05 2.8
55.0 53.93 25.39 2.9
55.0 53.90 36.13 2.8
55.0 53.91 22.00 2.2
55.0 53.88 35.81 3.0
55.0 53.88 25.62 3.5
55.0 53.94 2.61 3.0
55.0 53.93 26.37 2.8
55.0 53.94 19.88 3.3
55.0 53.95 20.03 2.7
55.0 53.92 36.82 2.8
55.0 53.90 31.23 3.3
55.0 53.81 56.51 2.8
55.0 53.82 23.43 3.2
55.0 53.81 30.00 3.1
55.0 53.82 24.74 3.1
55.0 53.87 7.14 2.8
55.0 53.85 29.73 3.1
55.0 53.86 25.31 3.5
55.0 53.86 24.16 3.0
55.0 53.86 25.38 2.8
55.0 53.84 35.06 2.8
55.0 53.87 16.43 2.9
55.0 53.89 18.90 3.0
55.0 53.84 41.11 3.0
55.0 53.82 34.74 3.0
55.0 53.81 29.99 2.9
55.0 53.82 24.74 3.4
55.0 53.84 18.08 3.1
55.0 53.84 25.10 3.0
55.0 53.88 14.79 2.5
55.0 53.83 40.65 3.0
55.0 53.84 25.04 2.9
55.0 53.77 50.69 2.7
55.0 53.77 29.41 3.3
55.0 53.78 22.76 3.1
55.0 53.83 6.55 3.2
55.0 53.85 19.87 3.0
55.0 53.80 45.66 3.1
55.0 53.81 24.60 3.1
55.0 53.81 23.37 3.3
55.0 53.76 45.66 3.0
55.0 53.78 22.71 3.0
55.0 53.67 65.75 3.1
55.0 53.66 33.30 4.3
55.0 53.66 33.20 3.4
55.0 53.65 33.11 3.5
55.0 53.65 31.79 3.6
55.0 53.67 22.67 3.1
55.0 53.66 33.26 3.3
55.0 53.70 15.68 3.6
55.0 53.79 -2.72 3.5
55.0 53.79 29.65 3.3
55.0 53.81 19.26 2.9
55.0 53.82 23.41 3.3
55.0 53.79 34.35 3.1
55.0 53.86 6.06 3.1
55.0 53.76 62.72 2.9
55.0 53.79 18.99 2.9
55.0 53.80 23.11 3.1
55.0 53.79 29.77 3.2
55.0 53.82 19.36 3.2
55.0 53.81 28.95 3.0
55.0 53.77 40.15 3.0
55.0 53.76 34.57 3.0
55.0 53.78 17.13 3.3
55.0 53.68 65.13 3.1
55.0 53.73 12.72 3.4
55.0 53.72 34.00 3.5
55.0 53.67 43.53 3.5
55.0 53.68 28.18 3.5
55.0 53.73 12.74 3.4
55.0 53.76 16.73 3.3
55.0 53.76 29.27 3.2
55.0 53.74 33.44 3.2
55.0 53.73 35.19 4.0
55.0 53.74 22.13 3.2
55.0 53.77 16.93 3.1
55.0 53.78 24.25 3.0
55.0 53.78 29.55 2.8
55.0 53.76 34.63 3.4
55.0 53.71 44.22 3.3
55.0 53.72 30.02 3.3
55.0 53.72 27.40 3.1
55.0 53.78 5.62 3.3
55.0 53.85 1.05 2.7
55.0 53.79 45.59 3.0
55.0 53.85 8.97 3.0
55.0 53.81 39.88 3.0
55.0 53.80 28.80 3.3
55.0 53.84 16.08 3.1
55.0 53.83 29.27 2.8
55.0 53.83 24.97 2.9
55.0 53.85 18.34 2.9
55.0 53.91 4.48 3.0
55.0 53.85 46.62 3.0
55.0 53.92 2.20 2.8
55.0 53.81 62.61 2.7
55.0 53.82 24.77 2.4
55.0 53.84 18.11 3.3
55.0 53.84 25.12 2.6
55.0 53.86 18.51 2.7
55.0 53.84 36.40 2.8
55.0 53.81 34.65 2.5
55.0 53.82 23.45 3.1
55.0 53.81 31.06 3.3
55.0 53.79 34.26 3.1
55.0 53.73 50.07 3.1
55.0 53.77 11.22 3.3
55.0 53.74 40.37 3.2
55.0 53.71 38.54 3.1
55.0 53.70 32.71 3.2
55.0 53.66 43.86 3.3
55.0 53.64 38.26 3.3
55.0 53.66 22.59 3.9
55.0 53.67 26.57 3.5
55.0 53.68 26.69 3.5
55.0 53.67 34.55 3.5
55.0 53.69 21.24 3.4
55.0 53.71 23.24 3.5
55.0 53.70 33.77 3.4
55.0 53.75 12.97 3.2
55.0 53.75 27.86 2.6
55.0 53.73 33.25 3.1
55.0 53.72 35.08 3.1
55.0 53.75 16.53 3.1
55.0 53.78 18.79 3.2
55.0 53.74 39.11 3.1
55.0 53.80 8.33 3.2
55.0 53.81 23.28 3.3
55.0 53.85 12.50 2.8
55.0 53.86 20.03 3.0
55.0 53.84 35.72 2.8
55.0 53.92 -3.58 3.1
55.0 53.88 36.36 2.8
55.0 53.87 30.82 3.0
55.0 53.86 30.64 3.3
55.0 53.89 13.22 2.4
55.0 53.86 36.01 3.1
55.0 53.92 4.55 3.0
55.0 53.87 41.23 2.6
55.0 53.87 25.53 2.8
55.0 53.80 51.33 2.8
55.0 53.78 35.80 3.5
55.0 53.75 39.20 3.1
55.0 53.72 38.69 3.1
55.0 53.78 8.02 3.3
55.0 53.75 39.16 3.1
55.0 53.77 18.77 3.1
55.0 53.83 6.48 3.4
55.0 53.81 33.87 3.1
55.0 53.80 30.93 3.1
55.0 53.81 23.25 3.7
55.0 53.84 14.35 3.1
55.0 53.94 -6.15 3.1
55.0 53.96 15.97 2.9
55.0 53.95 25.74 2.8
55.0 53.95 25.62 2.9
55.0 53.95 22.47 2.8
55.0 53.95 25.65 2.9
55.0 53.96 21.30 3.0
55.0 53.92 36.49 2.7
55.0 53.87 41.53 2.8
55.0 53.89 20.36 2.8
55.0 53.89 24.62 3.3
55.0 53.87 30.88 3.4
55.0 53.84 35.83 2.8
55.0 53.82 35.48 3.3
55.0 53.83 23.57 3.1
55.0 53.79 39.88 3.2
55.0 53.78 30.76 3.2
55.0 53.84 6.62 3.2
55.0 53.83 29.27 3.1
55.0 53.85 19.79 3.1
55.0 53.84 29.43 3.1
55.0 53.91 -0.98 3.2
55.0 53.94 14.13 2.9
55.0 53.94 27.36 2.8
55.0 53.94 19.91 3.0
55.0 54.04 -13.03 2.0
55.0 54.01 33.28 2.9
55.0 53.98 32.44 2.8
55.0 54.02 11.36 2.8
55.0 54.00 26.63 2.5
55.0 53.98 32.35 2.8
55.0 53.95 32.02 2.9
55.0 53.95 25.64 3.0
55.0 53.94 26.47 2.6
55.0 53.92 31.54 3.0
55.0 53.90 31.29 2.6
55.0 53.84 46.42 2.8
55.0 53.85 23.92 3.1
55.0 53.84 31.34 3.3
55.0 53.87 12.91 3.1
55.0 53.87 25.50 3.1
55.0 53.87 24.36 3.1
55.0 53.84 36.49 3.0
55.0 53.89 7.56 3.2
55.0 53.96 -5.36 3.0
55.0 53.94 31.85 2.9
55.0 53.95 21.24 3.0
55.0 53.94 26.52 3.0
55.0 53.95 20.05 2.8
55.0 53.92 36.84 2.8
55.0 53.94 15.73 2.9
55.0 54.04 -13.06 3.0
55.0 54.07 13.49 3.6
55.0 54.01 43.41 2.5
55.0 54.01 21.01 3.0
55.0 54.01 22.08 2.2
55.0 53.98 31.94 2.8
55.0 53.99 22.85 2.5
55.0 53.95 37.00 3.0
55.0 53.97 16.13 2.8
55.0 53.95 31.34 2.6
55.0 53.93 31.64 2.5
55.0 53.91 31.38 2.8
55.0 53.88 35.76 3.2
55.0 53.86 31.64 3.7
55.0 53.84 35.06 3.0
55.0 53.88 7.43 2.8
55.0 53.90 19.13 3.1
55.0 53.93 15.50 3.1
55.0 53.97 10.64 3.0
55.0 53.93 36.66 2.8
55.0 53.95 15.88 2.8
55.0 53.87 52.15 2.8
55.0 53.89 18.97 2.9
55.0 53.83 46.26 2.8
55.0 53.82 29.18 3.0
55.0 53.89 6.34 3.3
55.0 53.80 57.57 3.0
55.0 53.84 12.37 2.8
55.0 53.86 19.93 3.2
55.0 53.86 25.34 3.1
55.0 53.85 30.53 3.0
55.0 53.84 29.43 3.9
55.0 53.78 45.59 2.9
55.0 53.84 8.84 3.1
55.0 53.92 -6.37 3.0
55.0 53.88 36.37 3.0
55.0 53.88 25.67 3.1
55.0 53.93 10.09 2.8
55.0 53.94 19.79 3.2
55.0 53.93 25.39 2.8
55.0 53.93 27.27 2.7
55.0 53.85 52.16 2.7
55.0 53.85 25.26 3.0
55.0 53.87 18.66 3.0
55.0 53.86 30.68 3.1
55.0 53.88 20.18 2.8
55.0 53.89 18.99 3.0
55.0 53.86 36.06 2.8
55.0 53.82 40.80 2.8
55.0 53.83 23.57 3.0
55.0 53.89 4.14 3.1
55.0 53.95 2.77 2.8
55.0 53.96 20.12 2.8
55.0 53.98 14.78 2.9
55.0 53.97 26.02 2.5
55.0 53.97 22.71 2.6
55.0 54.10 -23.76 2.6
55.0 54.05 38.75 2.8
55.0 53.97 48.68 2.5
55.0 53.97 27.69 2.8
55.0 53.99 14.91 3.0
55.0 53.96 31.57 2.7
55.0 53.97 21.48 3.1
55.0 54.02 5.93 2.9
55.0 53.99 32.06 2.7
55.0 54.02 9.81 2.8
55.0 54.04 14.51 2.9
55.0 54.04 23.40 2.6
55.0 54.01 32.36 2.6
55.0 54.01 22.06 2.4
55.0 54.01 22.09 3.1
55.0 54.00 27.29 2.4
55.0 54.00 20.90 2.8
55.0 53.99 26.39 2.7
55.0 54.04 8.01 3.0
55.0 54.04 20.56 2.6
55.0 54.07 12.03 2.6
55.0 54.15 -11.16 2.8
55.0 54.14 24.51 2.3
55.0 54.13 23.71 2.1
55.0 54.12 22.88 2.8
55.0 54.11 23.45 2.1
55.0 54.09 28.51 2.3
55.0 54.09 16.78 2.4
55.0 54.10 17.97 2.3
55.0 54.10 23.27 2.3
55.0 54.10 17.98 2.7
55.0 54.07 33.38 2.5
55.0 54.03 33.14 2.6
55.0 54.00 32.73 2.8
55.0 53.99 26.43 2.7
55.0 54.04 6.24 2.4
55.0 54.05 14.83 2.6
55.0 54.05 23.55 2.6
55.0 54.02 32.57 2.6
55.0 53.99 32.09 2.0
55.0 53.94 42.45 2.6
55.0 53.96 15.99 2.7
55.0 53.98 16.29 3.2
55.0 53.99 20.65 2.7
55.0 53.99 21.81 2.8
55.0 53.97 32.19 2.4
55.0 53.96 25.84 2.6
55.0 53.99 11.03 2.6
55.0 54.00 21.90 2.5
55.0 53.99 27.11 2.6
55.0 53.99 20.70 2.3
55.0 54.02 9.82 2.6
55.0 54.11 -9.18 2.6
55.0 54.09 28.10 2.6
55.0 54.07 28.27 2.7
55.0 54.04 32.85 2.5
55.0 54.05 17.23 2.6
55.0 53.98 48.28 2.6
55.0 53.98 20.54 2.6
55.0 54.01 11.33 2.7
55.0 54.05 11.76 2.7
55.0 54.12 -3.61 2.4
55.0 54.14 11.79 2.4
55.0 54.11 28.88 2.4
55.0 54.15 7.75 2.3
55.0 54.18 5.23 2.4
55.0 54.15 29.15 2.2
55.0 54.12 29.04 1.8
55.0 54.11 22.83 2.1
55.0 54.08 33.74 2.4
55.0 54.19 -22.18 2.4
55.0 54.17 25.48 2.4
55.0 54.19 12.66 2.8
55.0 54.19 18.37 2.3
55.0 54.16 29.51 2.4
55.0 54.14 23.95 2.3
55.0 54.13 23.79 2.4
55.0 54.11 28.41 2.3
55.0 54.10 24.09 2.5
55.0 54.11 17.00 2.6
55.0 54.06 38.85 2.7
55.0 54.05 22.68 2.6
55.0 54.05 22.64 2.8
55.0 54.03 27.78 2.7
55.0 54.03 21.45 2.7
55.0 54.05 15.97 2.8
55.0 54.00 38.24 2.6
55.0 54.09 -12.13 3.0
55.0 54.06 33.80 2.6
55.0 54.04 27.26 2.8
55.0 54.01 33.27 2.5
55.0 54.01 21.08 3.3
55.0 54.03 15.64 2.8
55.0 54.04 17.14 3.0
55.0 54.09 6.88 2.5
55.0 54.09 16.78 2.4
55.0 54.09 22.38 2.6
55.0 54.08 23.08 2.6
55.0 54.09 17.81 2.2
55.0 54.04 38.60 2.2
55.0 54.05 17.30 2.5
55.0 54.02 32.99 2.2
55.0 54.07 6.63 2.5
55.0 54.08 15.35 2.4
55.0 54.04 33.00 2.3
55.0 54.04 23.46 3.3
55.0 53.98 43.24 2.4
55.0 53.97 26.94 2.8
55.0 53.98 20.51 2.7
55.0 53.94 37.17 2.7
55.0 53.95 21.22 2.7
55.0 53.90 41.79 2.8
55.0 53.88 31.87 2.8
55.0 53.88 24.56 2.9
55.0 53.83 46.14 3.1
55.0 53.92 -6.38 3.3
55.0 53.92 26.13 3.1
55.0 53.90 31.24 3.2
55.0 53.81 57.04 2.6
55.0 53.82 24.76 2.9
55.0 53.85 14.48 3.2
55.0 53.84 29.52 3.0
55.0 53.85 25.15 3.0
55.0 53.85 23.98 3.5
55.0 53.87 21.52 2.9
55.0 53.87 24.32 3.0
55.0 53.90 13.43 3.0
55.0 53.88 31.87 3.2
55.0 53.87 29.99 3.0
55.0 53.87 25.49 3.0
55.0 53.90 13.45 3.9
55.0 53.90 26.97 3.0
55.0 53.88 30.23 3.0
55.0 53.88 24.56 2.4
55.0 53.88 25.67 2.7
55.0 53.91 15.31 2.9
55.0 53.84 51.63 3.0
55.0 53.86 18.41 3.2
55.0 53.85 29.57 2.8
55.0 53.81 41.10 3.0
55.0 53.81 23.35 2.6
55.0 53.84 19.62 3.0
55.0 53.88 7.42 3.3
55.0 53.88 24.56 2.6
55.0 53.90 20.50 2.6
55.0 53.97 -2.64 2.9
55.0 53.88 56.88 2.8
55.0 53.88 24.43 2.8
55.0 53.92 10.00 3.1
55.0 53.93 19.68 2.8
55.0 53.93 26.28 2.7
55.0 53.94 21.04 3.3
55.0 53.95 19.94 2.8
55.0 53.88 46.97 3.0
55.0 53.91 15.29 2.8
55.0 53.92 19.54 2.9
55.0 53.93 21.00 3.1
55.0 53.91 30.76 2.8
55.0 53.93 22.16 2.8
55.0 53.88 41.42 2.9
55.0 53.85 35.30 3.0
55.0 53.84 31.37 2.6
55.0 53.86 18.42 3.3
55.0 53.89 14.98 3.0
55.0 53.92 13.74 2.9
55.0 53.96 12.28 2.7
55.0 53.97 20.27 2.8
55.0 53.97 20.38 2.7
55.0 53.98 21.61 3.0
55.0 53.98 21.68 2.6
55.0 53.97 26.92 2.7
55.0 53.99 15.03 2.2
55.0 54.06 -1.17 2.3
55.0 54.05 23.57 2.6
55.0 54.02 32.60 3.0
55.0 54.02 22.24 2.4
55.0 53.99 32.58 2.6
55.0 53.97 32.22 2.4
55.0 53.96 25.87 2.6
55.0 53.94 31.16 2.6
55.0 53.93 27.33 2.5
55.0 53.94 19.87 2.7
55.0 53.94 26.41 2.5
55.0 53.92 30.79 3.0
55.0 53.93 20.91 2.8
55.0 53.94 21.06 2.9
55.0 53.95 19.95 2.8
55.0 53.93 31.63 2.5
55.0 53.95 15.84 2.4
55.0 53.94 26.52 2.6
55.0 53.95 20.05 3.0
55.0 53.97 14.72 2.7
55.0 53.99 17.82 3.0
55.0 53.98 26.28 2.5
55.0 53.93 42.35 2.4
55.0 53.94 21.09 2.9
55.0 53.93 25.44 2.6
55.0 53.89 41.73 2.7
55.0 53.90 19.15 2.8
55.0 53.90 26.96 2.8
55.0 53.84 46.38 2.6
55.0 53.83 29.30 3.1
55.0 53.85 19.82 2.8
55.0 53.85 25.24 3.0
55.0 53.96 -11.33 2.9
55.0 53.95 26.62 3.5
55.0 53.96 21.36 2.8
55.0 53.95 26.63 3.0
55.0 53.90 41.83 2.6
55.0 53.89 31.05 3.0
55.0 53.93 10.12 3.0
55.0 53.92 26.25 3.2
55.0 53.91 30.61 3.0
55.0 53.89 30.32 2.7
55.0 53.89 26.84 2.0
55.0 53.90 19.19 3.0
55.0 53.87 36.20 2.8
55.0 53.89 18.93 3.3
55.0 53.87 31.75 3.0
55.0 53.89 18.94 3.0
55.0 53.90 19.18 2.9
55.0 53.94 10.33 3.0
55.0 53.92 31.59 2.8
55.0 53.93 21.00 2.9
55.0 53.93 25.34 2.8
55.0 53.94 21.07 3.0
55.0 53.93 26.37 3.0
55.0 53.94 19.89 3.0
55.0 53.94 26.42 2.8
55.0 53.86 51.94 2.8
55.0 53.89 15.01 3.1
55.0 53.89 24.68 2.8
55.0 53.85 40.88 2.8
55.0 53.81 41.12 3.2
55.0 53.83 17.93 3.3
55.0 53.85 19.82 3.1
55.0 53.87 18.58 2.4
55.0 53.87 25.47 2.9
55.0 53.90 15.12 3.0
55.0 53.97 -2.62 2.8
55.0 53.96 27.66 2.7
55.0 54.06 -12.76 2.7
55.0 54.03 33.44 2.8
55.0 54.01 26.75 3.2
55.0 54.03 16.92 3.0
55.0 54.01 27.49 2.8
55.0 54.01 21.12 2.7
55.0 54.02 22.16 2.8
55.0 54.02 22.17 2.7
55.0 54.02 21.19 3.0
55.0 53.99 32.53 2.7
55.0 53.98 26.21 2.8
55.0 53.98 22.82 2.7
55.0 53.97 26.12 2.7
55.0 53.98 20.52 2.4
55.0 53.99 22.82 3.0
55.0 54.00 15.22 2.6
55.0 53.99 27.19 2.4
55.0 54.02 9.84 2.6
55.0 53.97 42.87 2.5
55.0 53.97 20.41 2.7
55.0 53.99 15.04 2.6
55.0 54.04 6.26 3.0
55.0 54.03 27.00 2.8
55.0 54.01 27.47 2.4
55.0 54.00 26.53 2.5
55.0 54.00 20.89 2.3
55.0 53.99 27.97 2.7
55.0 53.98 26.20 2.7
55.0 53.93 42.29 3.0
55.0 53.94 19.77 2.8
55.0 53.93 26.34 3.3
55.0 53.93 26.28 2.5
55.0 53.95 14.32 2.9
55.0 53.93 32.38 2.8
55.0 53.91 30.70 3.0
55.0 53.92 20.84 3.0
55.0 53.92 25.16 2.8
55.0 53.94 15.75 2.5
55.0 53.95 21.27 2.6
55.0 53.95 25.63 3.1
55.0 53.98 10.88 3.1
55.0 53.99 21.76 2.6
55.0 53.98 26.18 2.9
55.0 54.04 0.80 2.5
55.0 54.03 26.37 2.4
55.0 54.01 28.20 2.7
55.0 53.98 31.96 2.9
55.0 53.99 20.67 2.4
55.0 53.91 52.24 2.6
55.0 53.89 30.33 2.7
55.0 53.87 30.90 2.8
55.0 53.90 13.51 2.9
55.0 53.90 27.00 2.8
55.0 53.89 30.27 2.9
55.0 53.79 62.16 2.4
55.0 53.81 19.26 3.3
55.0 53.85 14.38 3.0
55.0 53.88 14.84 2.8
55.0 53.87 29.91 2.8
55.0 53.82 40.48 2.9
55.0 53.82 31.11 3.0
55.0 53.82 23.50 3.1
55.0 53.87 9.32 3.1
55.0 53.80 51.67 2.8
55.0 53.82 21.04 3.0
55.0 53.86 12.73 3.0
55.0 53.86 24.18 3.2
55.0 53.88 21.64 3.3
55.0 53.89 19.03 2.9
55.0 53.91 20.62 3.1
55.0 53.90 24.92 2.9
55.0 53.92 20.76 3.0
55.0 53.96 10.52 3.2
55.0 53.95 25.70 2.4
55.0 53.96 21.34 3.3
55.0 53.94 31.77 2.6
55.0 53.93 25.37 2.8
55.0 53.93 26.27 3.3
55.0 53.89 36.04 2.6
55.0 53.91 21.95 2.9
55.0 53.92 19.47 2.8
55.0 53.90 31.27 2.7
55.0 53.91 20.72 2.6
55.0 53.93 19.58 2.8
55.0 53.95 15.83 3.0
55.0 53.94 25.59 3.0
55.0 53.95 22.45 3.3
55.0 53.96 20.17 2.8
55.0 53.95 25.74 2.7
55.0 53.93 31.69 2.8
55.0 53.94 21.09 2.8
55.0 53.93 26.39 2.6
55.0 53.94 19.91 3.1
55.0 53.97 16.07 2.7
55.0 53.96 26.73 2.4
55.0 53.95 25.73 2.0
55.0 53.94 26.53 2.7
55.0 53.95 21.27 2.4
55.0 54.00 5.74 2.8
55.0 53.99 25.69 2.6
55.0 54.00 20.80 2.7
55.0 54.01 18.03 2.6
55.0 54.00 26.58 2.6
55.0 53.96 37.45 2.2
55.0 53.92 36.57 2.6
55.0 53.88 41.59 2.9
55.0 53.83 40.99 2.9
55.0 53.88 7.39 2.9
55.0 53.88 24.54 3.1
55.0 53.90 20.49 2.6
55.0 53.93 15.48 3.2
55.0 53.94 19.76 3.0
55.0 53.94 19.92 2.7
55.0 53.98 12.55 3.3
55.0 53.99 20.64 2.8
55.0 53.96 32.13 2.5
55.0 54.00 11.09 2.2
55.0 54.02 15.43 2.8
55.0 54.03 16.98 2.4
55.0 53.99 37.68 2.6
55.0 53.99 22.90 2.5
55.0 54.00 20.79 2.4
55.0 54.00 21.92 1.8
55.0 53.97 31.77 2.7
55.0 53.98 21.63 2.5
55.0 54.00 16.51 2.7
55.0 54.00 20.89 2.7
55.0 53.96 37.45 2.8
55.0 53.94 31.80 3.0
55.0 53.95 19.96 2.6
55.0 53.97 16.11 2.4
55.0 53.98 21.60 2.7
55.0 54.00 16.48 2.6
55.0 54.00 20.85 2.2
55.0 53.99 26.35 2.5
55.0 53.98 27.83 2.6
55.0 53.97 26.01 2.4
55.0 53.97 21.57 2.6
55.0 53.98 20.51 2.8
55.0 53.97 27.75 3.0
55.0 53.98 20.45 2.6
55.0 53.98 20.54 2.6
55.0 53.96 32.06 2.6
55.0 53.96 21.42 2.6
55.0 53.97 21.51 2.7
55.0 53.98 20.46 2.6
55.0 53.98 20.55 2.8
55.0 53.99 22.83 2.8
55.0 53.98 26.15 2.6
55.0 54.00 16.48 2.7
55.0 53.98 27.09 2.6
55.0 54.05 0.89 2.6
55.0 53.99 43.62 2.4
55.0 54.01 15.27 2.2
55.0 53.99 28.02 2.5
55.0 54.03 9.88 2.6
55.0 54.03 21.33 2.7
55.0 54.00 32.20 2.6
55.0 53.99 27.12 3.0
55.0 54.01 16.61 2.3
55.0 53.99 26.45 2.3
55.0 54.03 11.49 2.5
55.0 54.04 17.11 2.2
55.0 54.04 21.55 2.7
55.0 54.07 12.07 2.9
55.0 53.99 48.51 2.1
55.0 53.98 27.04 2.8
55.0 54.04 -1.35 3.4
55.0 54.01 32.86 2.6
55.0 54.02 22.15 2.2
55.0 54.00 26.60 2.4
55.0 54.05 6.36 2.6
55.0 53.97 49.31 2.7
55.0 53.98 22.77 2.6
55.0 53.97 26.05 2.8
55.0 53.98 20.46 2.8
55.0 53.91 47.35 2.8
55.0 53.91 26.00 2.7
55.0 53.89 31.12 3.1
55.0 53.90 19.21 2.8
55.0 53.86 41.09 2.8
55.0 53.91 11.69 3.0
55.0 53.92 19.44 2.6
55.0 53.93 20.93 2.9
55.0 53.91 31.39 2.6
55.0 53.92 20.83 2.8
55.0 53.98 3.25 2.9
55.0 53.94 36.60 2.3
55.0 53.95 22.40 3.0
55.0 53.93 30.96 2.8
55.0 53.95 15.85 2.8
55.0 54.00 3.71 2.9
55.0 54.01 20.96 2.6
55.0 53.99 27.21 2.7
55.0 53.98 26.25 2.6
55.0 53.96 32.08 2.5
55.0 54.05 -10.01 2.4
55.0 54.04 27.82 3.0
55.0 54.05 17.24 2.6
55.0 54.05 22.60 2.8
55.0 54.06 17.38 2.4
55.0 54.01 38.13 2.7
55.0 54.02 22.15 2.3
55.0 54.00 27.34 2.8
55.0 53.99 26.40 2.7
55.0 54.01 16.66 2.4
55.0 54.03 15.59 3.0
55.0 53.98 38.02 2.8
55.0 53.97 26.09 2.8
55.0 53.93 36.76 2.4
55.0 53.94 21.14 2.8
55.0 53.97 16.07 2.8
55.0 53.94 31.88 2.9
55.0 53.95 20.05 2.8
55.0 53.98 16.18 2.6
55.0 53.98 21.65 2.4
55.0 54.00 15.15 2.7
55.0 53.92 52.73 2.4
55.0 53.90 31.24 3.4
55.0 53.88 31.02 3.0
55.0 53.80 56.80 2.2
55.0 53.85 6.82 3.0
55.0 53.85 25.24 3.1
55.0 53.87 18.63 3.1
55.0 53.87 25.50 3.2
55.0 53.90 13.46 3.0
55.0 53.91 20.73 2.6
55.0 53.94 15.70 2.6
55.0 54.01 -1.98 2.7
55.0 53.98 32.40 2.6
55.0 53.97 26.90 2.5
55.0 53.91 47.29 3.0
55.0 53.90 24.89 2.8
55.0 53.92 20.74 2.7
55.0 53.97 5.27 2.6
55.0 53.96 25.06 2.8
55.0 53.95 26.67 2.6
55.0 53.90 41.97 3.0
55.0 54.03 -24.86 2.8
55.0 54.01 33.21 2.8
55.0 54.05 4.54 2.8
55.0 54.03 27.79 2.8
55.0 54.02 26.89 2.8
55.0 54.02 21.22 3.0
55.0 54.04 17.04 2.9
55.0 54.02 27.60 3.0
55.0 54.01 27.40 2.6
55.0 54.02 15.56 2.7
55.0 53.98 37.73 2.6
55.0 53.99 21.73 2.6
55.0 54.00 15.23 2.8
55.0 54.05 6.39 2.8
55.0 54.11 -0.27 2.7
55.0 54.07 33.65 2.5
55.0 54.07 22.01 2.5
55.0 54.11 5.49 2.9
55.0 54.10 23.31 2.6
55.0 54.12 11.50 2.6
55.0 54.11 23.50 2.3
55.0 54.06 38.92 2.4
55.0 54.01 38.36 2.5
55.0 54.02 21.12 2.5
55.0 53.97 37.42 2.6
55.0 53.92 42.21 2.7
55.0 53.92 26.14 3.3
55.0 53.96 10.52 3.1
55.0 53.94 31.13 2.8
55.0 53.93 26.33 2.8
55.0 54.03 -10.35 2.8
55.0 54.06 11.93 2.4
55.0 54.04 27.87 2.6
55.0 54.04 22.48 2.8
55.0 53.99 37.80 2.8
55.0 53.90 57.73 2.7
55.0 53.90 24.77 3.3
55.0 53.91 21.98 3.0
55.0 53.97 3.06 3.3
55.0 53.97 20.38 2.8
55.0 53.99 15.01 2.8
55.0 54.00 21.87 2.8
55.0 53.97 32.24 2.7
55.0 53.98 20.45 2.8
55.0 53.97 26.84 2.6
55.0 54.00 11.14 2.7
55.0 53.99 26.39 2.6
55.0 54.01 16.65 2.7
55.0 54.03 16.89 2.8
55.0 54.03 22.29 2.5
55.0 54.06 10.36 2.5
55.0 54.05 22.67 2.4
55.0 54.05 22.63 2.5
55.0 54.09 5.24 2.2
55.0 54.07 27.78 2.5
55.0 54.05 27.46 2.4
55.0 54.04 28.48 2.0
55.0 54.02 26.91 2.6
55.0 54.04 15.77 2.6
55.0 54.06 12.02 2.1
55.0 54.05 27.95 2.4
55.0 54.06 17.36 2.6
55.0 54.04 27.27 2.8
55.0 54.03 27.67 2.6
55.0 54.03 22.29 2.6
55.0 54.04 15.86 2.6
55.0 54.04 22.49 2.5
55.0 54.11 -3.68 3.0
55.0 54.13 12.98 2.4
55.0 54.14 17.51 2.1
55.0 54.08 39.31 2.3
55.0 53.98 58.01 2.6
55.0 53.97 26.00 2.4
55.0 54.00 11.16 2.7
55.0 53.92 53.33 3.3
55.0 53.93 20.95 2.1
55.0 54.03 -10.36 2.8
55.0 54.03 22.33 2.8
55.0 54.00 33.15 3.0
55.0 54.08 -6.62 2.9
55.0 54.11 7.29 2.8
55.0 54.08 33.47 2.8
55.0 54.06 28.12 2.3
55.0 54.06 22.70 2.6
55.0 54.05 21.77 2.6
55.0 54.05 22.63 2.7
55.0 54.05 22.60 2.8
55.0 54.08 10.71 2.5
55.0 54.06 28.09 2.7
55.0 54.07 16.32 2.5
55.0 54.17 -11.35 2.2
55.0 54.15 24.08 2.6
55.0 54.13 28.74 2.4
55.0 54.09 34.13 2.6
55.0 54.07 27.72 2.6
55.0 54.08 17.63 2.6
55.0 54.09 16.66 2.8
55.0 54.10 18.94 2.5
55.0 54.08 27.85 2.5
55.0 54.07 22.08 2.6
55.0 54.10 12.46 2.6
55.0 54.09 23.18 2.4
55.0 54.08 23.09 2.7
55.0 54.06 27.65 2.8
55.0 54.02 38.16 2.7
55.0 53.99 33.03 2.6
55.0 53.93 42.40 2.8
55.0 53.96 15.95 3.3
55.0 53.99 9.33 3.0
55.0 54.04 6.27 2.7
55.0 54.01 32.12 2.6
55.0 54.00 26.54 2.9
55.0 53.99 27.94 2.6
55.0 53.98 26.17 2.8
55.0 53.98 21.68 2.6
55.0 53.96 31.51 2.7
55.0 53.98 16.25 2.7
55.0 54.00 16.52 3.3
55.0 54.02 15.44 2.6
55.0 54.02 22.18 2.7
55.0 54.00 27.37 2.4
55.0 54.10 -12.10 2.6
55.0 54.16 -0.97 2.6
55.0 54.15 23.42 2.7
55.0 54.15 19.55 2.3
55.0 54.18 6.81 2.4
55.0 54.21 7.30 2.4
55.0 54.18 29.54 2.4
55.0 54.13 34.55 2.8
55.0 54.05 49.36 2.4
55.0 54.08 10.77 2.6
55.0 54.03 38.55 3.1
55.0 54.03 21.39 2.6
55.0 54.00 32.25 2.6
55.0 54.02 16.79 3.3
55.0 54.06 6.57 2.4
55.0 54.07 16.44 2.6
55.0 54.07 22.07 2.6
55.0 54.08 16.54 2.5
55.0 54.06 28.75 2.6
55.0 54.06 21.86 2.7
55.0 54.00 43.28 2.7
55.0 53.97 31.74 2.6
55.0 54.02 7.82 2.4
55.0 54.04 14.47 2.8
55.0 54.02 26.92 2.4
55.0 54.05 11.83 2.5
55.0 54.06 17.42 2.5
55.0 54.06 22.77 2.4
55.0 54.04 27.29 2.9
55.0 54.07 12.10 3.1
55.0 54.11 7.22 2.4
55.0 54.06 39.08 2.4
55.0 54.03 33.04 2.2
55.0 54.03 22.30 2.6
55.0 54.00 32.20 2.6
55.0 53.97 32.27 2.7
55.0 53.96 25.93 2.7
55.0 54.03 2.74 3.0
55.0 54.01 26.13 2.6
55.0 54.00 27.32 2.6
55.0 54.11 -17.74 2.8
55.0 53.98 63.06 3.0
55.0 53.95 37.24 2.9
55.0 53.97 14.61 3.0
55.0 53.97 22.70 3.3
55.0 53.98 20.52 3.3
55.0 53.97 26.05 2.6
55.0 53.92 42.18 3.0
55.0 53.96 10.53 2.9
55.0 54.01 5.81 3.1
55.0 54.01 20.03 2.8
55.0 54.04 10.15 2.6
55.0 54.06 18.49 2.2
55.0 54.05 21.78 2.5
55.0 54.07 17.45 2.8
55.0 54.08 16.46 2.8
55.0 54.10 13.86 2.4
55.0 54.20 -16.20 2.5
55.0 54.18 24.45 2.3
55.0 54.19 14.89 2.0
55.0 54.09 56.29 2.4
55.0 54.07 28.29 2.6
55.0 54.07 22.00 3.1
55.0 54.05 27.98 2.7
55.0 54.05 22.58 2.8
55.0 54.02 32.50 2.5
55.0 53.96 42.75 2.8
55.0 54.04 -4.70 2.6
55.0 54.05 17.27 3.0
55.0 54.05 21.74 2.8
55.0 54.03 27.14 3.0
55.0 54.02 28.29 2.6
55.0 54.05 10.26 2.6
55.0 54.08 12.18 2.8
55.0 54.00 48.61 2.4
55.0 54.00 20.91 2.7
55.0 53.99 27.17 2.8
55.0 53.85 74.34 3.0
55.0 53.87 21.53 3.1
55.0 53.84 35.16 3.1
55.0 53.83 30.30 3.0
55.0 53.82 29.17 3.1
55.0 53.83 24.90 3.1
55.0 53.86 14.61 3.0
55.0 53.84 35.07 2.9
55.0 53.84 25.08 3.0
55.0 53.87 14.77 3.0
55.0 53.89 18.97 3.2
55.0 53.89 25.75 2.8
55.0 53.89 24.64 3.0
55.0 53.90 21.91 3.0
55.0 53.92 19.41 2.8
55.0 53.93 19.60 3.0
55.0 53.91 32.14 2.8
55.0 53.95 8.54 2.8
55.0 53.90 41.78 2.7
55.0 53.91 19.36 2.7
55.0 54.03 -12.91 2.9
55.0 53.97 42.90 3.0
55.0 53.96 25.89 2.9
55.0 53.95 26.65 2.9
55.0 54.00 5.74 2.8
55.0 54.01 20.99 2.8
55.0 53.99 26.47 2.7
55.0 54.00 20.84 2.8
55.0 53.96 37.75 3.0
55.0 53.95 25.71 2.8
55.0 53.96 21.34 2.8
55.0 53.98 16.25 2.8
55.0 54.01 11.31 3.1
55.0 54.04 10.18 2.7
55.0 54.01 32.48 2.6
55.0 54.04 13.24 2.6
55.0 54.03 27.06 2.2
55.0 54.06 11.93 2.5
55.0 54.11 -0.16 3.1
55.0 54.09 28.58 2.4
55.0 54.07 28.29 2.3
55.0 54.07 22.00 2.3
55.0 54.11 7.17 2.0
55.0 54.08 28.00 2.4
55.0 54.05 33.08 2.5
55.0 54.15 -14.16 2.5
55.0 54.14 24.52 2.6
55.0 54.13 23.72 1.8
55.0 54.12 22.89 2.8
55.0 54.11 23.45 2.7
55.0 54.07 33.67 1.9
55.0 54.04 32.89 2.7
55.0 54.08 6.82 2.6
55.0 54.09 15.60 2.9
55.0 54.10 18.97 2.7
55.0 54.11 16.99 2.4
55.0 54.10 22.57 2.3
55.0 54.09 23.22 2.8
55.0 54.03 43.71 2.6
55.0 54.01 27.49 2.5
55.0 53.91 58.82 2.8
55.0 53.94 14.13 2.8
55.0 53.93 27.36 3.0
55.0 53.92 30.77 3.1
55.0 53.91 26.07 2.7
55.0 53.94 15.67 2.9
55.0 53.93 26.36 2.9
55.0 53.96 14.41 2.9
55.0 54.01 3.80 2.6
55.0 54.00 27.25 2.7
55.0 53.96 37.12 2.7
55.0 53.93 31.74 2.8
55.0 53.94 19.89 3.0
55.0 54.03 -4.90 2.8
55.0 54.01 27.46 3.0
55.0 54.00 26.53 2.8
55.0 53.99 27.12 2.7
55.0 53.98 26.98 2.8
55.0 53.95 32.00 2.4
55.0 53.98 14.72 2.8
55.0 53.97 26.83 2.8
55.0 53.96 26.72 2.6
55.0 53.95 25.70 2.6
55.0 53.99 10.94 2.8
55.0 53.99 21.81 2.8
55.0 54.01 15.32 2.7
55.0 54.04 11.69 2.8
55.0 54.03 26.99 2.2
55.0 54.07 8.36 2.7
55.0 54.08 15.38 2.4
55.0 54.07 22.16 2.2
55.0 54.06 28.09 2.5
55.0 54.11 1.79 1.5
55.0 54.12 17.18 2.4
55.0 54.12 17.28 2.0
55.0 54.10 28.71 2.5
55.0 54.09 23.23 2.0
55.0 54.09 22.35 2.4
55.0 54.10 17.86 2.2
55.0 54.16 -2.98 2.4
55.0 54.16 18.82 2.3
55.0 54.14 28.89 2.2
55.0 54.14 17.55 2.2
55.0 54.10 34.25 1.7
55.0 54.06 33.32 2.6
55.0 54.06 22.77 2.6
55.0 54.07 16.38 2.4
55.0 54.05 28.66 2.5
55.0 54.05 21.73 2.6
55.0 54.06 16.23 2.6
55.0 54.10 7.12 2.3
55.0 54.08 27.96 2.3
55.0 54.08 22.99 2.3
55.0 54.06 27.53 2.3
55.0 54.00 43.45 2.2
55.0 54.00 22.98 2.6
55.0 54.02 15.44 2.6
55.0 53.92 58.01 2.7
55.0 53.91 26.10 2.9
55.0 54.00 -7.94 2.8
55.0 54.03 11.56 2.4
55.0 54.02 26.84 2.8
55.0 54.08 3.27 2.9
55.0 54.03 38.46 2.6
55.0 54.01 26.80 3.1
55.0 54.00 27.32 2.6
55.0 53.99 27.15 2.8
55.0 54.01 16.64 2.7
55.0 54.04 10.09 2.7
55.0 54.04 22.46 2.4
55.0 54.04 22.45 2.6
55.0 54.08 5.04 3.0
55.0 54.05 33.03 2.2
55.0 54.04 22.55 2.5
55.0 54.04 22.53 2.9
55.0 54.09 5.13 2.4
55.0 54.12 4.07 2.5
55.0 54.13 18.34 2.5
55.0 54.03 55.28 2.4
55.0 54.05 17.18 2.5
55.0 54.00 37.91 2.5
55.0 53.99 27.16 2.4
55.0 54.01 16.65 3.1
55.0 53.98 31.91 2.7
55.0 53.97 26.91 3.1
55.0 53.98 21.61 2.7
55.0 53.95 32.01 2.4
55.0 54.05 -12.89 2.3
55.0 54.02 32.92 2.6
55.0 54.00 28.13 2.7
55.0 53.98 31.86 2.6
55.0 53.97 26.87 3.0
55.0 53.89 52.34 2.9
55.0 53.90 19.19 3.1
55.0 53.83 51.50 2.8
55.0 53.82 29.13 3.7
55.0 53.83 26.15 3.2
55.0 53.83 23.67 3.6
55.0 53.84 25.02 3.2
55.0 53.80 40.05 3.0
55.0 53.81 24.60 3.1
55.0 53.81 24.71 3.1
55.0 53.81 28.91 3.1
55.0 53.80 29.86 3.2
55.0 53.82 19.45 3.4
55.0 53.84 18.18 3.2
55.0 53.86 19.99 3.3
55.0 53.88 20.23 3.0
55.0 53.91 15.25 3.0
55.0 53.94 14.03 3.3
55.0 53.94 19.91 2.7
55.0 53.95 22.46 2.7
55.0 53.92 36.46 2.6
55.0 53.97 5.29 3.1
55.0 53.92 42.21 2.6
55.0 53.93 22.22 2.9
55.0 53.96 14.38 2.8
55.0 53.93 31.09 2.8
55.0 53.93 26.31 2.7
55.0 53.92 26.24 2.7
55.0 54.07 -26.42 2.3
55.0 54.03 33.15 3.3
55.0 53.98 42.99 2.9
55.0 54.04 0.79 3.5
55.0 54.02 26.36 2.9
55.0 54.01 27.45 2.8
55.0 54.01 22.10 2.8
55.0 54.01 22.13 3.5
55.0 54.02 21.14 2.7
55.0 54.05 10.21 2.8
55.0 54.02 33.33 2.7
55.0 54.00 26.60 2.6
55.0 54.00 22.00 2.2
55.0 54.05 4.54 2.8
55.0 54.03 27.15 3.1
55.0 54.00 32.73 2.7
55.0 53.98 31.86 2.3
55.0 53.94 37.16 2.8
55.0 53.91 36.68 2.9
55.0 53.96 3.00 2.9
55.0 53.95 25.77 2.7
55.0 53.95 25.65 3.1
55.0 53.90 42.11 2.8
55.0 53.90 24.77 2.7
55.0 53.85 41.24 3.1
55.0 53.83 35.56 3.0
55.0 53.77 45.24 3.3
55.0 53.73 44.80 3.1
55.0 53.74 22.14 3.4
55.0 53.77 20.45 3.3
55.0 53.86 -4.60 3.3
55.0 53.86 24.13 3.3
55.0 53.85 30.51 3.7
55.0 53.76 55.86 3.3
55.0 53.78 24.17 3.1
55.0 53.77 28.32 3.3
55.0 53.86 -4.58 2.9
55.0 53.87 21.59 3.3
55.0 53.88 24.41 3.0
55.0 53.91 15.20 3.1
55.0 53.90 25.94 3.1
55.0 53.86 41.33 3.1
55.0 53.86 24.15 3.1
55.0 53.86 24.19 3.1
55.0 53.86 26.58 3.3
55.0 53.88 18.82 3.1
55.0 53.90 20.47 3.0
55.0 53.88 30.17 3.0
55.0 53.87 30.79 2.7
55.0 53.87 25.45 3.0
55.0 53.84 35.14 2.9
55.0 53.84 25.13 2.2
55.0 53.78 50.77 3.1
55.0 53.77 29.48 3.5
55.0 53.86 -4.57 3.3
55.0 53.86 25.34 3.2
55.0 53.85 30.53 3.1
55.0 53.85 24.00 3.0
55.0 53.87 20.09 3.1
55.0 53.96 -5.84 2.8
55.0 53.98 14.81 3.1
55.0 54.00 16.53 2.9
55.0 54.03 9.96 3.0
55.0 54.02 27.54 2.6
55.0 54.00 26.62 2.8
55.0 53.99 26.42 3.1
55.0 54.01 16.67 2.4
55.0 54.01 22.10 2.6
55.0 54.01 22.12 2.8
55.0 53.97 37.40 2.8
55.0 53.93 37.08 2.4
55.0 53.93 26.31 2.8
55.0 54.00 -2.16 3.0
55.0 53.97 32.27 2.9
55.0 53.96 26.79 3.1
55.0 54.01 5.87 3.0
55.0 54.01 20.10 2.6
55.0 53.99 32.01 2.4
55.0 53.96 32.74 3.0
55.0 53.97 20.33 2.7
55.0 53.93 37.04 3.1
55.0 53.84 57.56 3.0
55.0 53.92 1.51 2.8
55.0 53.94 12.57 3.0
55.0 53.95 20.05 2.9
55.0 53.99 10.97 3.0
55.0 54.01 16.64 2.6
55.0 54.00 27.24 2.7
55.0 53.91 53.21 2.8
55.0 53.92 20.86 2.8
55.0 53.99 0.13 2.6
55.0 54.00 19.73 2.7
55.0 53.99 27.10 2.6
55.0 54.02 11.38 3.0
55.0 54.01 26.65 2.7
55.0 53.98 32.37 2.5
55.0 54.06 -6.93 2.9
55.0 54.05 23.59 2.6
55.0 54.08 10.81 2.5
55.0 54.06 27.62 2.6
55.0 54.07 17.55 2.6
55.0 54.08 17.69 2.4
55.0 54.09 17.82 2.3
55.0 54.07 27.79 2.4
55.0 54.07 22.87 2.4
55.0 54.05 27.99 3.0
55.0 54.03 27.11 2.6
55.0 54.05 17.18 2.8
55.0 54.03 27.73 2.8
55.0 54.03 22.35 2.4
55.0 54.07 4.93 2.6
55.0 54.07 21.23 2.4
55.0 54.08 18.76 2.4
55.0 54.09 16.69 2.4
55.0 54.08 23.10 2.3
55.0 54.11 11.26 2.0
55.0 54.08 29.02 2.3
55.0 54.06 27.67 1.9
55.0 53.97 54.29 2.9
55.0 54.05 -4.50 2.6
55.0 54.07 17.45 2.7
55.0 54.06 22.80 2.8
55.0 54.06 21.88 2.5
55.0 54.04 27.88 2.8
55.0 53.93 63.36 3.1
55.0 54.02 -13.33 2.8
55.0 54.07 8.35 2.9
55.0 54.05 27.42 2.8
55.0 54.02 32.55 3.2
55.0 53.98 37.67 3.3
55.0 54.03 4.10 3.0
55.0 54.03 22.29 2.7
55.0 54.03 21.31 2.6
55.0 54.03 22.30 2.7
55.0 54.03 21.32 2.8
55.0 54.01 27.48 2.7
55.0 53.96 42.71 2.7
55.0 53.95 25.68 2.7
55.0 53.99 10.92 2.8
55.0 53.95 37.26 2.8
55.0 53.88 47.12 3.1
55.0 53.87 30.82 3.0
55.0 53.88 20.31 3.1
55.0 53.86 35.98 3.0
55.0 53.90 7.73 3.1
55.0 53.84 46.58 3.1
55.0 53.86 21.45 3.0
55.0 53.88 18.77 3.1
55.0 53.91 15.24 2.5
55.0 53.91 24.93 3.0
55.0 53.90 27.01 2.8
55.0 53.90 24.86 3.0
55.0 53.93 13.92 3.0
55.0 53.92 26.24 2.8
55.0 53.95 15.82 3.0
55.0 53.87 52.09 2.9
55.0 53.89 18.91 2.9
55.0 53.81 51.30 3.0
55.0 53.82 24.80 3.0
55.0 53.89 1.70 3.1
55.0 53.91 13.69 3.0
55.0 53.93 20.89 2.8
55.0 53.95 15.85 2.8
55.0 53.96 20.16 2.8
55.0 53.94 31.15 2.6
55.0 53.99 7.48 2.5
55.0 53.99 19.67 2.6
55.0 54.00 21.89 2.6
55.0 54.00 20.87 2.5
55.0 54.09 -9.47 2.6
55.0 54.09 23.13 2.7
55.0 54.09 16.77 2.6
55.0 54.00 53.92 2.6
55.0 54.00 21.99 2.4
55.0 54.02 15.52 2.6
55.0 54.02 22.24 2.6
55.0 54.02 22.25 2.5
55.0 54.01 27.43 2.3
55.0 54.01 21.05 2.4
55.0 53.97 37.57 2.6
55.0 53.96 26.76 2.6
55.0 53.95 25.75 3.0
55.0 54.02 0.49 2.8
55.0 53.99 31.69 2.6
55.0 53.98 27.86 2.8
55.0 53.99 20.61 2.6
55.0 54.03 4.24 2.5
55.0 54.03 21.44 2.8
55.0 54.05 17.19 2.4
55.0 54.05 22.57 2.4
55.0 53.99 43.28 2.4
55.0 54.00 15.23 2.4
55.0 54.01 23.06 2.7
55.0 54.05 4.58 2.6
55.0 54.05 21.74 2.4
55.0 54.01 38.08 2.1
55.0 53.99 27.21 2.4
55.0 53.97 31.68 2.5
55.0 53.93 36.69 2.2
55.0 53.97 12.40 2.8
55.0 54.02 3.99 2.8
55.0 54.01 26.66 2.5
55.0 53.99 26.45 2.2
55.0 54.00 21.89 2.2
55.0 54.00 21.93 2.5
55.0 53.92 53.29 2.6
55.0 53.91 26.09 3.0
55.0 54.00 -5.28 2.7
55.0 53.97 31.76 2.9
55.0 53.98 21.62 3.3
55.0 53.94 37.16 2.4
55.0 53.96 16.01 2.9
55.0 53.97 20.35 3.1
55.0 53.98 21.59 2.4
55.0 54.04 0.78 2.8
55.0 54.14 -20.25 2.4
55.0 54.13 24.43 2.6
55.0 54.11 28.38 2.8
55.0 54.03 48.56 3.0
55.0 54.01 26.76 2.8
55.0 53.97 37.37 2.8
55.0 53.89 52.36 3.4
55.0 53.93 10.17 3.0
55.0 54.00 0.24 3.0
55.0 53.99 25.63 3.1
55.0 54.02 9.80 2.8
55.0 54.01 27.43 2.8
55.0 53.97 37.32 2.7
55.0 54.00 11.15 2.8
55.0 53.99 27.18 2.8
55.0 53.99 21.85 2.6
55.0 54.03 9.88 2.7
55.0 54.03 20.36 2.7
55.0 54.06 13.37 2.6
55.0 54.05 21.79 3.0
55.0 54.08 12.25 2.6
55.0 54.16 -10.92 2.5
55.0 54.14 29.58 2.4
55.0 54.08 39.15 2.4
55.0 54.06 27.62 2.8
55.0 54.10 7.11 2.7
55.0 54.07 33.37 2.5
55.0 54.06 21.94 2.4
55.0 54.07 17.56 2.5
55.0 54.08 16.59 2.6
55.0 54.09 18.90 2.5
55.0 54.06 33.22 2.7
55.0 54.05 22.69 2.6
55.0 53.99 43.24 2.7
55.0 53.98 26.27 2.6
55.0 54.02 11.35 2.7
55.0 54.02 21.18 3.0
55.0 54.03 18.25 2.7
55.0 54.05 15.97 3.0
55.0 54.09 5.21 2.5
55.0 54.13 5.86 2.4
55.0 54.15 11.95 2.4
55.0 54.16 13.42 2.2
55.0 54.17 18.00 2.0
55.0 54.15 23.48 2.1
55.0 54.18 9.62 2.3
55.0 54.18 17.49 2.2
55.0 54.14 34.60 2.3
55.0 54.10 33.92 2.0
55.0 54.11 19.05 1.7
55.0 54.13 11.61 1.8
55.0 54.19 -4.63 2.0
55.0 54.16 29.86 2.2
55.0 54.15 23.40 2.1
55.0 54.16 13.42 2.2
55.0 54.11 39.74 2.7
55.0 54.19 -8.12 2.2
55.0 54.11 44.92 2.4
55.0 54.11 22.69 2.5
55.0 54.23 -24.13 2.8
55.0 54.20 30.26 2.4
55.0 54.19 19.26 2.8
55.0 54.13 40.20 2.9
55.0 54.11 28.44 2.8
55.0 54.10 24.11 2.7
55.0 54.09 22.48 2.4
55.0 54.04 38.62 2.6
55.0 54.04 22.52 2.9
55.0 54.07 10.63 2.9
55.0 54.11 7.22 3.0
55.0 54.10 21.90 2.7
55.0 54.12 14.12 2.6
55.0 54.09 33.70 2.8
55.0 54.08 22.24 2.6
55.0 54.09 17.79 2.5
55.0 54.07 28.27 2.6
55.0 54.04 33.16 2.5
55.0 54.04 21.47 1.9
55.0 53.96 48.10 2.7
55.0 53.95 26.67 2.3
55.0 53.93 31.08 3.0
55.0 53.94 21.12 3.1
55.0 53.95 21.24 2.9
55.0 53.92 36.82 3.0
55.0 53.91 25.05 3.1
55.0 53.90 30.42 3.0
55.0 53.87 36.72 2.7
55.0 53.88 18.82 3.0
55.0 53.88 25.64 2.8
55.0 53.88 24.52 3.0
55.0 53.88 26.77 3.0
55.0 53.88 24.53 3.3
55.0 53.91 13.63 3.1
55.0 53.91 26.03 3.1
55.0 53.91 25.99 2.8
55.0 53.92 20.78 3.2
55.0 53.87 41.31 2.8
55.0 53.90 15.16 3.2
55.0 53.91 20.73 3.2
55.0 53.90 30.46 2.9
55.0 53.90 25.84 2.7
55.0 53.89 25.83 2.9
55.0 53.91 19.28 3.0
55.0 53.88 36.27 3.3
55.0 53.83 40.66 2.8
55.0 53.88 11.44 2.8
55.0 53.88 24.55 2.8
55.0 53.96 -0.39 2.4
55.0 53.95 25.68 2.8
55.0 53.96 21.32 2.8
55.0 53.99 11.02 3.0
55.0 53.94 42.47 3.0
55.0 53.92 31.53 2.6
55.0 53.96 10.54 2.4
55.0 53.98 14.82 2.8
55.0 54.01 11.32 3.0
55.0 54.06 6.52 2.6
55.0 54.13 -5.67 2.4
55.0 54.12 22.94 2.4
55.0 54.11 22.78 2.3
55.0 54.09 29.06 2.4
55.0 54.14 0.31 2.6
55.0 54.14 17.64 2.4
55.0 54.13 23.15 2.3
55.0 54.20 -0.60 2.2
55.0 54.12 45.61 2.0
55.0 54.07 39.07 2.4
55.0 54.04 33.17 2.7
55.0 54.02 27.60 3.3
55.0 54.01 27.40 2.7
55.0 54.04 10.08 3.3
55.0 54.02 27.63 2.6
55.0 54.04 17.07 2.7
55.0 54.02 26.95 2.8
55.0 53.95 47.94 2.5
55.0 53.93 31.68 2.8
55.0 53.95 15.89 2.8
55.0 53.89 47.23 2.6
55.0 53.90 19.21 2.4
55.0 53.93 17.11 3.1
55.0 53.94 19.84 3.0
55.0 53.93 26.39 2.9
55.0 53.96 14.44 3.0
55.0 53.97 21.45 2.7
55.0 53.96 26.71 2.5
55.0 53.96 20.26 2.6
55.0 53.97 21.53 3.0
55.0 53.95 31.94 2.7
55.0 53.99 9.16 2.7
55.0 54.00 15.22 2.6
55.0 54.04 11.62 2.5
55.0 54.05 17.23 2.4
55.0 54.05 21.69 2.2
55.0 54.12 -3.58 2.3
55.0 54.02 54.24 2.4
55.0 54.02 21.28 2.5
55.0 54.00 32.60 2.7
55.0 54.06 -1.12 2.7
55.0 54.04 28.53 2.6
55.0 54.05 16.08 2.6
55.0 54.05 21.75 2.6
55.0 54.03 27.79 2.8
55.0 54.06 12.00 2.6
55.0 54.06 22.77 2.6
55.0 54.06 21.84 2.5
55.0 54.10 8.67 2.7
55.0 54.09 21.67 2.4
55.0 54.07 27.77 2.1
55.0 54.04 33.18 2.0
55.0 54.01 32.77 2.5
55.0 54.05 6.43 2.4
55.0 54.07 15.08 2.6
55.0 54.05 27.38 2.4
55.0 54.05 23.49 2.4
55.0 54.06 16.15 2.6
55.0 54.00 43.29 2.6
55.0 54.02 15.42 2.6
55.0 54.00 27.34 2.9
55.0 54.05 6.36 2.6
55.0 54.05 20.76 3.0
55.0 54.03 27.74 2.3
55.0 54.06 11.95 2.5
55.0 54.06 21.84 2.6
55.0 54.05 22.68 2.6
55.0 54.02 32.98 2.4
55.0 54.02 22.25 2.2
55.0 54.04 15.81 2.5
55.0 54.05 17.26 2.2
55.0 54.05 22.62 2.6
55.0 54.05 21.68 2.4
55.0 54.02 32.90 2.3
55.0 54.03 15.71 3.0
55.0 54.02 28.28 2.6
55.0 53.99 32.05 2.6
55.0 53.98 26.20 2.6
55.0 54.00 16.51 2.6
55.0 54.00 21.95 2.6
55.0 53.99 27.16 2.6
55.0 53.99 20.76 2.4
55.0 53.93 47.45 2.4
55.0 53.98 3.31 2.7
55.0 53.98 19.47 2.8
55.0 53.92 47.46 2.8
55.0 53.94 15.73 2.8
55.0 53.98 10.84 2.6
55.0 53.99 20.61 2.5
55.0 54.00 15.22 2.4
55.0 53.92 52.39 2.6
55.0 53.93 19.68 3.1
55.0 53.88 41.68 2.6
55.0 53.94 2.66 2.9
55.0 53.92 30.88 2.7
55.0 53.92 26.15 3.2
55.0 53.94 14.17 2.7
55.0 53.94 26.43 2.7
55.0 53.93 26.35 2.2
55.0 53.96 15.92 2.6
55.0 54.02 -1.74 2.4
55.0 54.02 22.25 2.3
55.0 54.01 27.43 2.7
55.0 53.97 37.33 2.6
55.0 54.02 5.92 2.6
55.0 54.12 -17.49 2.4
55.0 54.11 23.51 2.4
55.0 54.12 18.20 2.6
55.0 54.15 6.30 2.6
55.0 54.14 23.91 2.4
55.0 54.13 23.10 2.8
55.0 54.16 6.48 2.5
55.0 54.15 23.45 2.0
55.0 54.11 34.19 2.4
55.0 54.04 43.93 2.6
55.0 54.04 21.59 3.0
55.0 54.06 16.10 2.6
55.0 54.05 23.57 2.8
55.0 54.06 16.27 2.3
55.0 54.06 22.79 2.1
55.0 54.06 22.74 2.4
55.0 54.01 38.17 2.5
55.0 53.98 31.96 2.6
55.0 53.99 20.67 2.8
55.0 53.98 27.84 2.7
55.0 54.00 15.12 2.7
55.0 54.02 16.75 2.6
55.0 54.03 15.69 2.5
55.0 54.02 27.54 2.8
55.0 54.00 27.36 2.7
55.0 53.99 26.42 2.7
55.0 53.97 32.19 2.8
55.0 53.97 21.54 2.6
55.0 53.98 21.62 2.8
55.0 53.93 42.23 3.0
55.0 53.95 15.83 2.9
55.0 54.02 0.46 2.8
55.0 54.02 20.17 2.6
55.0 54.02 22.20 2.7
55.0 54.01 27.38 2.6
55.0 53.99 26.45 2.6
55.0 53.98 27.06 2.9
55.0 53.99 20.64 2.2
55.0 53.99 22.89 2.6
55.0 54.10 -17.89 2.8
55.0 54.09 24.00 2.7
55.0 54.03 43.99 3.0
55.0 54.06 11.91 2.7
55.0 54.10 7.05 2.8
55.0 54.09 21.67 2.6
55.0 54.01 48.80 2.0
55.0 54.01 22.13 2.6
55.0 53.99 32.00 2.5
55.0 53.96 32.13 3.3
55.0 53.98 16.30 2.8
55.0 54.00 16.56 2.7
55.0 54.03 10.01 3.0
55.0 54.02 26.89 2.8
55.0 54.05 13.29 2.4
55.0 54.18 -28.23 2.4
55.0 54.14 34.67 2.4
55.0 54.10 33.89 2.4
55.0 54.08 28.92 2.9
55.0 54.03 38.35 2.6
55.0 54.04 15.87 3.0
55.0 54.10 1.61 3.2
55.0 54.08 27.90 2.8
55.0 54.07 22.95 2.7
55.0 54.04 32.91 2.6
55.0 53.98 43.05 2.7
55.0 53.94 37.19 2.8
55.0 53.92 30.88 3.1
55.0 53.90 31.31 3.1
55.0 53.92 20.75 3.0
55.0 53.91 26.08 3.1
55.0 53.88 35.84 2.9
55.0 53.93 8.12 3.1
55.0 53.95 15.83 2.9
55.0 53.93 31.01 3.0
55.0 53.92 26.24 2.8
55.0 53.93 19.74 3.2
55.0 53.96 15.95 2.8
55.0 54.01 5.81 2.9
55.0 53.95 42.91 2.8
55.0 53.93 31.72 2.8
55.0 54.03 -10.33 3.0
55.0 54.00 32.68 3.0
55.0 53.97 32.31 2.8
55.0 53.92 42.24 3.1
55.0 53.93 20.99 3.0
55.0 53.96 14.42 3.0
55.0 54.02 0.55 2.8
55.0 54.04 15.81 2.8
55.0 54.04 21.51 2.8
55.0 54.01 32.77 2.9
55.0 54.02 15.57 2.6
55.0 54.08 3.34 2.9
55.0 54.08 21.40 2.6
55.0 54.06 27.57 2.8
55.0 54.07 17.51 2.6
55.0 54.01 43.44 2.6
55.0 54.02 16.88 2.8
55.0 54.05 10.35 2.7
55.0 54.02 32.99 2.6
55.0 54.01 27.43 2.9
55.0 54.00 26.50 2.2
55.0 54.00 21.92 2.6
55.0 53.93 47.65 2.7
55.0 53.94 21.09 2.7
55.0 53.96 14.53 2.7
55.0 53.97 20.36 3.0
55.0 53.98 22.72 2.6
55.0 53.98 20.55 2.6
55.0 54.03 6.10 2.4
55.0 54.02 26.16 2.6
55.0 54.03 16.97 2.8
55.0 54.05 17.17 2.1
55.0 54.03 27.07 2.4
55.0 54.00 32.67 2.4
55.0 53.99 27.15 2.7
55.0 53.96 31.61 2.4
55.0 53.94 31.84 2.7
55.0 53.92 31.56 2.6
55.0 53.96 10.57 2.9
55.0 54.00 9.37 2.7
55.0 54.03 9.92 2.4
55.0 54.01 26.82 2.8
55.0 54.00 26.59 2.6
55.0 54.02 16.80 2.4
55.0 54.01 26.66 2.4
55.0 54.01 23.07 2.4
55.0 54.00 26.48 3.1
55.0 54.00 20.85 2.6
55.0 54.03 11.55 2.2
55.0 54.06 11.96 2.0
55.0 54.07 17.53 2.0
55.0 54.05 27.47 2.4
55.0 54.18 -28.18 2.5
55.0 54.14 34.86 2.2
55.0 54.14 17.60 2.6
55.0 54.12 28.94 2.6
55.0 54.15 7.81 2.4
55.0 54.12 28.71 2.4
55.0 54.14 11.90 2.6
55.0 54.15 17.69 2.7
55.0 54.14 24.49 2.6
55.0 54.15 12.07 2.0
55.0 54.17 13.51 2.4
55.0 54.17 18.10 2.6
55.0 54.22 3.25 2.3
55.0 54.10 61.96 2.2
55.0 54.08 27.85 2.3
55.0 54.10 12.51 2.5
55.0 54.14 7.59 2.4
55.0 54.18 -0.81 2.4
55.0 54.18 19.11 2.2
55.0 54.15 29.46 2.6
55.0 54.13 29.08 2.2
55.0 54.15 11.93 2.3
55.0 54.15 18.62 2.4
55.0 54.15 18.66 2.2
55.0 54.15 17.80 2.6
55.0 54.11 34.24 2.2
55.0 54.09 28.10 2.2
55.0 54.03 43.54 2.6
55.0 54.03 21.31 2.5
55.0 54.01 26.76 2.5
55.0 54.06 6.48 3.0
55.0 54.07 16.34 2.6
55.0 54.09 12.44 2.6
55.0 54.12 11.43 2.4
55.0 54.14 11.78 2.2
55.0 54.13 24.39 2.2
55.0 54.10 28.32 2.4
55.0 54.12 12.86 2.0
55.0 54.11 23.54 2.4
55.0 54.11 23.42 2.2
55.0 54.11 17.09 2.2
55.0 54.08 33.53 2.3
55.0 54.09 18.82 2.2
55.0 54.07 27.68 2.1
55.0 54.08 17.60 2.6
55.0 54.06 27.54 2.4
55.0 54.07 17.50 2.5
55.0 54.05 28.01 2.3
55.0 54.05 21.69 2.6
55.0 53.97 48.26 2.4
55.0 53.98 21.64 2.6
55.0 54.01 11.31 2.6
55.0 54.00 26.57 2.6
55.0 53.99 27.15 2.5
55.0 53.99 21.83 2.5
55.0 53.94 42.47 2.9
55.0 53.90 36.66 2.7
55.0 53.86 41.34 3.0
55.0 53.88 18.73 3.0
55.0 53.89 20.40 3.0
55.0 53.88 30.10 2.8
55.0 53.91 16.83 2.6
55.0 53.93 14.00 2.9
55.0 53.99 5.49 2.4
55.0 53.99 19.60 2.7
55.0 53.99 21.85 2.8
55.0 53.98 27.07 2.9
55.0 53.97 26.10 2.5
55.0 54.02 6.00 2.8
55.0 54.01 26.71 2.4
55.0 54.01 21.05 2.6
55.0 54.04 11.70 2.4
55.0 54.04 22.50 2.6
55.0 54.16 -19.60 2.7
55.0 54.12 34.29 2.4
55.0 54.08 33.57 2.6
55.0 54.06 28.73 3.0
55.0 54.04 27.27 2.9
55.0 54.04 22.49 2.3
55.0 54.05 16.07 2.7
55.0 54.07 18.60 2.7
55.0 54.06 21.93 2.8
55.0 54.04 27.32 2.6
55.0 54.04 22.53 2.4
55.0 54.06 17.31 2.7
55.0 54.08 12.27 2.7
55.0 54.09 16.73 2.5
55.0 54.07 28.30 2.4
55.0 54.04 33.19 2.4
55.0 53.95 53.87 2.7
55.0 53.96 21.34 2.9
55.0 53.99 11.04 3.0
55.0 54.00 21.90 2.6
55.0 53.96 37.16 3.0
55.0 53.98 14.80 2.8
55.0 53.98 22.81 2.6
55.0 53.99 20.67 2.8
55.0 54.04 6.19 2.7
55.0 54.02 26.29 2.6
55.0 54.01 27.41 2.6
55.0 54.02 16.87 2.4
55.0 54.02 21.29 2.6
55.0 54.00 33.11 2.8
55.0 54.01 15.39 2.1
55.0 54.02 21.13 2.5
55.0 54.02 22.16 2.6
55.0 54.02 22.18 2.7
55.0 54.00 27.37 2.2
55.0 54.04 10.04 2.6
55.0 54.05 17.24 2.3
55.0 54.06 17.41 2.3
55.0 54.07 16.42 2.2
55.0 54.11 7.27 2.5
55.0 54.12 16.19 2.0
55.0 54.12 19.26 2.2
55.0 54.12 22.85 2.0
55.0 54.09 28.15 2.4
55.0 54.03 43.72 2.4
55.0 54.03 22.32 2.0
55.0 53.96 48.01 2.2
55.0 53.98 14.77 2.8
55.0 53.97 26.86 2.2
55.0 53.97 21.57 2.8
55.0 53.92 42.18 2.9
55.0 53.96 10.58 2.8
55.0 53.98 16.30 2.4
55.0 53.97 26.93 2.7
55.0 53.92 42.16 2.3
55.0 53.95 14.23 2.7
55.0 54.00 7.58 2.8
55.0 53.96 37.01 2.4
55.0 53.97 21.44 2.3
55.0 54.00 9.43 2.8
55.0 53.95 42.59 2.6
55.0 53.95 21.29 2.8
55.0 54.01 3.75 2.7
55.0 54.02 15.54 2.6
55.0 54.02 22.25 2.3
55.0 54.02 21.27 2.5
55.0 53.97 42.85 2.1
55.0 53.97 21.54 2.6
55.0 53.96 26.80 2.8
55.0 53.94 31.22 2.8
55.0 53.96 16.04 2.8
55.0 53.97 21.52 2.6
55.0 54.04 -1.51 3.0
55.0 53.99 37.88 2.6
55.0 54.00 20.78 2.6
55.0 53.96 37.72 2.5
55.0 53.93 31.09 2.4
55.0 53.93 25.33 2.7
55.0 53.95 15.87 2.6
55.0 53.96 21.38 2.7
55.0 53.95 26.65 2.8
55.0 53.99 9.24 2.7
55.0 54.07 -6.76 2.2
55.0 54.06 22.82 2.6
55.0 54.09 10.95 2.6
55.0 54.10 17.90 2.2
55.0 54.11 18.01 2.4
55.0 54.16 2.42 2.0
55.0 54.13 28.51 2.2
55.0 54.16 6.46 2.2
55.0 54.16 18.84 2.0
55.0 54.12 34.33 2.2
55.0 54.11 23.51 1.7
55.0 54.10 22.65 2.4
55.0 54.01 54.05 1.9
55.0 53.94 47.78 3.0
55.0 53.95 19.98 2.7
55.0 53.93 31.65 3.1
55.0 53.87 46.74 3.0
55.0 53.93 2.39 3.0
55.0 53.95 14.31 2.7
55.0 53.94 26.52 2.8
55.0 53.97 16.07 3.0
55.0 53.93 36.68 2.6
55.0 54.00 -2.14 2.9
55.0 53.96 37.75 2.8
55.0 53.97 20.27 2.8
55.0 54.00 11.13 3.0
55.0 54.00 20.93 2.7
55.0 54.01 23.05 3.0
55.0 54.02 15.55 2.8
55.0 54.01 26.72 2.7
55.0 54.03 16.89 2.8
55.0 54.01 27.47 2.6
55.0 54.03 16.92 2.3
55.0 54.04 15.88 2.5
55.0 54.07 12.10 2.8
55.0 54.11 7.22 2.8
55.0 54.04 44.78 2.3
55.0 54.07 12.13 2.4
55.0 54.08 17.69 2.3
55.0 54.09 17.81 2.3
55.0 54.07 27.77 2.5
55.0 54.05 27.45 2.4
55.0 54.08 13.61 2.0
55.0 54.06 27.58 2.4
55.0 54.00 43.30 2.7
55.0 54.00 20.89 2.5
55.0 54.00 21.99 2.6
55.0 54.05 6.39 2.6
55.0 54.08 9.23 2.5
55.0 54.07 22.12 2.4
55.0 54.05 28.06 2.2
55.0 54.04 27.20 2.7
55.0 54.02 27.61 2.4
55.0 54.08 -0.73 2.1
55.0 54.05 33.67 2.4
55.0 54.03 27.08 2.2
55.0 54.03 22.35 2.6
55.0 54.06 11.95 2.6
55.0 54.01 38.11 2.3
55.0 54.03 16.94 2.6
55.0 54.04 15.90 2.3
55.0 54.03 28.39 2.5
55.0 53.98 37.61 2.8
55.0 53.99 20.67 2.4
55.0 53.99 21.83 2.7
55.0 54.01 16.68 2.7
55.0 53.97 37.57 2.6
55.0 53.98 20.44 2.8
55.0 53.95 31.40 2.7
55.0 53.97 17.58 2.6
55.0 54.01 9.57 2.8
55.0 54.00 26.50 2.5
55.0 53.96 37.39 2.6
55.0 53.95 26.59 2.6
55.0 53.99 9.18 3.0
55.0 54.00 13.82 2.4
55.0 53.98 32.92 2.4
55.0 53.97 26.02 2.9
55.0 54.02 5.94 2.5
55.0 54.02 20.20 2.5
55.0 54.04 17.03 2.6
55.0 54.05 17.22 2.4
55.0 54.05 21.68 2.4
55.0 54.06 17.37 1.8
55.0 54.03 33.06 2.3
55.0 54.03 21.35 2.4
55.0 54.09 1.44 2.8
55.0 54.01 50.01 2.4
55.0 54.01 23.10 2.2
55.0 54.04 10.14 2.5
55.0 54.06 17.31 2.1
55.0 54.05 22.66 2.2
55.0 54.06 16.26 2.2
55.0 54.08 17.59 2.4
55.0 54.09 16.63 2.5
55.0 54.08 23.87 2.4
55.0 53.99 54.52 2.3
55.0 53.96 31.60 2.4
55.0 53.97 21.51 2.6
55.0 53.96 26.77 2.6
55.0 53.91 42.06 2.4
55.0 53.94 14.06 2.8
55.0 53.92 30.80 2.6
55.0 53.94 17.24 2.4
55.0 53.91 36.30 2.5
55.0 53.93 15.62 3.0
55.0 53.94 21.14 2.4
55.0 53.97 16.07 2.6
55.0 53.94 31.27 2.9
55.0 53.97 14.59 2.7
55.0 53.96 27.63 2.4
55.0 53.97 20.28 2.7
55.0 54.02 5.91 2.4
55.0 54.03 14.38 2.5
55.0 54.05 17.18 2.6
55.0 54.00 38.02 2.3
55.0 53.99 26.38 2.4
55.0 54.02 11.43 2.9
55.0 54.01 27.43 2.6
55.0 53.98 32.41 2.6
55.0 53.96 31.50 2.6
55.0 53.94 31.12 3.0
55.0 53.92 32.22 2.8
55.0 53.88 35.89 3.0
55.0 53.87 30.83 2.8
55.0 53.89 20.32 3.0
55.0 53.90 19.14 3.0
55.0 53.85 41.28 3.0
55.0 53.81 40.32 2.6
55.0 53.79 35.91 3.3
55.0 53.80 23.15 3.1
55.0 53.74 50.21 3.1
55.0 53.75 23.83 3.2
55.0 53.77 24.02 3.5
55.0 53.78 24.18 3.2
55.0 53.76 33.74 3.0
55.0 53.77 24.10 3.1
55.0 53.77 29.41 3.3
55.0 53.85 -4.65 2.9
55.0 53.94 -6.04 2.8
55.0 54.00 5.63 3.0
55.0 54.00 20.86 2.7
55.0 53.99 26.35 2.7
55.0 54.01 15.27 2.8
55.0 54.01 23.08 2.9
55.0 54.01 21.06 2.8
55.0 54.03 16.91 2.7
55.0 53.98 37.61 2.5
55.0 53.97 27.79 2.6
55.0 53.92 42.17 2.8
55.0 53.96 8.76 2.9
55.0 53.93 36.59 2.8
55.0 53.94 21.02 2.8
55.0 53.94 21.15 3.0
55.0 53.95 20.06 2.6
55.0 53.96 20.19 2.8
55.0 53.97 22.63 3.0
55.0 54.00 9.46 2.7
55.0 54.01 20.96 2.9
55.0 54.01 22.04 2.6
55.0 54.08 -6.49 2.7
55.0 54.08 23.02 2.5
55.0 54.06 27.57 2.6
55.0 54.14 -6.39 2.9
55.0 54.12 28.59 2.5
55.0 54.08 33.61 2.7
55.0 54.07 22.98 2.7
55.0 54.07 22.91 2.6
55.0 54.05 28.03 2.6
55.0 54.06 16.25 2.7
55.0 54.06 22.78 2.7
55.0 54.06 22.73 2.6
55.0 54.07 16.34 2.6
55.0 54.08 17.65 2.6
55.0 54.02 43.56 2.0
55.0 54.02 22.18 2.6
55.0 53.90 64.20 3.0
55.0 53.95 8.49 2.8
55.0 53.88 46.97 3.0
55.0 53.90 19.09 3.5
55.0 53.90 25.84 3.0
55.0 53.91 19.30 3.2
55.0 53.89 31.96 3.5
55.0 53.92 13.78 2.9
55.0 53.90 30.55 2.8
55.0 53.91 20.73 3.1
55.0 53.93 20.89 2.8
55.0 53.92 26.21 2.8
55.0 53.90 30.57 2.9
55.0 53.89 30.29 2.1
55.0 53.90 21.89 2.8
55.0 53.91 19.39 2.4
55.0 53.91 26.06 3.1
55.0 53.88 36.31 2.7
55.0 53.88 24.49 3.1
55.0 53.95 -0.43 3.2
55.0 53.95 25.64 2.8
55.0 53.95 22.48 2.8
55.0 53.98 14.75 2.6
55.0 54.03 6.04 2.8
55.0 54.03 20.33 2.2
55.0 54.04 17.11 2.3
55.0 54.04 22.49 2.6
55.0 54.04 21.53 2.6
55.0 54.01 32.79 2.3
55.0 54.01 22.08 3.0
55.0 53.97 37.35 2.4
55.0 54.00 11.18 2.8
55.0 54.01 22.02 2.5
55.0 54.02 16.86 2.5
55.0 54.07 4.83 2.6
55.0 54.05 26.87 2.6
55.0 54.05 23.51 2.7
55.0 54.05 21.65 2.3
55.0 54.04 22.55 2.3
55.0 54.07 10.65 2.4
55.0 54.07 23.73 2.6
55.0 54.09 11.01 2.5
55.0 54.07 27.80 2.3
55.0 54.07 22.88 1.9
55.0 54.11 7.19 2.6
55.0 54.06 38.86 2.4
55.0 54.07 16.32 2.9
55.0 54.06 21.97 2.3
55.0 54.02 38.41 2.3
55.0 54.05 10.24 2.4
55.0 54.06 17.38 2.7
55.0 54.06 22.73 2.2
55.0 54.05 22.69 2.5
55.0 54.02 32.63 2.4
55.0 53.97 42.93 2.4
55.0 53.96 27.61 2.7
55.0 53.96 20.26 2.8
55.0 53.96 26.70 2.8
55.0 53.85 63.25 2.4
55.0 53.85 25.24 3.1
55.0 53.87 20.11 3.0
55.0 53.86 29.77 2.9
55.0 53.85 30.49 3.1
55.0 53.86 20.01 3.0
55.0 53.89 13.34 3.1
55.0 53.91 20.64 2.9
55.0 53.88 36.27 2.9
55.0 53.91 15.22 2.6
55.0 53.92 19.47 3.1
55.0 53.93 20.94 2.9
55.0 53.81 66.98 2.2
55.0 53.83 17.98 2.9
55.0 53.85 19.86 3.0
55.0 53.93 -3.35 3.0
55.0 53.97 12.38 2.7
55.0 53.99 14.95 2.6
55.0 53.99 20.74 2.8
55.0 53.98 27.05 2.5
55.0 54.03 6.10 3.1
55.0 54.03 21.38 2.5
55.0 54.04 15.92 2.1
55.0 53.93 64.61 2.6
55.0 53.97 12.38 2.6
55.0 53.99 14.95 2.8
55.0 53.96 32.15 2.6
55.0 53.97 21.51 2.6
55.0 53.98 21.59 2.9
55.0 54.00 15.08 2.7
55.0 54.00 20.85 2.4
55.0 53.99 27.94 2.5
55.0 53.98 26.17 2.5
55.0 53.98 21.68 2.8
55.0 53.96 31.51 2.6
55.0 53.97 21.44 2.9
55.0 53.94 31.85 2.6
55.0 53.97 14.56 2.6
55.0 53.94 31.86 2.7
55.0 53.98 10.84 2.6
55.0 53.97 26.90 2.9
55.0 53.96 25.91 2.4
55.0 53.97 21.49 2.8
55.0 53.98 21.58 2.6
55.0 53.99 15.06 2.6
55.0 53.98 27.08 2.6
55.0 54.02 11.36 2.7
55.0 54.00 26.63 2.5
55.0 54.04 11.62 2.4
55.0 54.04 21.47 2.5
55.0 54.05 18.42 2.2
55.0 54.06 16.21 2.5
55.0 54.04 27.92 2.7
55.0 54.06 16.13 2.5
55.0 54.04 27.86 2.2
55.0 54.13 -8.98 2.5
55.0 54.12 22.88 2.6
55.0 54.11 24.19 2.3
55.0 54.11 17.13 2.4
55.0 54.11 22.70 2.4
55.0 54.08 28.48 2.8
55.0 54.09 17.84 2.6
55.0 54.09 23.14 2.4
55.0 54.07 27.70 2.4
55.0 54.14 -5.58 2.7
55.0 54.10 34.22 2.8
55.0 54.09 22.41 2.6
55.0 54.08 23.10 2.3
55.0 54.08 22.21 2.5
55.0 54.09 18.85 2.3
55.0 54.16 -5.24 2.3
55.0 54.13 28.76 2.4
55.0 54.12 24.29 2.5
55.0 54.18 -4.78 2.0
55.0 54.15 29.45 2.5
55.0 54.17 12.33 2.2
55.0 54.14 29.29 2.4
55.0 54.17 8.11 2.5
55.0 54.14 28.83 2.2
55.0 54.15 18.61 2.5
55.0 54.14 23.84 2.4
55.0 54.14 18.49 2.7
55.0 54.11 28.52 2.4
55.0 54.11 22.68 2.5
55.0 54.11 19.12 2.4
55.0 54.10 22.66 2.5
55.0 54.08 28.46 2.4
55.0 53.96 65.20 2.6
55.0 53.98 16.30 3.0
55.0 53.94 37.22 2.8
55.0 53.95 20.05 3.0
55.0 53.98 17.59 2.8
55.0 53.98 20.53 2.6
55.0 53.97 26.06 3.0
55.0 53.96 26.77 2.8
55.0 53.94 31.82 2.6
55.0 53.96 16.02 2.9
55.0 53.96 25.79 3.0
55.0 53.96 21.40 2.8
55.0 53.97 21.50 2.4
55.0 53.96 25.88 3.0
55.0 54.01 5.84 2.5
55.0 54.03 14.30 2.5
55.0 54.03 23.30 2.2
55.0 54.01 26.79 1.8
55.0 54.03 15.66 2.7
55.0 54.02 28.25 2.5
55.0 54.02 21.15 2.4
55.0 53.95 47.86 2.4
55.0 53.88 47.10 3.0
55.0 53.90 21.84 3.5
55.0 53.90 24.76 3.0
55.0 53.89 24.74 3.0
55.0 53.86 36.10 3.0
55.0 53.87 25.43 3.0
55.0 53.94 -0.61 2.9
55.0 53.95 20.00 2.9
55.0 53.96 20.14 2.6
55.0 53.95 27.53 2.8
55.0 53.93 31.01 2.7
55.0 53.94 21.07 2.8
55.0 53.95 19.97 2.9
55.0 53.90 41.90 3.0
55.0 53.91 20.69 3.0
55.0 54.03 -19.13 2.4
55.0 54.03 24.26 2.6
55.0 54.03 21.33 3.1
55.0 53.97 42.89 2.9
55.0 53.96 25.88 3.6
55.0 53.98 16.28 2.8
55.0 54.00 16.55 3.1
55.0 54.02 15.47 2.7
55.0 54.01 27.38 2.8
55.0 54.01 22.04 2.6
55.0 54.01 21.03 2.7
55.0 54.00 27.27 2.8
55.0 54.00 20.87 2.8
55.0 54.00 23.02 3.1
55.0 54.05 4.51 2.8
55.0 54.03 27.13 2.6
55.0 54.05 17.19 2.6
55.0 54.06 16.18 2.8
55.0 54.07 17.53 2.4
55.0 54.07 22.02 2.6
55.0 54.06 23.69 2.5
55.0 54.13 -5.62 2.4
55.0 54.04 55.35 2.4
55.0 54.06 12.03 2.6
55.0 54.06 22.79 2.8
55.0 54.10 7.11 2.6
55.0 54.09 21.75 2.8
55.0 54.12 11.44 2.5
55.0 54.12 19.24 2.4
55.0 54.13 17.36 2.5
55.0 54.13 18.40 2.3
55.0 54.17 6.52 2.0
55.0 54.15 24.07 2.1
55.0 54.14 23.28 2.2
55.0 54.17 6.64 2.2
55.0 54.13 34.48 2.3
55.0 54.08 39.20 2.2
55.0 54.06 28.10 2.4
55.0 53.98 48.82 2.3
55.0 53.96 32.07 2.6
55.0 54.01 5.80 2.8
55.0 54.03 14.24 2.7
55.0 54.03 22.29 2.6
55.0 54.03 22.29 2.2
55.0 54.00 32.19 2.5
55.0 54.07 -4.22 2.6
55.0 54.04 32.93 2.5
55.0 54.04 23.42 2.7
55.0 54.01 32.39 2.6
55.0 54.06 4.61 2.8
55.0 53.99 43.43 2.7
55.0 54.01 16.71 2.6
55.0 54.03 16.94 2.6
55.0 54.01 26.81 2.1
55.0 54.00 28.09 2.5
55.0 53.96 37.21 2.8
55.0 53.98 14.84 2.3
55.0 53.99 21.74 2.3
55.0 54.01 16.61 2.9
55.0 54.02 16.85 3.1
55.0 54.05 10.32 2.6
55.0 54.04 27.17 2.5
55.0 54.05 18.42 1.8
55.0 54.03 27.12 2.6
55.0 54.09 1.50 2.5
55.0 54.07 27.30 2.4
55.0 54.07 23.72 2.3
55.0 53.99 48.96 2.4
55.0 53.94 42.42 2.8
55.0 54.00 2.47 2.8
55.0 54.04 8.37 2.7
55.0 54.05 16.01 2.5
55.0 54.00 37.96 2.0
55.0 54.01 22.02 2.8
55.0 54.05 6.42 2.3
55.0 54.05 20.84 2.4
55.0 54.05 22.61 2.2
55.0 54.03 27.76 2.4
55.0 54.00 32.28 2.4
55.0 54.11 -14.75 2.6
55.0 54.12 18.15 2.5
55.0 54.21 -10.89 2.2
55.0 54.16 34.94 2.5
55.0 54.13 29.20 2.5
55.0 54.12 23.00 2.7
55.0 54.10 28.71 3.1
e 71.94276356697083