72.0  255.00 0.0
72.0 27.05 255.00 0.0
72.0 27.05 255.00 0.0
72.0 27.03 255.00 0.0
72.0 27.03 255.00 0.0
72.0 27.02 255.00 0.0
72.0 27.02 255.00 0.4
72.0 27.02 255.00 0.4
72.0 27.00 255.00 2.3
72.0 27.02 255.00 4.8
72.0 27.03 255.00 7.1
72.0 27.05 255.00 8.6
72.0 27.05 255.00 10.6
72.0 27.05 255.00 12.3
72.0 27.04 255.00 12.9
72.0 27.04 255.00 15.2
72.0 27.04 255.00 16.7
72.0 27.03 255.00 17.7
72.0 27.04 255.00 18.9
72.0 27.09 255.00 19.8
72.0 27.09 255.00 20.8
72.0 27.06 255.00 21.5
72.0 27.05 255.00 22.4
72.0 27.06 255.00 22.6
72.0 27.01 255.00 23.7
72.0 27.03 255.00 24.3
72.0 27.01 255.00 24.5
72.0 26.95 255.00 25.3
72.0 26.89 255.00 26.0
72.0 26.85 255.00 26.6
72.0 26.86 255.00 26.5
72.0 26.89 255.00 26.5
72.0 26.93 255.00 28.0
72.0 26.95 255.00 27.4
72.0 26.96 255.00 27.8
72.0 26.96 255.00 28.0
72.0 26.98 255.00 28.0
72.0 26.98 255.00 28.0
72.0 27.00 255.00 28.0
72.0 27.00 255.00 28.4
72.0 27.02 255.00 28.6
72.0 27.02 255.00 28.8
72.0 27.04 255.00 28.8
72.0 27.05 255.00 28.8
72.0 27.02 255.00 29.3
72.0 27.00 255.00 29.0
72.0 27.01 255.00 29.3
72.0 27.04 255.00 29.0
72.0 27.03 255.00 29.1
72.0 27.03 255.00 29.2
72.0 27.00 255.00 29.4
72.0 27.02 255.00 28.0
72.0 27.05 255.00 29.1
72.0 27.06 255.00 29.4
72.0 27.04 255.00 28.8
72.0 27.01 255.00 29.2
72.0 27.04 255.00 29.2
72.0 27.09 255.00 29.8
72.0 27.07 255.00 29.2
72.0 27.09 255.00 29.1
72.0 27.15 255.00 29.3
72.0 27.12 255.00 29.6
72.0 27.07 255.00 29.1
72.0 27.03 255.00 28.9
72.0 27.03 255.00 28.7
72.0 27.03 255.00 29.6
72.0 27.06 255.00 29.0
72.0 27.10 255.00 28.6
72.0 27.09 255.00 29.0
72.0 27.07 255.00 28.8
72.0 27.10 255.00 28.6
72.0 27.12 255.00 28.9
72.0 27.15 255.00 28.0
72.0 27.20 255.00 28.6
72.0 27.24 255.00 28.4
72.0 27.26 255.00 28.6
72.0 27.30 255.00 28.0
72.0 27.32 255.00 28.4
72.0 27.35 255.00 28.4
72.0 27.42 255.00 28.2
72.0 27.48 255.00 28.2
72.0 27.51 255.00 28.3
72.0 27.54 255.00 28.4
72.0 27.56 255.00 28.4
72.0 27.59 255.00 27.9
72.0 27.62 255.00 28.0
72.0 27.65 255.00 28.2
72.0 27.62 255.00 28.0
72.0 27.60 255.00 28.2
72.0 27.57 255.00 27.7
72.0 27.60 255.00 28.2
72.0 27.64 255.00 27.6
72.0 27.72 255.00 27.4
72.0 27.76 255.00 27.6
72.0 27.79 255.00 27.8
72.0 27.77 255.00 27.9
72.0 27.82 255.00 26.7
72.0 27.86 255.00 27.5
72.0 27.89 255.00 27.6
72.0 27.94 255.00 27.7
72.0 27.98 255.00 26.7
72.0 28.02 255.00 27.3
72.0 28.06 255.00 27.3
72.0 28.10 255.00 27.6
72.0 28.11 255.00 27.8
72.0 28.16 255.00 27.2
72.0 28.21 255.00 27.0
72.0 28.23 255.00 27.9
72.0 28.25 255.00 27.1
72.0 28.27 255.00 27.0
72.0 28.32 255.00 27.3
72.0 28.34 255.00 27.0
72.0 28.36 255.00 27.3
72.0 28.36 255.00 27.5
72.0 28.43 255.00 26.9
72.0 28.48 255.00 27.1
72.0 28.50 255.00 26.2
72.0 28.60 255.00 26.6
72.0 28.61 255.00 26.8
72.0 28.65 255.00 26.6
72.0 28.71 255.00 26.6
72.0 28.75 255.00 26.9
72.0 28.83 255.00 26.7
72.0 28.90 255.00 26.4
72.0 28.95 255.00 26.5
72.0 29.07 255.00 26.3
72.0 29.09 255.00 27.4
72.0 29.13 255.00 26.3
72.0 29.19 255.00 26.2
72.0 29.21 255.00 25.9
72.0 29.30 255.00 26.2
72.0 29.26 255.00 26.3
72.0 29.22 255.00 26.3
72.0 29.20 255.00 26.6
72.0 29.22 255.00 26.1
72.0 29.26 255.00 25.8
72.0 29.35 255.00 26.1
72.0 29.42 255.00 26.2
72.0 29.51 255.00 26.0
72.0 29.57 255.00 26.3
72.0 29.70 255.00 26.0
72.0 29.78 255.00 26.1
72.0 29.84 255.00 25.6
72.0 29.98 255.00 26.0
72.0 30.06 255.00 25.2
72.0 30.11 255.00 25.9
72.0 30.17 255.00 25.8
72.0 30.23 255.00 25.8
72.0 30.26 255.00 25.4
72.0 30.37 255.00 26.2
72.0 30.43 255.00 25.8
72.0 30.53 255.00 25.9
72.0 30.54 255.00 25.6
72.0 30.63 255.00 26.4
72.0 30.70 255.00 25.6
72.0 30.77 255.00 25.8
72.0 30.82 255.00 25.3
72.0 30.89 255.00 25.8
72.0 30.97 255.00 24.7
72.0 31.03 255.00 25.6
72.0 31.07 255.00 25.6
72.0 31.11 255.00 26.2
72.0 31.19 255.00 24.9
72.0 31.19 255.00 25.4
72.0 31.26 255.00 25.4
72.0 31.34 255.00 25.7
72.0 31.46 255.00 25.7
72.0 31.52 255.00 24.9
72.0 31.48 255.00 25.2
72.0 31.46 255.00 25.3
72.0 31.44 255.00 25.0
72.0 31.47 255.00 25.5
72.0 31.56 255.00 24.6
72.0 31.65 255.00 25.2
72.0 31.74 255.00 24.9
72.0 31.85 255.00 25.1
72.0 31.99 255.00 25.3
72.0 32.03 255.00 24.3
72.0 32.13 255.00 25.2
72.0 32.21 255.00 25.0
72.0 32.25 255.00 24.7
72.0 32.35 255.00 25.6
72.0 32.48 255.00 24.5
72.0 32.56 255.00 25.0
72.0 32.65 255.00 25.0
72.0 32.74 255.00 24.4
72.0 32.79 255.00 24.7
72.0 32.92 255.00 25.5
72.0 33.00 255.00 24.9
72.0 33.08 255.00 25.0
72.0 33.18 255.00 24.5
72.0 33.22 255.00 24.5
72.0 33.26 255.00 24.8
72.0 33.33 255.00 24.8
72.0 33.41 255.00 25.0
72.0 33.54 255.00 24.9
72.0 33.57 255.00 24.1
72.0 33.59 255.00 24.8
72.0 33.65 255.00 24.7
72.0 33.72 255.00 24.6
72.0 33.86 255.00 24.9
72.0 33.95 255.00 24.4
72.0 33.96 255.00 24.7
72.0 34.04 255.00 24.6
72.0 34.12 255.00 24.5
72.0 34.15 255.00 24.4
72.0 34.19 255.00 24.1
72.0 34.35 255.00 24.6
72.0 34.43 255.00 24.4
72.0 34.48 255.00 24.8
72.0 34.61 255.00 24.6
72.0 34.71 255.00 24.9
72.0 34.71 255.00 24.6
72.0 34.77 255.00 24.7
72.0 34.83 255.00 24.3
72.0 34.83 255.00 24.2
72.0 34.95 255.00 25.0
72.0 35.06 255.00 24.4
72.0 35.14 255.00 24.3
72.0 35.23 255.00 24.7
72.0 35.34 255.00 24.5
72.0 35.45 255.00 24.8
72.0 35.50 255.00 24.3
72.0 35.58 255.00 24.3
72.0 35.66 255.00 24.5
72.0 35.79 255.00 24.5
72.0 35.86 255.00 24.5
72.0 35.85 255.00 24.3
72.0 35.93 255.00 24.3
72.0 35.99 255.00 24.4
72.0 36.10 255.00 23.9
72.0 36.19 255.00 24.5
72.0 36.23 255.00 23.4
72.0 36.30 255.00 24.2
72.0 36.39 255.00 24.3
72.0 36.43 255.00 23.6
72.0 36.49 255.00 23.8
72.0 36.50 255.00 23.2
72.0 36.60 255.00 24.1
72.0 36.70 255.00 23.9
72.0 36.78 255.00 23.6
72.0 36.83 255.00 23.8
72.0 36.92 255.00 24.5
72.0 36.99 255.00 24.0
72.0 37.07 255.00 23.9
72.0 37.17 255.00 23.7
72.0 37.31 255.00 24.1
72.0 37.43 255.00 24.5
72.0 37.56 255.00 24.0
72.0 37.61 255.00 23.9
72.0 37.68 255.00 23.7
72.0 37.80 255.00 23.9
72.0 37.88 255.00 24.5
72.0 38.02 255.00 23.9
72.0 38.08 255.00 23.9
72.0 38.13 255.00 24.0
72.0 38.16 255.00 24.2
72.0 38.27 255.00 24.3
72.0 38.37 255.00 23.9
72.0 38.43 255.00 23.9
72.0 38.48 255.00 23.9
72.0 38.57 255.00 23.7
72.0 38.64 255.00 24.1
72.0 38.76 255.00 24.8
72.0 38.82 255.00 23.7
72.0 38.88 255.00 23.9
72.0 38.97 255.00 24.1
72.0 39.05 255.00 24.0
72.0 39.17 255.00 24.5
72.0 39.19 255.00 23.7
72.0 39.26 255.00 23.7
72.0 39.33 255.00 24.0
72.0 39.37 255.00 23.8
72.0 39.47 255.00 24.3
72.0 39.64 255.00 23.7
72.0 39.70 255.00 23.5
72.0 39.77 255.00 23.9
72.0 39.85 255.00 23.9
72.0 39.94 255.00 23.8
72.0 40.00 255.00 24.3
72.0 40.06 255.00 23.7
72.0 40.12 255.00 23.4
72.0 40.14 255.00 23.2
72.0 40.17 255.00 23.3
72.0 40.19 255.00 22.8
72.0 40.19 255.00 23.5
72.0 40.27 255.00 23.5
72.0 40.38 255.00 23.7
72.0 40.42 255.00 23.9
72.0 40.51 255.00 23.5
72.0 40.52 255.00 23.6
72.0 40.61 255.00 23.5
72.0 40.71 255.00 23.5
72.0 40.82 255.00 24.0
72.0 40.92 255.00 23.8
72.0 41.06 255.00 24.5
72.0 41.13 255.00 23.4
72.0 41.19 255.00 23.5
72.0 41.23 255.00 23.4
72.0 41.33 255.00 23.4
72.0 41.44 255.00 24.1
72.0 41.57 255.00 23.4
72.0 41.63 255.00 23.2
72.0 41.67 255.00 23.5
72.0 41.80 255.00 23.0
72.0 41.85 255.00 22.8
72.0 41.92 255.00 23.3
72.0 41.98 255.00 23.2
72.0 42.02 255.00 23.3
72.0 42.03 255.00 23.0
72.0 42.07 255.00 23.0
72.0 42.15 255.00 23.9
72.0 42.22 255.00 23.2
72.0 42.28 255.00 23.2
72.0 42.34 255.00 23.2
72.0 42.39 255.00 23.0
72.0 42.45 255.00 23.2
72.0 42.53 255.00 23.2
72.0 42.61 255.00 23.1
72.0 42.67 255.00 23.2
72.0 42.79 255.00 23.0
72.0 42.88 255.00 23.5
72.0 43.03 255.00 23.1
72.0 43.10 255.00 23.1
72.0 43.15 255.00 23.4
72.0 43.18 255.00 23.0
72.0 43.22 255.00 22.9
72.0 43.31 255.00 23.0
72.0 43.39 255.00 23.2
72.0 43.45 255.00 23.2
72.0 43.52 255.00 22.6
72.0 43.57 255.00 23.0
72.0 43.58 255.00 22.1
72.0 43.65 255.00 23.1
72.0 43.72 255.00 23.2
72.0 43.78 255.00 22.8
72.0 43.80 255.00 22.9
72.0 43.83 255.00 22.6
72.0 43.84 255.00 23.0
72.0 43.93 255.00 23.1
72.0 44.00 255.00 23.0
72.0 44.12 255.00 23.2
72.0 44.23 255.00 23.3
72.0 44.30 255.00 23.0
72.0 44.36 255.00 23.0
72.0 44.46 255.00 23.2
72.0 44.58 255.00 23.0
72.0 44.68 255.00 23.3
72.0 44.80 255.00 23.0
72.0 44.84 255.00 22.9
72.0 44.92 255.00 22.8
72.0 44.99 255.00 23.2
72.0 45.07 255.00 22.7
72.0 45.12 255.00 22.6
72.0 45.26 255.00 22.8
72.0 45.32 255.00 22.8
72.0 45.37 255.00 22.8
72.0 45.43 255.00 22.5
72.0 45.47 255.00 23.1
72.0 45.50 255.00 22.2
72.0 45.56 255.00 23.0
72.0 45.61 255.00 23.0
72.0 45.71 255.00 22.6
72.0 45.80 255.00 23.1
72.0 45.85 255.00 23.2
72.0 45.92 255.00 22.8
72.0 45.97 255.00 22.8
72.0 46.05 255.00 23.2
72.0 46.08 255.00 22.6
72.0 46.13 255.00 22.4
72.0 46.21 255.00 22.7
72.0 46.27 255.00 22.8
72.0 46.33 255.00 22.8
72.0 46.39 255.00 22.6
72.0 46.49 255.00 23.0
72.0 46.61 255.00 23.5
72.0 46.69 255.00 22.8
72.0 46.77 255.00 22.6
72.0 46.82 255.00 23.0
72.0 46.92 255.00 22.6
72.0 46.94 255.00 22.2
72.0 46.97 255.00 22.4
72.0 47.03 255.00 22.8
72.0 47.07 255.00 22.8
72.0 47.16 255.00 22.4
72.0 47.21 255.00 22.6
72.0 47.23 255.00 22.6
72.0 47.29 255.00 22.7
72.0 47.35 255.00 22.8
72.0 47.45 255.00 22.4
72.0 47.46 255.00 22.9
72.0 47.56 255.00 23.0
72.0 47.58 255.00 22.6
72.0 47.64 255.00 22.7
72.0 47.72 255.00 22.6
72.0 47.86 255.00 22.7
72.0 47.89 255.00 22.1
72.0 47.83 255.00 22.6
72.0 47.90 255.00 22.6
72.0 47.96 255.00 22.3
72.0 47.97 255.00 22.4
72.0 48.01 255.00 22.0
72.0 48.06 255.00 22.6
72.0 48.14 255.00 22.5
72.0 48.21 255.00 22.4
72.0 48.26 255.00 22.8
72.0 48.32 255.00 22.2
72.0 48.41 255.00 21.5
72.0 48.49 255.00 22.6
72.0 48.54 255.00 22.6
72.0 48.60 255.00 22.2
72.0 48.64 255.00 22.6
72.0 48.69 255.00 22.4
72.0 48.67 255.00 22.5
72.0 48.75 255.00 22.6
72.0 48.83 255.00 22.8
72.0 48.92 255.00 22.7
72.0 49.00 255.00 22.5
72.0 48.96 255.00 22.4
72.0 49.04 255.00 22.4
72.0 49.11 255.00 22.4
72.0 49.15 255.00 22.3
72.0 49.22 255.00 22.4
72.0 49.24 255.00 21.6
72.0 49.33 255.00 22.4
72.0 49.42 255.00 22.6
72.0 49.52 255.00 22.6
72.0 49.66 255.00 22.8
72.0 49.79 255.00 23.1
72.0 49.90 255.00 22.4
72.0 49.95 255.00 22.3
72.0 50.01 255.00 22.4
72.0 50.13 255.00 22.2
72.0 50.17 255.00 22.5
72.0 50.21 255.00 22.1
72.0 50.25 255.00 22.4
72.0 50.32 255.00 22.3
72.0 50.43 255.00 22.5
72.0 50.49 255.00 22.4
72.0 50.63 255.00 23.0
72.0 50.67 255.00 22.2
72.0 50.68 255.00 22.2
72.0 50.72 255.00 22.0
72.0 50.70 255.00 22.0
72.0 50.76 255.00 21.7
72.0 50.77 255.00 22.2
72.0 50.85 255.00 22.3
72.0 50.88 255.00 22.5
72.0 50.92 255.00 22.4
72.0 50.93 255.00 22.6
72.0 51.00 255.00 22.3
72.0 51.08 255.00 22.4
72.0 51.18 255.00 22.4
72.0 51.26 255.00 22.2
72.0 51.34 255.00 22.4
72.0 51.49 255.00 23.1
72.0 51.52 255.00 22.2
72.0 51.56 255.00 22.3
72.0 51.64 255.00 22.5
72.0 51.75 255.00 22.5
72.0 51.86 255.00 23.0
72.0 51.88 255.00 22.2
72.0 51.91 255.00 22.2
72.0 51.96 255.00 22.3
72.0 52.06 255.00 22.2
72.0 52.12 255.00 22.7
72.0 52.10 255.00 22.2
72.0 52.15 255.00 22.2
72.0 52.20 255.00 22.4
72.0 52.24 255.00 22.4
72.0 52.32 255.00 22.3
72.0 52.39 255.00 22.2
72.0 52.42 255.00 22.0
72.0 52.45 255.00 22.0
72.0 52.51 255.00 21.7
72.0 52.55 255.00 21.9
72.0 52.50 255.00 22.0
72.0 52.55 255.00 22.1
72.0 52.58 255.00 22.0
72.0 52.66 255.00 21.8
72.0 52.68 255.00 21.9
72.0 52.64 255.00 21.0
72.0 52.72 255.00 22.1
72.0 52.80 255.00 22.1
72.0 52.82 255.00 21.7
72.0 52.85 255.00 21.9
72.0 52.86 255.00 21.3
72.0 52.92 255.00 22.0
72.0 52.98 255.00 22.0
72.0 53.06 255.00 22.2
72.0 53.17 255.00 21.9
72.0 53.23 255.00 22.4
72.0 53.43 255.00 22.0
72.0 53.50 255.00 21.8
72.0 53.55 255.00 21.5
72.0 53.67 255.00 22.0
72.0 53.75 255.00 22.6
72.0 53.93 255.00 22.0
72.0 53.95 255.00 22.0
72.0 54.01 255.00 21.8
72.0 54.08 255.00 22.1
72.0 54.13 255.00 22.0
72.0 54.10 255.00 22.0
72.0 54.13 255.00 22.0
72.0 54.14 255.00 21.7
72.0 54.13 255.00 22.0
72.0 54.13 255.00 21.9
72.0 54.08 255.00 21.6
72.0 54.16 255.00 21.9
72.0 54.22 255.00 22.0
72.0 54.23 255.00 22.0
72.0 54.28 255.00 22.1
72.0 54.33 255.00 21.3
72.0 54.40 255.00 22.0
72.0 54.47 255.00 22.0
72.0 54.50 255.00 21.8
72.0 54.48 255.00 22.0
72.0 54.48 255.00 21.4
72.0 54.48 255.00 22.0
72.0 54.54 255.00 21.8
95.0 54.62 255.00 21.7
95.0 54.69 255.00 21.7
95.0 54.78 255.00 22.0
95.0 54.96 255.00 21.9
95.0 55.01 255.00 21.9
95.0 
95.0 55.29 255.00 21.7
95.0 55.55 49.96 21.1
95.0 55.91 -102.52 21.5
95.0 56.12 -85.92 22.3
95.0 56.29 84.54 21.9
95.0 56.37 169.77 21.5
95.0 56.60 212.38 22.0
95.0 56.74 233.69 21.6
95.0 56.98 244.35 22.6
95.0 57.11 249.67 21.7
95.0 57.25 252.34 21.6
95.0 57.34 253.67 21.3
95.0 57.41 254.33 21.7
95.0 57.62 254.67 21.8
95.0 57.74 254.83 21.7
95.0 57.83 254.92 21.5
95.0 58.00 254.96 21.3
95.0 58.00 254.98 21.6
95.0 58.18 254.99 21.7
95.0 58.24 254.99 21.7
95.0 58.33 255.00 21.6
95.0 58.32 255.00 21.7
95.0 58.34 255.00 21.1
95.0 58.40 255.00 21.7
95.0 58.48 255.00 21.8
95.0 58.51 255.00 21.3
95.0 58.56 255.00 21.8
95.0 58.53 255.00 21.8
95.0 58.60 255.00 21.7
95.0 58.65 255.00 21.9
95.0 58.72 255.00 21.6
95.0 58.80 255.00 21.7
95.0 58.73 255.00 21.0
95.0 58.77 255.00 21.7
95.0 58.86 255.00 21.8
95.0 58.87 255.00 21.3
95.0 58.89 255.00 21.2
95.0 59.05 255.00 21.6
95.0 59.11 255.00 21.8
95.0 59.13 255.00 21.9
95.0 59.23 255.00 21.9
95.0 59.33 255.00 20.6
95.0 59.38 255.00 21.7
95.0 59.44 255.00 21.7
95.0 59.49 255.00 21.5
95.0 59.58 255.00 21.5
95.0 59.52 255.00 21.6
95.0 59.57 255.00 21.7
95.0 59.57 255.00 22.0
95.0 59.60 255.00 21.4
95.0 59.60 255.00 22.0
95.0 59.73 255.00 21.5
95.0 59.86 255.00 21.5
95.0 59.86 255.00 21.5
95.0 59.84 255.00 21.6
95.0 60.02 255.00 21.5
95.0 60.07 255.00 21.5
95.0 60.08 255.00 21.6
95.0 60.14 255.00 21.7
95.0 60.18 255.00 21.2
95.0 60.04 255.00 21.5
95.0 60.09 255.00 21.7
95.0 60.11 255.00 21.6
95.0 60.10 255.00 21.3
95.0 60.07 255.00 21.7
95.0 60.13 255.00 21.5
95.0 60.21 255.00 21.3
95.0 60.27 255.00 21.4
95.0 60.31 255.00 21.8
95.0 60.49 255.00 21.6
95.0 60.54 255.00 21.3
95.0 60.61 255.00 21.6
95.0 60.69 255.00 21.7
95.0 60.72 255.00 20.9
95.0 60.77 255.00 21.5
95.0 60.83 255.00 21.6
95.0 60.81 255.00 21.6
95.0 60.84 255.00 21.1
95.0 60.94 255.00 21.9
95.0 60.99 255.00 21.4
95.0 61.01 255.00 21.3
95.0 61.12 255.00 21.3
95.0 61.21 255.00 21.9
95.0 61.14 255.00 21.5
95.0 61.20 255.00 21.5
95.0 61.29 255.00 21.1
95.0 61.26 255.00 21.5
95.0 61.40 255.00 21.5
95.0 61.45 255.00 21.3
95.0 61.43 255.00 21.7
95.0 61.40 255.00 21.2
95.0 61.38 255.00 22.4
95.0 61.44 255.00 21.3
95.0 61.47 255.00 21.6
95.0 61.48 255.00 21.5
95.0 61.47 255.00 21.7
95.0 61.60 255.00 21.5
95.0 61.65 255.00 21.4
95.0 61.71 255.00 21.1
95.0 61.82 255.00 21.5
95.0 61.73 255.00 21.3
95.0 61.78 255.00 21.5
95.0 61.79 255.00 21.0
95.0 61.93 255.00 21.7
95.0 61.93 255.00 20.6
95.0 61.98 255.00 21.4
95.0 62.05 255.00 21.2
95.0 62.07 255.00 21.3
95.0 62.18 255.00 20.8
95.0 62.21 255.00 21.3
95.0 62.27 255.00 21.4
95.0 62.27 255.00 21.7
95.0 62.34 255.00 21.2
95.0 62.18 255.00 21.3
95.0 62.24 255.00 21.2
95.0 62.28 255.00 21.6
95.0 62.33 255.00 21.6
95.0 62.46 255.00 21.0
95.0 62.51 255.00 21.3
95.0 62.56 255.00 21.3
95.0 62.64 255.00 21.5
95.0 62.62 255.00 20.7
95.0 62.70 255.00 21.3
95.0 62.77 255.00 21.5
95.0 62.73 255.00 21.3
95.0 62.71 255.00 22.1
95.0 62.83 255.00 21.2
95.0 62.90 255.00 21.4
95.0 62.91 255.00 21.0
95.0 63.03 255.00 21.7
95.0 63.11 255.00 21.3
95.0 63.15 255.00 20.9
95.0 63.27 255.00 21.1
95.0 63.37 255.00 20.9
95.0 63.34 255.00 21.2
95.0 63.38 255.00 21.1
95.0 63.36 255.00 21.3
95.0 63.47 255.00 20.7
95.0 63.58 255.00 21.3
95.0 63.63 255.00 21.1
95.0 63.68 255.00 21.5
95.0 63.71 255.00 21.4
95.0 63.89 255.00 21.3
95.0 63.87 255.00 21.3
95.0 63.88 255.00 21.5
95.0 63.92 255.00 21.2
95.0 63.74 255.00 21.3
95.0 63.82 255.00 21.1
95.0 63.89 255.00 21.1
95.0 63.87 255.00 21.0
95.0 64.13 255.00 21.2
95.0 64.15 255.00 21.2
95.0 64.17 255.00 21.5
95.0 64.20 255.00 21.3
95.0 64.12 255.00 21.2
95.0 64.20 255.00 21.3
95.0 64.17 255.00 20.6
95.0 64.17 255.00 21.7
95.0 64.07 255.00 21.1
95.0 64.15 255.00 21.2
95.0 64.21 255.00 21.2
95.0 64.28 255.00 20.8
95.0 64.46 255.00 21.1
95.0 64.48 255.00 21.1
95.0 64.52 255.00 21.0
95.0 64.66 255.00 20.7
95.0 64.68 255.00 21.2
95.0 64.69 255.00 20.9
95.0 64.73 255.00 20.9
95.0 64.80 255.00 21.1
95.0 64.83 255.00 21.1
95.0 64.90 255.00 21.3
95.0 64.84 255.00 21.3
95.0 64.81 255.00 22.0
95.0 64.86 255.00 21.1
95.0 64.94 255.00 21.1
95.0 64.95 255.00 21.2
95.0 65.01 255.00 21.7
95.0 65.08 255.00 21.0
95.0 65.14 255.00 21.1
95.0 65.19 255.00 21.5
95.0 65.10 255.00 21.1
95.0 65.18 255.00 21.1
95.0 65.23 255.00 20.9
95.0 65.24 255.00 21.4
95.0 65.13 255.00 21.1
95.0 65.18 255.00 21.1
95.0 65.23 255.00 20.9
95.0 65.38 255.00 20.5
95.0 65.45 255.00 21.0
95.0 65.53 255.00 20.8
95.0 65.65 255.00 21.3
95.0 65.61 255.00 21.6
95.0 65.68 255.00 21.1
95.0 65.70 255.00 20.5
95.0 65.74 255.00 20.7
95.0 65.84 255.00 21.1
95.0 65.86 255.00 21.1
95.0 65.88 255.00 21.1
95.0 65.97 255.00 21.1
95.0 66.06 255.00 21.1
95.0 66.10 255.00 20.7
95.0 66.20 255.00 21.1
95.0 66.15 255.00 21.0
95.0 66.21 255.00 21.1
95.0 66.21 255.00 21.3
95.0 66.30 255.00 20.6
95.0 66.34 255.00 20.9
95.0 66.40 255.00 20.8
95.0 66.41 255.00 20.8
95.0 66.40 255.00 20.7
95.0 66.43 255.00 20.9
95.0 66.47 255.00 20.7
95.0 66.56 255.00 21.1
95.0 66.53 255.00 21.3
95.0 66.59 255.00 20.9
95.0 66.60 255.00 21.3
95.0 66.65 255.00 21.1
95.0 66.68 255.00 20.9
95.0 66.76 255.00 21.1
95.0 66.84 255.00 20.8
95.0 66.95 255.00 21.5
95.0 67.01 255.00 20.8
95.0 67.06 255.00 21.0
95.0 67.15 255.00 20.9
95.0 67.23 255.00 20.9
95.0 67.26 255.00 20.7
95.0 67.26 255.00 20.9
95.0 67.37 255.00 20.1
95.0 67.43 255.00 20.9
95.0 67.50 255.00 21.3
95.0 67.53 255.00 20.6
95.0 67.63 255.00 20.9
95.0 67.64 255.00 20.8
95.0 67.72 255.00 21.0
95.0 67.70 255.00 20.0
95.0 67.72 255.00 20.9
95.0 67.81 255.00 20.9
95.0 67.78 255.00 20.8
95.0 67.88 255.00 20.9
95.0 67.91 255.00 21.1
95.0 67.98 255.00 20.7
95.0 68.09 255.00 19.8
95.0 68.14 255.00 20.8
95.0 68.07 255.00 21.2
95.0 68.13 255.00 20.5
95.0 68.37 255.00 20.8
95.0 68.37 255.00 20.7
95.0 68.33 255.00 20.6
95.0 68.38 255.00 20.1
95.0 68.40 255.00 20.8
95.0 68.46 255.00 21.2
95.0 68.52 255.00 20.4
95.0 68.75 255.00 20.8
95.0 68.67 255.00 20.8
95.0 68.68 255.00 21.1
95.0 68.57 255.00 20.9
95.0 68.59 255.00 20.7
95.0 68.64 255.00 20.5
95.0 68.59 255.00 20.5
95.0 68.61 255.00 20.7
95.0 68.70 255.00 20.5
95.0 68.82 255.00 20.4
95.0 69.02 255.00 20.8
95.0 69.00 255.00 20.7
95.0 68.96 255.00 20.7
95.0 68.92 255.00 20.9
95.0 68.95 255.00 20.8
95.0 68.96 255.00 20.8
95.0 69.03 255.00 20.5
95.0 69.08 255.00 20.8
95.0 69.16 255.00 20.4
95.0 69.17 255.00 20.7
95.0 69.29 255.00 20.7
95.0 69.33 255.00 20.7
95.0 69.28 255.00 20.8
95.0 69.21 255.00 20.7
95.0 69.26 255.00 20.7
95.0 69.37 255.00 20.6
95.0 69.47 255.00 21.8
95.0 69.49 255.00 20.8
95.0 69.58 255.00 21.0
95.0 69.55 255.00 20.3
95.0 69.67 255.00 20.7
95.0 69.72 255.00 20.4
95.0 69.67 255.00 20.7
95.0 69.77 255.00 20.7
95.0 69.83 255.00 20.9
95.0 69.79 255.00 20.7
95.0 69.71 255.00 20.9
95.0 69.73 255.00 20.6
95.0 69.73 255.00 20.5
95.0 69.84 255.00 20.9
95.0 69.89 255.00 20.7
95.0 69.90 255.00 20.4
95.0 69.87 255.00 20.1
95.0 69.99 255.00 20.6
95.0 70.01 255.00 20.4
95.0 70.00 255.00 20.4
95.0 70.25 255.00 20.7
95.0 70.28 255.00 20.7
95.0 70.22 255.00 20.9
95.0 70.10 255.00 20.7
95.0 70.15 255.00 20.9
95.0 70.13 255.00 20.7
95.0 70.20 255.00 20.0
95.0 70.26 255.00 20.6
95.0 70.25 255.00 21.0
95.0 70.33 255.00 19.6
95.0 70.38 255.00 20.8
95.0 70.45 255.00 20.3
95.0 70.46 255.00 20.0
95.0 70.52 255.00 20.7
95.0 70.55 255.00 20.4
95.0 70.58 255.00 20.1
95.0 70.77 255.00 20.6
95.0 70.80 255.00 20.4
95.0 70.78 255.00 20.2
95.0 70.86 255.00 20.7
95.0 70.88 255.00 20.9
95.0 70.96 255.00 20.6
95.0 70.91 255.00 20.7
95.0 70.94 255.00 20.4
95.0 70.89 255.00 20.5
95.0 70.90 255.00 20.6
95.0 70.97 255.00 20.7
95.0 70.93 255.00 20.8
95.0 70.90 255.00 20.6
95.0 70.96 255.00 20.8
95.0 71.11 255.00 20.6
95.0 71.30 255.00 20.7
95.0 71.35 255.00 20.4
95.0 71.36 255.00 20.8
95.0 71.43 255.00 20.5
95.0 71.44 255.00 20.6
95.0 71.24 255.00 20.7
95.0 71.15 255.00 20.6
95.0 71.26 255.00 20.9
95.0 71.24 255.00 20.2
95.0 71.49 255.00 20.6
95.0 71.59 255.00 20.9
95.0 71.58 255.00 20.7
95.0 71.85 255.00 20.6
95.0 71.89 255.00 20.7
95.0 71.97 255.00 21.1
95.0 71.98 255.00 20.7
95.0 72.03 255.00 20.4
95.0 72.05 255.00 21.0
95.0 71.95 255.00 20.5
95.0 72.05 255.00 20.5
95.0 72.02 255.00 20.2
95.0 72.09 255.00 20.4
95.0 72.13 255.00 20.5
95.0 72.14 255.00 19.9
95.0 72.20 255.00 20.5
95.0 72.28 255.00 20.7
95.0 72.23 255.00 21.1
95.0 72.30 255.00 20.5
95.0 72.25 255.00 20.8
95.0 72.25 255.00 20.5
95.0 72.30 255.00 20.5
95.0 72.29 255.00 20.8
95.0 72.22 255.00 20.5
95.0 72.29 255.00 20.4
95.0 72.36 255.00 20.8
95.0 72.32 255.00 20.6
95.0 72.39 255.00 20.3
95.0 72.50 255.00 20.9
95.0 72.77 255.00 20.4
95.0 72.82 255.00 20.2
95.0 72.93 255.00 20.6
95.0 72.96 255.00 20.7
95.0 73.01 255.00 20.9
95.0 73.01 255.00 19.4
95.0 73.08 255.00 20.3
95.0 73.10 255.00 20.7
95.0 73.21 255.00 20.5
95.0 73.26 255.00 20.6
95.0 73.38 255.00 20.7
95.0 73.17 255.00 20.5
95.0 73.18 255.00 20.2
95.0 73.28 255.00 20.9
95.0 73.28 255.00 20.5
95.0 73.37 255.00 20.6
95.0 73.38 255.00 19.9
95.0 73.42 255.00 20.4
95.0 73.42 255.00 20.5
95.0 73.61 255.00 20.5
95.0 73.64 255.00 20.7
95.0 73.73 255.00 20.5
95.0 73.53 255.00 20.4
95.0 73.55 255.00 20.3
95.0 73.70 255.00 20.4
95.0 73.75 255.00 20.5
95.0 73.85 255.00 20.4
95.0 73.81 255.00 21.0
95.0 73.85 255.00 20.5
95.0 73.86 255.00 20.1
95.0 73.88 255.00 20.4
95.0 73.91 255.00 20.2
95.0 73.99 255.00 19.9
95.0 74.07 255.00 20.5
95.0 74.11 255.00 20.5
95.0 74.25 255.00 19.8
95.0 74.30 255.00 20.6
95.0 74.40 255.00 20.7
95.0 74.57 255.00 20.4
95.0 74.64 255.00 20.5
95.0 74.62 255.00 20.7
95.0 74.69 255.00 20.5
95.0 74.74 255.00 20.6
95.0 74.74 255.00 20.6
95.0 74.80 255.00 20.6
95.0 74.92 255.00 20.7
95.0 74.96 255.00 20.4
95.0 75.01 255.00 20.7
95.0 74.94 255.00 21.3
95.0 74.94 255.00 20.5
95.0 75.06 255.00 20.6
95.0 75.13 255.00 20.4
95.0 75.20 255.00 20.5
95.0 75.23 255.00 20.5
95.0 75.42 255.00 20.4
95.0 75.43 255.00 20.2
95.0 75.44 255.00 19.8
95.0 75.45 255.00 20.4
95.0 75.41 255.00 20.4
95.0 75.61 255.00 20.4
95.0 75.66 255.00 20.1
95.0 75.67 255.00 20.1
95.0 75.66 255.00 20.4
95.0 75.59 255.00 20.2
95.0 75.53 255.00 20.3
95.0 75.53 255.00 20.5
95.0 75.53 255.00 20.2
95.0 75.43 255.00 20.3
95.0 75.52 255.00 20.7
95.0 75.49 255.00 20.7
95.0 75.52 255.00 20.4
95.0 75.58 255.00 20.6
95.0 75.88 255.00 20.3
95.0 75.93 255.00 20.0
95.0 76.02 255.00 19.4
95.0 76.05 255.00 20.5
95.0 76.03 255.00 20.2
95.0 75.87 255.00 20.4
95.0 75.95 255.00 20.1
95.0 75.96 255.00 20.3
95.0 76.03 255.00 20.5
95.0 76.00 255.00 20.0
95.0 75.88 255.00 20.2
95.0 75.90 255.00 20.0
95.0 75.91 255.00 20.2
95.0 75.98 255.00 20.4
95.0 75.94 255.00 20.2
95.0 75.79 255.00 20.3
95.0 75.93 255.00 20.3
95.0 76.08 255.00 19.2
95.0 76.13 255.00 20.2
95.0 76.13 255.00 20.5
95.0 76.20 255.00 20.3
95.0 76.30 255.00 20.2
95.0 76.41 255.00 20.8
95.0 76.35 255.00 20.4
95.0 76.43 255.00 19.8
95.0 76.29 255.00 20.4
95.0 76.44 255.00 20.5
95.0 76.59 255.00 20.3
95.0 76.59 255.00 20.6
95.0 76.60 255.00 20.6
95.0 76.68 255.00 20.2
95.0 76.65 255.00 20.1
95.0 76.51 255.00 20.4
95.0 76.55 255.00 20.2
95.0 76.67 255.00 19.9
95.0 76.69 255.00 20.1
95.0 76.82 255.00 20.4
95.0 77.00 255.00 20.2
95.0 77.01 255.00 20.0
95.0 77.11 255.00 19.8
95.0 77.12 255.00 20.5
95.0 77.24 255.00 20.4
95.0 77.32 255.00 20.2
95.0 77.33 255.00 20.4
95.0 77.54 255.00 20.2
95.0 77.53 255.00 20.5
95.0 77.55 255.00 19.2
95.0 77.57 255.00 20.5
95.0 77.73 255.00 20.0
95.0 77.54 255.00 20.3
95.0 77.56 255.00 20.0
95.0 77.52 255.00 20.3
95.0 77.57 255.00 20.4
95.0 77.67 255.00 21.3
95.0 77.73 255.00 20.0
95.0 77.65 255.00 20.0
95.0 77.71 255.00 20.3
95.0 77.74 255.00 20.1
95.0 77.66 255.00 20.2
95.0 77.72 255.00 20.3
95.0 77.81 255.00 19.2
95.0 77.86 255.00 20.4
95.0 77.93 255.00 19.7
95.0 77.67 255.00 20.4
95.0 77.82 255.00 20.2
95.0 77.89 255.00 20.2
95.0 77.99 255.00 19.9
95.0 78.14 255.00 20.1
95.0 78.19 255.00 20.0
95.0 78.14 255.00 20.4
95.0 78.16 255.00 20.1
95.0 78.20 255.00 20.1
95.0 78.27 255.00 20.1
95.0 78.27 255.00 19.7
95.0 78.42 255.00 20.7
95.0 78.50 255.00 19.9
95.0 78.45 255.00 20.7
95.0 78.49 255.00 20.1
95.0 78.56 255.00 20.5
95.0 78.90 255.00 20.2
95.0 78.96 255.00 19.8
95.0 79.13 255.00 20.2
95.0 79.17 255.00 20.1
95.0 79.17 255.00 20.5
95.0 79.20 255.00 20.4
95.0 79.35 255.00 20.4
95.0 79.64 255.00 20.2
95.0 79.57 255.00 20.2
95.0 79.41 255.00 20.2
95.0 79.42 255.00 19.7
95.0 79.39 255.00 19.7
95.0 79.43 255.00 20.2
95.0 79.53 255.00 20.3
95.0 79.58 255.00 20.0
95.0 79.54 255.00 20.5
95.0 79.88 255.00 20.2
95.0 80.00 255.00 20.2
95.0 80.00 255.00 20.0
95.0 80.01 255.00 20.0
95.0 80.05 255.00 20.0
95.0 80.02 255.00 20.3
95.0 80.03 255.00 20.4
95.0 80.03 255.00 20.2
95.0 80.16 255.00 19.7
95.0 80.09 255.00 20.1
95.0 80.03 255.00 20.2
95.0 80.23 255.00 20.2
95.0 80.27 255.00 19.9
95.0 80.16 255.00 20.2
95.0 80.16 255.00 19.7
95.0 80.21 255.00 20.2
95.0 80.26 255.00 20.0
95.0 80.30 255.00 20.5
95.0 80.31 255.00 20.2
95.0 80.26 255.00 19.5
95.0 80.27 255.00 20.1
95.0 80.25 255.00 20.2
95.0 80.17 255.00 20.2
95.0 80.13 255.00 20.4
95.0 80.32 255.00 20.1
95.0 80.29 255.00 20.1
95.0 80.56 255.00 20.1
95.0 80.60 255.00 20.1
95.0 80.58 255.00 20.0
95.0 80.66 255.00 20.5
95.0 80.60 255.00 19.8
95.0 80.61 255.00 19.7
95.0 80.59 255.00 19.0
95.0 80.63 255.00 19.8
95.0 80.64 255.00 19.7
95.0 80.74 255.00 19.9
95.0 80.89 255.00 20.0
95.0 80.90 255.00 20.1
95.0 80.79 255.00 19.8
95.0 80.81 255.00 20.1
95.0 80.80 255.00 20.2
95.0 80.64 255.00 20.0
95.0 80.68 255.00 20.2
95.0 80.80 255.00 20.0
95.0 80.83 255.00 20.0
95.0 80.78 255.00 20.0
95.0 80.80 255.00 19.9
95.0 80.70 255.00 20.0
95.0 80.80 255.00 20.0
95.0 80.79 255.00 20.0
95.0 80.87 255.00 20.5
95.0 80.92 255.00 20.0
95.0 81.02 255.00 20.3
95.0 81.21 255.00 20.0
95.0 81.29 255.00 20.0
95.0 81.26 255.00 19.8
95.0 81.24 255.00 20.3
95.0 81.28 255.00 20.5
95.0 81.34 255.00 19.8
95.0 81.44 255.00 19.9
95.0 81.49 255.00 19.8
95.0 81.60 255.00 19.3
95.0 81.67 255.00 20.0
95.0 81.64 255.00 20.4
95.0 81.74 255.00 19.6
95.0 81.86 255.00 20.2
95.0 81.87 255.00 19.7
95.0 81.88 255.00 19.2
95.0 81.89 255.00 19.8
95.0 81.93 255.00 20.6
95.0 81.96 255.00 19.8
95.0 81.99 255.00 19.8
95.0 82.02 255.00 20.2
95.0 82.18 255.00 20.3
95.0 82.29 255.00 20.0
95.0 82.20 255.00 19.8
95.0 82.21 255.00 19.9
95.0 82.38 255.00 20.2
95.0 82.40 255.00 20.0
95.0 82.36 255.00 19.6
95.0 82.39 255.00 20.2
95.0 82.54 255.00 20.2
95.0 82.62 255.00 19.9
95.0 82.62 255.00 19.2
95.0 82.62 255.00 20.0
95.0 82.65 255.00 20.3
95.0 82.71 255.00 20.0
95.0 82.67 255.00 20.8
95.0 82.70 255.00 19.6
95.0 82.69 255.00 19.7
95.0 82.82 255.00 20.2
95.0 82.93 255.00 19.4
95.0 82.93 255.00 20.2
95.0 82.93 255.00 20.0
95.0 82.97 255.00 20.4
95.0 83.00 255.00 19.9
95.0 82.99 255.00 20.2
95.0 82.92 255.00 20.0
95.0 82.93 255.00 19.8
95.0 82.83 255.00 20.0
95.0 82.87 255.00 19.9
95.0 82.72 255.00 19.9
95.0 82.84 255.00 20.1
95.0 82.96 255.00 19.8
95.0 83.09 255.00 20.2
95.0 83.18 255.00 19.8
95.0 83.36 255.00 20.0
95.0 83.60 255.00 19.9
95.0 83.56 255.00 19.8
95.0 83.78 255.00 19.8
95.0 83.80 255.00 20.2
95.0 83.81 255.00 19.7
95.0 83.97 255.00 20.5
95.0 84.00 255.00 20.0
95.0 83.96 255.00 20.7
95.0 83.96 255.00 20.2
95.0 83.90 255.00 19.9
95.0 83.90 255.00 20.2
95.0 83.98 255.00 19.8
95.0 83.98 255.00 19.7
95.0 84.04 255.00 19.8
95.0 84.00 255.00 19.8
95.0 84.21 255.00 19.8
95.0 84.29 255.00 20.1
95.0 84.02 255.00 20.0
95.0 83.92 255.00 19.4
95.0 83.99 255.00 19.6
95.0 84.02 255.00 20.4
95.0 84.05 255.00 19.5
95.0 84.04 255.00 19.2
95.0 83.93 255.00 20.2
95.0 84.15 255.00 19.8
95.0 84.16 255.00 19.5
95.0 84.07 255.00 19.8
95.0 84.13 255.00 19.6
95.0 84.15 255.00 19.8
95.0 84.31 255.00 20.0
95.0 84.14 255.00 19.9
95.0 84.09 255.00 19.4
95.0 84.21 255.00 19.6
95.0 84.22 255.00 20.8
95.0 84.30 255.00 19.8
95.0 84.44 255.00 19.8
95.0 84.50 255.00 19.4
95.0 84.59 255.00 19.8
95.0 84.66 255.00 19.5
95.0 84.99 255.00 19.7
95.0 85.10 255.00 19.8
95.0 84.92 255.00 19.8
95.0 85.11 255.00 20.4
95.0 85.10 255.00 19.7
95.0 85.24 255.00 19.8
95.0 85.25 255.00 19.8
95.0 85.30 255.00 19.4
95.0 85.37 255.00 19.7
95.0 85.23 255.00 19.8
95.0 85.21 255.00 20.2
95.0 85.12 255.00 19.9
95.0 85.07 255.00 20.0
95.0 85.14 255.00 20.0
95.0 85.23 255.00 19.8
95.0 85.32 255.00 19.8
95.0 85.25 255.00 19.7
95.0 85.33 255.00 19.9
95.0 85.20 255.00 19.6
95.0 85.47 255.00 20.2
95.0 85.50 255.00 19.8
95.0 85.56 255.00 20.3
95.0 85.57 255.00 20.1
95.0 85.78 255.00 19.8
95.0 85.84 255.00 19.8
95.0 85.76 255.00 19.8
95.0 85.72 255.00 19.5
95.0 85.79 255.00 19.7
95.0 85.86 255.00 19.6
95.0 85.92 255.00 19.8
95.0 85.94 255.00 19.8
95.0 86.02 255.00 19.6
95.0 86.18 255.00 19.6
95.0 86.13 255.00 19.2
95.0 86.13 255.00 20.0
95.0 86.24 255.00 19.8
95.0 86.26 255.00 20.1
95.0 86.43 255.00 19.8
95.0 86.40 255.00 19.7
95.0 86.36 255.00 19.7
95.0 86.30 255.00 20.2
95.0 86.35 255.00 19.8
95.0 86.29 255.00 19.6
95.0 86.31 255.00 19.8
95.0 86.32 255.00 19.6
95.0 86.49 255.00 19.6
95.0 86.88 255.00 19.6
95.0 86.95 255.00 19.2
95.0 87.01 255.00 19.8
95.0 87.11 255.00 19.7
95.0 87.04 255.00 19.8
95.0 86.95 255.00 19.7
95.0 87.05 255.00 20.1
95.0 87.06 255.00 19.6
95.0 86.97 255.00 19.1
95.0 87.03 255.00 20.0
95.0 87.04 255.00 19.6
95.0 86.99 255.00 19.4
95.0 87.50 245.20 19.8
95.0 87.54 250.10 19.3
95.0 87.55 252.55 19.8
95.0 87.59 253.77 19.5
95.0 87.51 254.39 19.7
95.0 87.44 254.69 19.4
95.0 87.50 254.85 19.5
95.0 87.47 254.92 19.5
95.0 87.44 254.96 19.4
95.0 87.46 254.98 19.4
95.0 87.79 247.25 19.4
95.0 87.81 251.13 19.9
95.0 87.79 253.06 19.3
95.0 87.77 254.03 19.5
95.0 87.79 254.52 19.8
95.0 87.96 254.76 19.6
95.0 87.96 254.88 19.7
95.0 87.85 254.94 19.5
95.0 87.86 254.97 20.1
95.0 87.87 254.98 19.4
95.0 87.69 254.99 19.4
95.0 87.72 255.00 19.6
95.0 87.71 255.00 19.4
95.0 87.66 255.00 19.2
95.0 87.73 255.00 19.6
95.0 87.91 255.00 19.6
95.0 88.03 255.00 19.7
95.0 88.03 255.00 19.8
95.0 88.06 255.00 19.6
95.0 88.13 255.00 19.6
95.0 88.40 249.32 19.7
95.0 88.32 252.16 20.0
95.0 88.32 253.58 19.6
95.0 88.29 254.29 19.6
95.0 88.25 254.64 19.6
95.0 88.11 254.82 19.6
95.0 88.22 254.91 20.0
95.0 88.27 254.96 19.3
95.0 88.44 250.65 19.6
95.0 88.47 252.83 19.8
95.0 88.70 237.22 19.6
95.0 88.52 246.11 19.6
95.0 88.62 249.24 19.0
95.0 88.71 252.12 19.4
95.0 88.80 250.50 19.3
95.0 89.17 218.93 19.4
95.0 89.21 235.85 18.6
95.0 89.17 245.42 19.1
95.0 89.33 227.38 18.9
95.0 89.31 241.19 18.6
95.0 89.77 192.27 19.0
95.0 89.71 216.38 18.3
95.0 89.65 234.03 18.1
95.0 89.81 217.99 17.6
95.0 89.79 228.83 18.1
95.0 89.85 218.94 18.2
95.0 89.78 236.97 18.0
95.0 89.64 245.99 17.9
95.0 89.63 244.64 18.3
95.0 89.58 249.00 18.3
95.0 89.46 252.00 18.3
95.0 89.47 243.88 18.4
95.0 89.82 196.22 18.3
95.0 89.75 225.61 18.1
95.0 89.78 222.88 17.9
95.0 89.79 226.63 17.4
95.0 89.73 238.29 17.8
95.0 89.75 234.79 17.7
95.0 89.78 227.47 18.3
95.0 89.75 233.94 18.2
95.0 89.69 242.36 17.9
95.0 89.76 232.12 18.2
95.0 89.87 215.46 18.1
95.0 89.92 222.23 18.1
95.0 89.92 219.73 17.6
95.0 89.81 233.83 17.7
95.0 89.74 244.42 18.0
95.0 89.85 221.80 17.6
95.0 90.03 204.62 16.7
95.0 90.06 204.69 17.9
95.0 89.93 229.85 17.3
95.0 89.94 223.41 17.4
95.0 89.63 239.21 17.4
95.0 89.50 247.10 18.5
95.0 89.59 236.49 17.6
95.0 89.43 245.74 17.8
95.0 89.36 250.37 17.3
95.0 89.46 233.49 17.7
95.0 89.64 219.71 17.9
95.0 89.75 210.36 17.7
95.0 89.78 220.58 17.6
95.0 89.92 210.03 17.9
95.0 89.97 208.35 17.7
95.0 89.93 227.29 17.3
95.0 90.10 200.74 17.2
95.0 90.17 202.00 17.4
95.0 90.07 217.72 16.4
95.0 90.02 230.80 16.6
95.0 89.97 228.34 17.1
95.0 89.97 227.35 17.4
95.0 90.14 206.12 17.2
95.0 90.16 209.43 17.5
95.0 90.23 200.57 17.1
95.0 90.33 195.38 17.0
95.0 90.29 207.21 16.8
95.0 90.02 231.10 16.6
95.0 89.98 233.24 16.2
95.0 90.06 219.53 17.2
95.0 90.35 185.03 17.0
95.0 90.40 186.73 16.8
95.0 90.61 176.07 16.3
95.0 90.55 190.55 16.3
95.0 90.84 159.95 16.1
95.0 90.88 168.84 15.5
95.0 91.37 116.58 15.6
95.0 91.40 132.64 15.1
95.0 91.34 151.28 14.6
95.0 91.42 152.64 14.2
95.0 91.76 109.81 14.2
95.0 91.62 144.67 13.6
95.0 91.76 131.57 13.7
95.0 91.38 185.13 13.2
95.0 91.36 172.31 13.4
95.0 91.14 197.83 13.4
95.0 91.11 186.13 13.9
95.0 91.34 151.97 13.8
95.0 91.38 150.58 12.9
95.0 91.36 162.20 13.6
95.0 91.39 155.54 13.2
95.0 91.33 162.81 13.5
95.0 91.41 158.51 13.2
95.0 91.31 169.46 13.4
95.0 91.43 152.71 13.4
95.0 91.59 133.33 13.3
95.0 91.64 140.82 12.7
95.0 91.68 136.87 12.9
95.0 91.86 121.46 12.3
95.0 91.84 133.83 12.3
95.0 91.82 140.21 12.1
95.0 91.98 117.84 12.1
95.0 92.00 128.44 11.8
95.0 92.01 127.51 11.6
95.0 91.76 161.10 11.6
95.0 91.84 140.30 11.9
95.0 91.91 132.66 11.8
95.0 91.93 133.56 11.4
95.0 91.86 141.68 11.5
95.0 91.80 152.14 11.3
95.0 91.87 135.51 11.9
95.0 92.03 118.87 11.2
95.0 92.08 120.02 11.6
95.0 92.08 125.50 11.3
95.0 92.26 102.34 11.4
95.0 92.25 114.77 10.5
95.0 92.28 115.72 11.0
95.0 92.39 104.81 10.9
95.0 92.41 106.57 10.4
95.0 92.47 104.46 10.1
95.0 92.56 97.23 10.3
95.0 92.52 104.68 9.7
95.0 92.48 111.03 9.9
95.0 92.39 120.11 9.7
95.0 92.41 114.21 9.9
95.0 92.51 96.57 9.9
95.0 92.56 95.70 9.5
95.0 92.56 95.68 9.6
95.0 92.56 95.68 9.4
95.0 92.60 92.21 9.1
95.0 92.64 90.16 9.1
95.0 92.91 58.00 8.8
95.0 92.87 74.81 8.9
95.0 92.88 77.27 8.2
95.0 92.94 77.00 8.9
95.0 92.64 119.42 8.1
95.0 92.91 76.26 8.6
95.0 92.97 71.52 8.2
95.0 92.97 79.18 8.0
95.0 92.88 91.14 7.9
95.0 92.85 91.55 7.8
95.0 92.86 90.24 8.0
95.0 92.87 85.05 7.6
95.0 92.89 84.57 8.0
95.0 92.85 88.23 7.6
95.0 92.91 80.33 8.0
95.0 92.87 87.85 7.9
95.0 92.80 96.02 7.5
95.0 92.68 108.13 7.5
95.0 92.62 111.29 7.5
95.0 92.66 102.08 7.8
95.0 92.69 94.65 7.8
95.0 92.68 96.60 7.8
95.0 92.76 85.79 8.5
95.0 92.82 77.19 7.9
95.0 92.75 92.75 7.5
95.0 92.96 64.81 7.7
95.0 92.96 71.75 7.9
95.0 92.83 94.76 6.9
95.0 92.85 87.46 7.5
95.0 92.91 82.40 7.4
95.0 92.66 116.61 7.5
95.0 92.60 115.76 7.4
95.0 92.69 95.93 7.6
95.0 92.90 66.89 8.2
95.0 92.61 115.06 7.5
95.0 92.60 107.44 7.6
95.0 92.64 102.91 8.4
95.0 92.72 89.22 8.0
95.0 92.79 81.78 7.8
95.0 92.86 74.96 8.2
95.0 92.92 73.64 7.5
95.0 92.75 101.72 7.6
95.0 92.77 93.83 7.7
95.0 92.84 83.70 7.8
95.0 92.81 90.06 7.5
95.0 92.87 81.54 7.8
95.0 92.84 86.79 7.4
95.0 92.81 91.60 7.8
95.0 93.21 37.82 7.3
95.0 93.15 62.97 7.8
95.0 93.18 65.54 7.5
95.0 93.11 78.52 7.6
95.0 93.24 58.73 8.2
95.0 93.26 62.74 7.3
95.0 93.42 43.46 7.1
95.0 93.42 55.38 6.7
95.0 93.52 45.37 6.6
95.0 93.60 39.81 6.5
95.0 93.54 56.60 6.3
95.0 93.49 65.45 6.3
95.0 93.77 26.43 6.1
95.0 93.60 60.13 6.1
95.0 93.54 67.86 6.3
95.0 93.44 76.08 6.6
95.0 93.31 86.85 6.4
95.0 93.23 88.21 6.5
95.0 93.03 106.71 6.6
95.0 93.17 78.63 6.7
95.0 93.38 45.33 7.6
95.0 93.39 53.33 6.6
95.0 93.35 66.36 6.2
95.0 93.31 70.29 6.3
95.0 93.33 67.97 6.5
95.0 93.38 58.64 6.2
95.0 93.44 57.41 6.3
95.0 93.39 65.31 6.2
95.0 93.44 56.93 6.1
95.0 93.40 67.66 5.9
95.0 93.14 100.65 6.4
95.0 93.08 97.91 6.6
95.0 93.16 75.04 6.9
95.0 93.43 40.15 6.4
95.0 93.38 58.05 6.0
95.0 93.26 78.17 5.7
95.0 93.18 84.24 6.1
95.0 93.03 99.39 6.9
95.0 92.98 96.49 6.2
95.0 93.03 81.22 6.9
95.0 93.07 73.32 6.7
95.0 93.11 73.37 6.5
95.0 93.01 87.43 6.5
95.0 93.01 84.78 6.0
95.0 93.00 81.48 6.6
95.0 93.19 57.33 6.5
95.0 93.26 56.32 6.6
95.0 93.33 53.19 6.3
95.0 93.73 11.71 6.2
95.0 93.99 -4.91 6.4
95.0 93.89 31.43 6.5
95.0 93.84 43.46 6.8
95.0 93.85 44.59 6.5
95.0 93.67 68.93 6.3
95.0 93.70 57.11 6.4
95.0 93.72 52.48 5.9
95.0 93.65 62.09 6.1
95.0 93.86 27.56 6.2
95.0 93.47 88.34 6.0
95.0 93.38 86.72 6.2
95.0 93.17 105.44 6.6
95.0 93.15 92.63 6.7
95.0 93.27 68.10 6.3
95.0 93.33 61.11 6.9
95.0 93.35 61.49 6.7
95.0 93.36 63.33 7.1
95.0 93.37 62.49 6.9
95.0 93.28 76.83 6.7
95.0 93.49 43.76 6.2
95.0 93.53 45.60 6.3
95.0 93.52 54.04 6.0
95.0 93.38 76.06 5.4
95.0 93.39 70.37 6.0
95.0 93.30 78.24 6.1
95.0 93.27 76.51 5.8
95.0 92.94 117.30 6.5
95.0 92.86 111.96 6.1
95.0 93.01 82.79 6.8
95.0 93.01 82.46 7.1
95.0 93.00 82.30 6.7
95.0 92.91 92.49 7.2
95.0 92.88 92.03 7.3
95.0 92.93 84.44 7.1
95.0 92.94 81.73 7.0
95.0 92.90 88.35 6.6
95.0 92.86 90.04 7.1
95.0 92.70 111.67 7.2
95.0 92.68 105.07 7.4
95.0 92.72 95.97 7.8
95.0 93.08 51.39 7.5
95.0 93.16 51.80 7.6
95.0 93.19 59.86 7.2
95.0 93.04 86.21 7.0
95.0 93.03 83.97 7.6
95.0 92.89 100.38 6.8
95.0 92.95 86.10 7.4
95.0 92.95 84.55 7.1
95.0 92.87 95.49 7.4
95.0 92.88 89.84 7.5
95.0 92.67 114.73 7.2
95.0 92.66 106.81 7.0
95.0 92.69 102.01 7.8
95.0 92.46 128.70 8.0
95.0 92.51 112.22 7.9
95.0 92.52 109.21 8.8
95.0 92.48 113.30 8.4
95.0 92.44 113.37 8.9
95.0 92.63 83.69 8.6
95.0 92.58 99.53 8.5
95.0 92.71 78.75 8.9
95.0 92.61 100.12 8.4
95.0 92.69 90.88 8.5
95.0 92.59 106.34 8.6
95.0 92.58 103.23 8.3
95.0 92.58 101.72 8.6
95.0 92.67 94.71 8.0
95.0 92.65 94.58 8.7
95.0 92.60 102.71 8.0
95.0 92.46 118.61 8.2
95.0 92.25 141.89 8.9
95.0 92.07 151.86 9.1
95.0 91.77 174.40 9.4
95.0 91.68 171.67 10.2
95.0 91.63 162.94 10.4
95.0 91.64 156.89 11.0
95.0 91.68 144.92 11.0
95.0 91.47 175.65 11.0
95.0 91.49 161.30 11.6
95.0 91.46 162.83 11.8
95.0 91.62 142.28 11.6
95.0 91.94 107.64 11.8
95.0 91.91 123.15 11.8
95.0 92.02 121.34 11.6
95.0 91.94 134.77 11.6
95.0 91.96 131.16 11.6
95.0 92.15 110.15 11.8
95.0 92.37 91.91 11.4
95.0 92.48 88.82 11.3
95.0 92.49 95.25 11.0
95.0 92.58 92.42 10.7
95.0 92.53 102.14 10.0
95.0 92.45 117.24 10.3
95.0 92.28 134.34 10.4
95.0 92.22 138.41 10.7
95.0 92.21 130.51 11.0
95.0 92.15 132.21 10.8
95.0 91.94 158.94 10.8
95.0 91.95 143.30 11.8
95.0 92.10 121.93 11.4
95.0 92.06 131.58 11.2
95.0 92.06 131.50 11.6
95.0 92.25 105.52 10.8
95.0 92.02 142.63 11.1
95.0 91.94 148.07 10.8
95.0 91.70 172.07 11.6
95.0 91.74 151.93 11.6
95.0 91.69 158.62 12.0
95.0 91.77 139.69 12.1
95.0 91.81 135.08 12.1
95.0 91.88 133.86 12.1
95.0 91.77 147.65 12.5
95.0 91.51 178.52 12.3
95.0 91.53 162.37 12.8
95.0 91.41 176.39 13.2
95.0 91.52 151.02 12.9
95.0 91.58 146.68 12.7
95.0 91.68 138.49 13.1
95.0 91.55 159.85 12.7
95.0 91.47 163.57 12.8
95.0 91.58 148.05 13.2
95.0 91.63 144.62 12.7
95.0 91.95 108.63 12.8
95.0 91.88 128.98 12.7
95.0 92.08 109.82 12.7
95.0 91.87 146.43 12.2
95.0 91.85 143.13 12.1
95.0 91.70 162.99 12.5
95.0 91.70 152.89 12.7
95.0 91.74 145.81 12.9
95.0 91.65 154.86 11.9
95.0 91.65 156.06 12.5
95.0 91.87 121.45 12.7
95.0 91.77 144.17 12.9
95.0 91.51 176.84 12.7
95.0 91.35 185.87 13.1
95.0 91.34 172.92 13.4
95.0 91.33 170.17 13.5
95.0 91.45 152.83 13.6
95.0 91.51 144.52 13.8
95.0 91.32 174.64 13.4
95.0 91.40 160.60 13.7
95.0 91.34 168.63 13.6
95.0 91.28 169.82 13.6
95.0 91.50 146.56 14.2
95.0 91.47 151.95 13.6
95.0 91.49 153.03 13.6
95.0 91.30 179.13 13.8
95.0 91.00 208.85 13.9
95.0 90.90 203.46 14.4
95.0 90.77 206.87 14.7
95.0 90.77 202.48 15.3
95.0 90.77 191.75 14.9
95.0 90.73 195.75 15.3
95.0 90.66 203.23 14.9
95.0 90.67 197.52 15.6
95.0 90.64 195.46 14.9
95.0 90.62 198.94 15.6
95.0 90.86 169.00 15.7
95.0 90.85 178.39 15.7
95.0 90.89 173.61 15.7
95.0 90.84 189.43 15.7
95.0 90.83 184.64 15.8
95.0 90.79 187.60 15.8
95.0 90.79 192.58 15.7
95.0 90.75 191.96 15.9
95.0 90.63 206.20 15.9
95.0 90.52 210.63 15.8
95.0 90.39 226.78 16.3
95.0 90.34 217.88 16.7
95.0 90.35 213.21 16.6
95.0 90.39 205.69 16.9
95.0 90.44 201.46 17.6
95.0 90.43 199.53 16.9
95.0 90.55 192.55 16.8
95.0 90.75 166.68 16.9
95.0 90.76 178.29 16.6
95.0 90.89 163.37 16.7
95.0 90.84 180.35 16.2
95.0 90.88 179.00 16.2
95.0 90.87 179.05 16.2
95.0 90.82 192.34 15.9
95.0 90.78 191.55 16.1
95.0 90.82 185.23 16.0
95.0 90.91 171.79 16.7
95.0 90.81 193.22 15.9
95.0 90.73 197.33 15.5
95.0 90.96 167.06 16.2
95.0 90.82 191.64 15.2
95.0 90.86 184.90 16.4
95.0 90.57 218.13 16.3
95.0 90.47 221.15 16.2
95.0 90.72 181.65 16.6
95.0 90.69 187.11 17.2
95.0 90.53 209.39 16.1
95.0 90.96 152.29 16.7
95.0 91.21 136.54 16.1
95.0 91.17 154.88 15.9
95.0 91.18 166.72 15.4
95.0 91.18 164.88 15.6
95.0 91.10 178.12 15.5
95.0 91.16 169.91 15.0
95.0 91.12 175.73 15.3
95.0 91.09 175.27 15.2
95.0 91.33 141.82 15.1
95.0 91.27 163.44 14.8
95.0 91.23 167.79 14.6
95.0 91.10 184.20 14.7
95.0 90.95 198.72 15.0
95.0 90.93 192.30 15.3
95.0 90.60 223.65 15.5
95.0 90.66 203.14 15.8
95.0 90.63 202.59 16.1
95.0 90.65 197.46 15.9
95.0 90.58 200.89 15.3
95.0 90.65 196.58 16.0
95.0 90.66 189.89 16.1
95.0 90.68 186.41 16.1
95.0 90.41 220.71 16.1
95.0 90.53 193.22 16.2
95.0 90.60 188.60 15.9
95.0 90.62 186.31 16.0
95.0 90.68 188.83 15.8
95.0 90.87 163.68 16.1
95.0 91.04 154.31 15.7
95.0 91.05 163.98 15.7
95.0 90.95 184.06 15.6
95.0 90.97 175.60 15.4
95.0 91.09 169.05 14.6
95.0 91.19 155.84 15.5
95.0 91.80 88.33 14.7
95.0 91.66 128.38 14.4
95.0 91.66 139.32 14.0
95.0 91.75 134.00 13.9
95.0 91.70 143.48 14.4
95.0 91.69 149.78 13.5
95.0 91.60 157.26 13.1
95.0 91.70 143.55 14.4
95.0 91.74 137.69 13.5
95.0 91.69 151.54 13.4
95.0 91.64 152.79 12.9
95.0 91.56 162.22 13.3
95.0 91.32 188.01 13.6
95.0 91.27 183.16 13.6
95.0 91.31 166.85 13.8
95.0 91.30 167.48 13.9
95.0 91.33 162.59 13.3
95.0 91.28 166.83 13.8
95.0 91.45 146.15 13.6
95.0 91.61 134.05 13.6
95.0 91.74 126.43 13.2
95.0 91.78 128.73 13.2
95.0 91.72 146.57 12.7
95.0 91.68 149.98 12.9
95.0 91.67 149.97 12.8
95.0 91.67 149.98 13.1
95.0 91.63 155.29 13.4
95.0 91.55 160.59 13.1
95.0 91.60 147.56 12.9
95.0 91.70 142.49 12.9
95.0 91.78 131.57 12.4
95.0 91.72 144.98 12.6
95.0 91.76 141.61 12.6
95.0 91.67 155.40 12.4
95.0 91.67 149.44 12.7
95.0 91.62 158.26 12.9
95.0 91.63 151.26 13.2
95.0 91.59 156.40 12.7
95.0 91.47 166.84 12.5
95.0 91.44 169.28 12.9
95.0 91.51 152.81 13.3
95.0 91.57 144.00 12.9
95.0 91.53 156.69 13.1
95.0 91.82 116.83 12.9
95.0 91.89 121.15 12.8
95.0 91.87 130.35 12.7
95.0 91.89 136.05 12.6
95.0 91.96 126.63 12.3
95.0 91.97 130.07 12.1
95.0 91.94 137.00 12.0
95.0 92.04 124.49 12.0
95.0 92.05 125.11 11.8
95.0 92.05 131.32 11.6
95.0 92.33 93.52 11.8
95.0 92.40 92.77 11.3
95.0 92.41 100.49 11.8
95.0 92.25 128.16 10.4
95.0 92.24 127.79 11.4
95.0 92.18 130.60 10.8
95.0 92.17 132.54 10.8
95.0 92.21 122.39 10.8
95.0 92.20 125.36 10.8
95.0 92.14 129.73 11.2
95.0 92.18 127.26 10.9
95.0 92.22 119.65 10.8
95.0 92.34 107.36 10.6
95.0 92.45 99.96 10.9
95.0 92.08 150.88 10.6
95.0 92.13 135.46 11.2
95.0 92.26 116.19 10.5
95.0 92.38 105.21 10.4
95.0 92.40 106.90 10.5
95.0 92.45 104.76 10.4
95.0 92.55 97.50 10.9
95.0 92.74 78.23 10.1
95.0 92.63 99.68 9.8
95.0 92.62 101.93 9.5
95.0 92.61 100.79 10.1
95.0 92.23 150.64 9.3
95.0 92.49 101.66 10.6
95.0 92.58 95.60 9.7
95.0 92.58 97.88 9.7
95.0 92.58 96.66 9.3
95.0 92.57 100.88 9.5
95.0 92.44 117.88 9.9
95.0 92.45 110.09 9.7
95.0 92.46 108.72 9.9
95.0 92.51 102.26 9.7
95.0 92.60 92.78 9.3
95.0 92.60 93.97 9.2
95.0 92.78 72.81 9.3
95.0 92.80 79.17 9.5
95.0 92.77 86.04 8.8
95.0 92.45 130.99 8.8
95.0 92.50 113.46 8.8
95.0 92.51 109.91 9.1
95.0 92.56 99.69 9.1
95.0 92.34 128.53 8.9
95.0 92.45 107.44 9.0
95.0 92.50 98.88 9.1
95.0 92.33 122.98 9.1
95.0 92.45 101.51 9.7
95.0 92.50 101.55 9.1
95.0 92.64 83.49 9.1
95.0 92.68 85.51 9.2
95.0 92.75 80.26 9.0
95.0 92.82 74.44 8.6
95.0 92.98 61.40 8.5
95.0 92.98 69.96 8.4
95.0 93.03 72.51 8.0
95.0 93.21 49.70 8.0
95.0 93.19 62.77 7.6
95.0 93.21 65.14 7.3
95.0 93.38 47.63 7.4
95.0 93.29 68.09 7.3
95.0 93.22 77.64 7.3
95.0 93.11 90.09 7.1
95.0 93.19 73.31 7.1
95.0 93.21 68.46 6.8
95.0 93.28 61.72 6.9
95.0 93.21 75.83 6.7
95.0 93.14 83.42 6.3
95.0 93.26 61.01 6.9
95.0 93.24 68.10 6.5
95.0 93.30 63.44 6.7
95.0 93.32 62.84 6.5
95.0 93.38 58.13 6.5
95.0 93.43 53.42 6.5
95.0 93.53 48.45 6.5
95.0 93.56 47.73 5.9
95.0 93.55 53.48 5.8
95.0 93.54 57.82 5.8
95.0 93.62 47.81 5.8
95.0 93.75 35.94 6.0
95.0 93.81 33.76 5.4
95.0 93.87 33.81 5.3
95.0 93.83 45.67 4.8
95.0 93.74 57.19 5.0
95.0 93.90 33.42 4.8
95.0 93.90 39.14 5.0
95.0 93.72 65.82 4.8
95.0 93.74 55.28 5.1
95.0 93.71 56.24 4.3
95.0 93.73 53.33 4.8
95.0 93.84 36.03 4.9
95.0 93.94 28.45 4.7
95.0 93.85 47.89 4.6
95.0 93.81 52.85 4.6
95.0 93.87 43.37 4.3
95.0 93.82 49.56 4.6
95.0 93.88 43.06 4.7
95.0 93.93 36.56 4.2
95.0 93.93 39.45 4.3
95.0 94.17 10.21 3.7
95.0 94.09 31.67 4.4
95.0 93.89 60.68 4.5
95.0 93.67 82.53 4.6
95.0 93.69 65.39 4.9
95.0 93.72 56.64 4.8
95.0 93.74 50.72 5.0
95.0 93.75 49.01 5.1
95.0 93.59 71.52 4.6
95.0 93.57 67.92 5.0
95.0 93.80 30.90 5.2
95.0 93.81 37.38 5.4
95.0 93.91 31.06 5.2
95.0 93.82 49.37 5.1
95.0 93.78 53.78 5.2
95.0 93.80 48.90 5.0
95.0 93.63 71.86 5.2
95.0 93.65 58.85 4.7
95.0 94.02 5.12 5.1
95.0 94.01 23.18 5.4
95.0 94.05 27.04 5.5
95.0 93.99 40.95 5.0
95.0 93.98 41.30 5.2
95.0 94.16 15.24 5.0
95.0 94.05 40.46 5.2
95.0 93.99 47.05 5.4
95.0 93.93 51.41 5.4
95.0 93.93 46.85 5.6
95.0 93.70 75.22 5.0
95.0 93.77 55.32 5.3
95.0 93.83 43.32 5.4
95.0 93.84 45.81 5.3
95.0 93.85 44.59 5.0
95.0 94.00 26.35 4.8
95.0 93.94 40.30 4.6
95.0 93.89 48.38 4.8
95.0 93.94 40.53 4.5
95.0 93.98 34.94 4.6
95.0 94.12 20.53 4.5
95.0 94.01 43.18 4.6
95.0 94.00 42.32 4.3
95.0 93.90 54.97 4.6
95.0 94.04 29.28 4.3
95.0 93.98 42.81 4.1
95.0 93.93 48.62 3.9
95.0 93.92 46.55 4.2
95.0 93.97 39.37 4.3
95.0 93.92 46.95 4.0
95.0 93.96 39.62 4.3
95.0 94.05 27.83 4.1
95.0 93.99 41.97 3.5
95.0 93.98 41.79 3.7
95.0 93.93 48.08 4.1
95.0 93.84 58.34 4.7
95.0 93.84 52.08 4.2
95.0 93.76 60.98 4.1
95.0 93.68 65.23 4.4
95.0 93.75 48.79 4.3
95.0 93.72 55.11 4.2
95.0 93.88 30.37 4.2
95.0 93.84 43.84 4.3
95.0 93.75 56.89 4.3
95.0 94.16 -0.06 4.3
95.0 94.09 26.12 4.5
95.0 94.17 20.33 4.9
95.0 94.01 48.67 4.8
95.0 94.00 45.06 4.7
95.0 93.99 44.27 4.7
95.0 94.07 30.02 4.9
95.0 93.97 48.25 4.8
95.0 93.91 52.17 4.4
95.0 93.91 47.34 4.8
95.0 93.91 46.01 4.6
95.0 93.82 57.43 4.4
95.0 93.97 32.96 5.3
95.0 93.92 43.74 4.5
95.0 93.87 49.43 4.2
95.0 93.69 71.45 5.0
95.0 93.62 70.84 4.6
95.0 93.84 34.66 4.7
95.0 93.95 27.75 4.9
95.0 93.90 41.29 5.0
95.0 93.90 43.12 4.6
95.0 93.67 73.74 4.9
95.0 93.65 68.27 4.8
95.0 93.58 69.50 5.0
95.0 93.57 65.59 5.0
95.0 93.51 68.62 5.2
95.0 93.65 47.17 5.1
95.0 93.63 53.97 5.0
95.0 93.61 56.24 5.0
95.0 93.50 70.69 5.2
95.0 93.64 48.28 5.4
95.0 93.62 53.34 5.2
95.0 93.60 57.26 4.9
95.0 93.73 40.84 5.2
95.0 93.94 18.92 5.3
95.0 93.89 36.92 5.0
95.0 93.80 52.46 5.1
95.0 93.76 56.54 5.0
95.0 93.64 69.15 4.8
95.0 93.67 58.92 5.2
95.0 93.64 58.48 5.2
95.0 93.62 60.89 5.3
95.0 93.61 59.71 5.2
95.0 93.73 39.94 4.9
95.0 93.70 49.73 5.4
95.0 93.46 84.01 5.1
95.0 93.41 79.78 5.0
95.0 93.28 88.89 5.6
95.0 93.29 77.53 6.1
95.0 93.50 46.87 5.8
95.0 93.23 89.67 5.4
95.0 93.30 72.20 6.2
95.0 93.36 62.96 5.9
95.0 93.28 75.89 6.0
95.0 92.95 116.92 6.0
95.0 92.86 111.73 6.5
95.0 92.87 102.40 7.1
95.0 92.80 104.99 7.3
95.0 92.91 85.78 7.5
95.0 92.96 78.69 7.4
95.0 93.06 68.67 6.7
95.0 93.05 73.14 6.9
95.0 92.95 87.65 7.0
95.0 92.74 115.07 7.1
95.0 92.76 100.57 7.4
95.0 92.61 117.80 7.5
95.0 92.69 96.88 7.8
95.0 92.63 105.57 7.6
95.0 92.76 84.51 8.0
95.0 92.83 76.51 8.0
95.0 92.94 68.54 8.0
95.0 92.90 81.76 7.6
95.0 92.77 100.25 7.7
95.0 92.80 92.90 7.8
95.0 93.00 64.56 8.0
95.0 93.00 73.39 7.7
95.0 92.70 117.27 7.3
95.0 92.77 98.64 8.0
95.0 93.13 48.27 8.2
95.0 93.11 64.32 8.2
95.0 93.06 76.79 8.1
95.0 93.14 64.61 8.0
95.0 93.22 62.54 7.8
95.0 93.20 69.13 7.5
95.0 93.00 97.43 8.0
95.0 92.78 118.63 7.8
95.0 92.76 107.97 8.1
95.0 92.60 121.58 8.2
95.0 92.64 104.83 8.8
95.0 92.63 106.70 8.2
95.0 92.58 108.92 8.7
95.0 92.57 106.99 8.9
95.0 92.53 109.49 9.0
95.0 92.71 87.72 9.1
95.0 92.79 78.41 9.1
95.0 92.76 85.73 8.4
95.0 92.69 99.41 9.4
95.0 92.72 90.60 8.0
95.0 92.57 111.62 8.7
95.0 92.53 111.80 8.7
95.0 92.62 97.41 9.7
95.0 92.57 104.37 9.3
95.0 92.48 113.99 9.1
95.0 92.44 116.04 8.8
95.0 92.28 133.82 9.5
95.0 92.35 116.42 9.4
95.0 92.28 121.63 10.1
95.0 92.68 76.76 9.5
95.0 92.62 91.59 9.3
95.0 92.53 105.33 9.6
95.0 92.36 127.67 9.6
95.0 92.51 101.01 9.7
95.0 92.56 97.94 9.7
95.0 92.51 102.89 9.5
95.0 92.52 107.06 9.6
95.0 92.47 109.95 9.6
95.0 92.10 155.72 9.7
95.0 92.15 134.60 10.2
95.0 92.10 137.46 10.4
95.0 92.10 134.03 9.9
95.0 92.05 132.26 10.7
95.0 92.19 118.83 10.5
95.0 92.41 92.08 10.6
95.0 92.38 105.67 10.4
95.0 92.10 144.93 10.3
95.0 92.14 135.40 10.9
95.0 92.14 129.70 11.0
95.0 91.64 188.95 10.9
95.0 91.78 157.35 11.5
95.0 91.81 143.88 11.9
95.0 91.75 150.82 11.9
95.0 91.83 138.81 11.9
95.0 91.86 137.43 12.7
95.0 92.02 116.13 11.9
95.0 92.03 124.19 11.8
95.0 91.99 133.49 12.1
95.0 91.91 143.80 11.8
95.0 91.80 152.33 11.8
95.0 91.97 131.80 12.6
95.0 92.02 123.83 11.6
95.0 91.99 130.50 11.9
95.0 92.09 120.74 11.9
95.0 92.09 125.77 11.9
95.0 91.80 164.34 11.9
95.0 91.70 163.64 12.4
95.0 91.74 154.69 11.3
95.0 91.64 159.33 12.8
95.0 91.64 154.98 12.7
95.0 91.52 168.43 12.8
95.0 91.58 155.45 13.1
95.0 91.63 144.71 13.1
95.0 91.55 158.31 13.1
95.0 91.56 155.46 13.0
95.0 91.66 139.27 13.1
95.0 91.66 144.81 13.4
95.0 91.66 147.58 13.1
95.0 91.79 132.67 13.2
95.0 91.78 136.98 13.1
95.0 91.85 135.15 12.8
95.0 92.30 78.58 13.0
95.0 92.07 126.89 12.3
95.0 91.98 137.12 12.1
95.0 91.70 173.04 12.1
95.0 91.70 157.96 12.7
95.0 91.78 142.96 13.4
95.0 91.52 176.09 12.7
95.0 91.53 161.09 13.2
95.0 91.42 172.64 13.4
95.0 91.49 154.71 13.4
95.0 91.46 162.98 12.3
95.0 91.39 165.92 12.9
95.0 91.42 160.82 13.6
95.0 91.45 157.99 14.0
95.0 91.51 150.98 13.4
95.0 91.53 148.61 13.7
95.0 91.63 143.89 13.6
95.0 91.95 103.58 13.3
95.0 92.05 107.67 13.0
95.0 92.01 122.16 12.9
95.0 91.98 135.44 11.9
95.0 91.95 136.70 12.6
95.0 91.92 137.61 12.6
95.0 91.89 144.28 12.1
95.0 91.62 173.66 12.0
95.0 91.62 162.39 12.9
95.0 91.81 134.84 13.2
95.0 91.92 124.78 13.1
95.0 91.85 137.33 12.5
95.0 91.84 141.81 12.7
95.0 91.73 154.75 12.9
95.0 91.68 157.06 13.1
95.0 91.68 150.13 13.2
95.0 91.63 158.44 12.7
95.0 91.64 151.24 13.0
95.0 91.73 136.46 12.9
95.0 91.68 147.96 13.2
95.0 91.72 143.58 12.9
95.0 91.71 146.31 12.9
95.0 91.67 149.95 12.9
95.0 91.54 168.56 13.1
95.0 91.46 168.03 13.4
95.0 91.48 161.16 13.2
95.0 91.59 146.74 13.4
95.0 91.51 159.73 13.3
95.0 91.61 141.82 13.4
95.0 91.58 151.81 13.2
95.0 91.58 151.91 13.1
95.0 91.59 148.42 13.4
95.0 91.35 180.76 13.8
95.0 91.42 163.36 13.7
95.0 91.45 159.25 13.1
95.0 91.65 130.67 13.1
95.0 91.69 138.78 13.3
95.0 91.65 146.37 13.4
95.0 91.87 120.94 13.1
95.0 91.52 172.25 13.0
95.0 91.49 171.35 13.2
95.0 91.69 136.33 13.1
95.0 92.00 103.93 13.2
95.0 91.97 123.58 13.0
95.0 91.98 128.40 12.5
95.0 91.70 164.94 12.6
95.0 91.83 140.91 12.9
95.0 91.81 143.87 12.9
95.0 91.84 136.85 12.2
95.0 91.87 136.36 12.5
95.0 91.68 161.94 13.0
95.0 91.76 145.15 12.4
95.0 91.75 143.47 12.7
95.0 91.97 122.45 12.8
95.0 92.21 95.87 12.5
95.0 92.15 114.89 12.5
95.0 92.19 113.72 11.8
95.0 92.23 118.69 11.8
95.0 92.21 120.59 12.8
95.0 92.12 132.67 11.8
95.0 92.07 139.51 11.6
95.0 91.94 148.79 11.8
95.0 92.14 119.09 11.5
95.0 92.71 53.81 11.4
95.0 92.56 94.89 11.6
95.0 92.56 97.68 11.6
95.0 92.52 107.13 11.1
95.0 92.61 98.07 11.8
95.0 92.47 116.21 10.6
95.0 92.43 119.58 10.9
95.0 92.36 127.00 10.9
95.0 92.37 120.72 11.0
95.0 92.22 136.72 11.2
95.0 92.29 121.49 11.0
95.0 92.28 124.02 11.0
95.0 92.21 130.84 11.0
95.0 92.29 115.48 11.0
95.0 92.50 96.62 11.1
95.0 92.50 99.02 10.6
95.0 92.51 102.70 10.5
95.0 92.47 110.12 11.1
95.0 92.43 116.57 10.4
95.0 92.44 114.74 10.0
95.0 92.41 116.73 9.8
95.0 92.51 103.98 10.4
95.0 92.51 105.12 10.2
95.0 92.61 97.07 10.1
95.0 92.65 95.12 10.0
95.0 92.64 99.50 9.5
95.0 92.67 90.99 9.9
95.0 92.79 73.94 8.9
95.0 92.91 70.27 9.5
95.0 92.91 74.81 9.3
95.0 93.11 54.65 8.8
95.0 93.10 65.83 8.2
95.0 93.09 75.18 8.8
95.0 92.94 94.46 8.2
95.0 92.90 92.85 8.2
95.0 93.00 76.18 8.0
95.0 92.96 85.10 7.5
95.0 92.92 89.90 8.4
95.0 92.70 114.56 8.0
95.0 92.69 108.70 8.2
95.0 92.67 105.91 8.6
95.0 92.66 102.39 8.6
95.0 92.74 91.53 8.4
95.0 92.86 76.73 8.5
95.0 92.96 68.47 8.3
95.0 92.96 73.59 7.8
95.0 92.88 88.37 8.0
95.0 92.76 105.24 8.2
95.0 92.73 101.45 8.2
95.0 92.72 101.88 8.2
95.0 92.83 84.94 7.6
95.0 93.04 60.30 8.4
95.0 92.94 81.31 8.1
95.0 93.13 54.58 8.4
95.0 93.07 74.93 7.2
95.0 93.02 82.32 7.6
95.0 92.97 88.04 7.8
95.0 92.97 83.31 7.7
95.0 92.98 82.96 7.8
95.0 93.02 76.78 7.9
95.0 92.93 89.62 7.5
95.0 92.98 80.44 7.6
95.0 92.81 104.65 7.7
95.0 93.06 67.43 7.6
95.0 93.05 72.50 7.8
95.0 93.09 70.99 7.6
95.0 92.99 87.68 7.4
95.0 93.04 76.76 7.1
95.0 93.03 79.22 7.4
95.0 93.07 74.49 7.2
95.0 93.16 63.36 7.3
95.0 93.01 89.14 7.1
95.0 92.92 95.89 7.3
95.0 92.97 86.02 7.5
95.0 93.02 76.06 7.5
95.0 93.02 79.02 6.9
95.0 93.10 65.97 7.4
95.0 93.05 79.25 6.9
95.0 93.23 55.89 6.9
95.0 93.07 83.99 7.0
95.0 93.06 84.48 7.0
95.0 93.20 61.98 7.4
95.0 93.27 56.41 6.7
95.0 93.33 55.29 7.0
95.0 93.58 29.04 6.6
95.0 93.39 68.89 6.3
95.0 93.39 65.08 6.5
95.0 93.49 52.53 6.4
95.0 93.49 57.78 6.5
95.0 93.72 26.33 6.1
95.0 93.56 60.74 6.0
95.0 93.46 72.43 6.1
95.0 93.60 51.69 6.5
95.0 93.63 48.94 6.5
95.0 93.70 40.95 6.1
95.0 93.77 39.82 5.8
95.0 93.93 22.43 5.6
95.0 93.83 45.53 5.1
95.0 93.94 31.54 5.3
95.0 94.22 2.01 4.7
95.0 94.29 6.34 5.2
95.0 94.16 34.96 5.2
95.0 94.18 31.86 5.0
95.0 94.11 42.40 5.0
95.0 93.99 54.21 5.0
95.0 94.03 41.46 4.6
95.0 94.07 34.87 4.8
95.0 93.96 51.14 4.7
95.0 93.82 65.31 4.7
95.0 93.83 55.70 4.8
95.0 93.98 30.04 4.8
95.0 93.88 48.97 4.6
95.0 93.84 53.16 4.6
95.0 93.66 73.11 4.8
95.0 93.69 62.20 5.0
95.0 93.90 27.39 4.6
95.0 94.09 8.74 5.0
95.0 94.07 24.59 5.2
95.0 94.10 27.29 4.9
95.0 94.04 40.66 5.0
95.0 94.12 27.92 4.8
95.0 93.92 58.60 4.7
95.0 93.78 69.60 5.2
95.0 93.89 43.88 4.6
95.0 93.80 56.55 4.8
95.0 93.86 43.77 4.7
95.0 93.91 39.88 4.6
95.0 93.82 53.81 4.6
95.0 93.83 48.73 5.0
95.0 93.83 48.57 4.7
95.0 93.75 58.59 4.8
95.0 93.72 58.92 4.5
95.0 93.65 64.43 5.0
95.0 94.02 14.50 5.0
95.0 94.00 27.92 5.3
95.0 94.09 21.74 5.4
95.0 93.89 55.74 4.7
95.0 93.89 50.38 4.8
95.0 93.85 53.77 5.0
95.0 93.72 67.27 4.9
95.0 93.83 43.08 5.0
95.0 93.89 39.76 4.6
95.0 93.93 34.87 4.6
95.0 93.89 45.70 4.6
95.0 93.89 45.40 4.4
95.0 93.67 74.93 4.7
95.0 93.69 61.63 4.4
95.0 93.76 46.94 5.2
95.0 93.64 65.59 4.6
95.0 93.71 49.23 5.0
95.0 93.78 42.28 5.0
95.0 93.84 36.76 4.6
95.0 93.99 22.50 4.7
95.0 93.98 33.05 4.5
95.0 93.97 37.40 4.4
95.0 94.01 34.45 4.3
95.0 93.96 44.92 3.9
95.0 94.09 23.90 4.3
95.0 94.08 32.97 4.1
95.0 94.11 30.38 4.0
95.0 94.09 36.92 4.1
95.0 94.02 45.06 3.9
95.0 94.01 44.08 4.3
95.0 94.19 18.44 3.9
95.0 94.16 28.87 3.9
95.0 94.18 28.77 4.5
95.0 94.25 21.13 3.9
95.0 94.56 -12.49 3.7
95.0 94.40 23.42 4.0
95.0 94.40 23.71 4.3
95.0 94.13 60.20 4.2
95.0 93.97 68.86 4.1
95.0 93.92 62.45 4.6
95.0 94.01 39.52 4.6
95.0 94.39 -10.62 4.3
95.0 94.35 13.87 5.0
95.0 94.45 6.12 4.9
95.0 94.49 8.29 4.8
95.0 94.47 15.67 4.5
95.0 94.47 19.89 4.5
95.0 94.36 34.35 4.1
95.0 94.41 22.88 4.0
95.0 94.36 30.47 4.1
95.0 94.32 33.90 4.0
95.0 94.28 36.33 4.0
95.0 94.29 30.90 4.0
95.0 94.16 47.14 3.8
95.0 94.32 18.91 4.6
95.0 94.52 -4.76 4.2
95.0 94.42 21.57 4.0
95.0 94.41 23.27 4.3
95.0 94.41 24.15 4.2
95.0 94.36 30.47 4.1
95.0 94.13 58.14 4.1
95.0 94.02 61.88 3.6
95.0 94.05 45.17 4.4
95.0 94.04 43.90 4.3
95.0 93.98 49.45 4.0
95.0 93.93 51.93 4.3
95.0 93.79 66.20 4.4
95.0 93.80 55.08 4.8
95.0 93.81 51.97 4.4
95.0 93.92 34.89 4.5
95.0 93.73 63.60 4.6
95.0 93.53 84.92 4.6
95.0 93.66 55.22 5.3
95.0 93.78 39.39 5.0
95.0 93.93 22.17 4.7
95.0 93.98 28.39 4.6
95.0 93.88 47.66 4.5
95.0 93.79 57.87 4.4
95.0 93.67 70.17 4.1
95.0 93.74 53.08 4.8
95.0 93.71 56.26 5.0
95.0 93.73 50.58 4.5
95.0 93.75 47.62 4.8
95.0 93.63 66.04 5.0
95.0 93.90 22.84 5.0
95.0 93.90 33.90 5.0
95.0 93.94 31.88 4.4
95.0 93.72 67.58 4.3
95.0 93.69 62.53 4.6
95.0 93.85 34.25 5.3
95.0 93.81 45.99 5.0
95.0 93.73 58.15 4.8
95.0 93.70 58.84 4.9
95.0 93.82 38.95 4.9
95.0 93.83 42.52 5.0
95.0 93.83 44.24 4.8
95.0 93.80 50.17 4.4
95.0 93.81 48.29 4.9
95.0 93.77 53.35 4.6
95.0 93.74 56.14 4.8
95.0 93.80 43.91 4.9
95.0 93.72 56.44 5.0
95.0 93.88 35.26 4.8
95.0 93.84 45.40 4.5
95.0 93.62 75.17 4.6
95.0 93.70 54.10 4.6
95.0 93.72 50.99 4.5
95.0 93.69 55.35 4.8
95.0 93.67 56.56 5.4
95.0 93.69 53.89 5.2
95.0 93.58 68.24 5.1
95.0 93.56 65.02 4.9
95.0 93.60 55.80 5.0
95.0 93.63 52.56 5.2
95.0 93.70 44.55 5.2
95.0 93.63 57.33 5.2
95.0 93.61 59.15 5.0
95.0 93.21 111.37 5.1
95.0 93.42 64.43 5.7
95.0 93.08 110.03 5.6
95.0 93.21 77.34 6.0
95.0 93.28 68.34 6.4
95.0 93.25 71.70 5.9
95.0 93.22 75.16 6.0
95.0 93.24 71.08 6.5
95.0 93.50 34.38 6.3
95.0 93.83 4.14 6.3
95.0 93.62 54.82 6.2
95.0 93.17 113.72 6.4
95.0 92.89 131.04 7.4
95.0 93.24 63.59 7.6
95.0 93.21 71.19 7.7
95.0 93.14 81.09 7.4
95.0 92.83 120.39 7.3
95.0 92.89 96.59 7.9
95.0 93.13 62.68 8.1
95.0 92.99 87.94 7.5
95.0 93.08 70.59 7.6
95.0 93.16 63.77 7.6
95.0 93.14 71.83 7.3
95.0 93.08 81.89 7.4
95.0 93.26 54.05 7.6
95.0 93.19 70.81 7.3
95.0 93.21 71.08 7.2
95.0 93.02 97.58 7.6
95.0 93.01 89.80 7.5
95.0 93.01 83.95 7.5
95.0 93.05 79.22 7.6
95.0 93.00 84.58 7.5
95.0 93.00 81.40 7.6
95.0 93.05 75.81 7.3
95.0 93.09 72.69 7.4
95.0 93.08 76.83 7.5
95.0 93.02 83.26 7.5
95.0 92.89 100.08 7.3
95.0 92.99 82.52 7.6
95.0 92.99 80.45 7.8
95.0 92.94 87.34 7.5
95.0 92.99 79.20 7.6
95.0 92.99 80.76 7.8
95.0 92.90 91.78 7.8
95.0 92.96 79.32 6.9
95.0 92.87 94.45 7.9
95.0 92.71 111.25 6.9
95.0 92.65 112.63 6.9
95.0 92.73 96.77 8.8
95.0 92.99 56.94 8.4
95.0 93.03 63.68 7.5
95.0 92.94 83.01 8.2
95.0 93.08 67.58 8.0
95.0 93.03 78.59 7.8
95.0 92.94 91.95 7.8
95.0 92.99 79.22 7.7
95.0 92.99 80.82 7.3
95.0 92.90 93.37 7.9
95.0 92.95 80.15 7.8
95.0 92.96 81.54 7.5
95.0 93.15 57.70 7.7
95.0 93.09 73.29 7.6
95.0 92.90 100.31 7.4
95.0 92.73 116.48 7.7
95.0 92.67 115.02 8.4
95.0 92.53 124.23 9.1
95.0 92.48 120.73 8.2
95.0 92.58 102.27 8.9
95.0 92.62 95.34 9.5
95.0 92.57 103.32 8.5
95.0 92.61 95.95 8.2
95.0 92.56 105.84 8.3
95.0 92.65 91.28 9.3
95.0 92.51 112.53 8.9
95.0 92.60 97.96 9.1
95.0 92.87 58.27 8.9
95.0 92.84 77.10 9.1
95.0 92.68 102.75 7.8
95.0 92.53 121.35 8.6
95.0 92.49 116.96 8.9
95.0 92.54 106.09 9.0
95.0 92.50 109.28 9.1
95.0 92.46 113.52 9.1
95.0 92.47 110.37 9.1
95.0 92.47 106.14 9.6
95.0 92.48 109.09 9.7
95.0 92.44 111.23 9.5
95.0 92.45 109.36 9.5
95.0 92.51 99.83 9.1
95.0 92.42 114.25 9.5
95.0 92.39 114.24 9.6
95.0 92.32 120.23 10.1
95.0 92.25 130.97 10.0
95.0 92.24 126.53 10.0
95.0 92.22 127.15 9.9
95.0 92.25 116.33 10.3
95.0 92.24 124.55 10.4
95.0 92.27 117.81 10.6
95.0 92.39 105.94 10.4
95.0 92.31 120.67 10.3
95.0 92.16 139.27 10.1
95.0 92.11 137.00 10.8
95.0 92.20 122.71 11.2
95.0 92.32 109.09 11.0
95.0 92.30 114.93 10.5
95.0 92.42 104.15 10.8
95.0 92.30 124.74 10.0
95.0 92.28 125.61 10.6
95.0 92.17 134.62 11.0
95.0 92.17 134.63 11.0
95.0 92.20 123.49 11.0
95.0 92.37 103.79 10.8
95.0 92.30 119.72 10.8
95.0 92.24 128.41 10.9
95.0 92.36 108.27 11.0
95.0 92.33 114.22 10.9
95.0 92.02 157.53 11.3
95.0 91.89 158.30 11.2
95.0 91.96 141.10 12.1
95.0 91.93 142.63 11.8
95.0 92.08 121.83 11.8
95.0 92.08 123.46 11.2
95.0 92.08 127.18 11.6
95.0 92.36 95.29 11.2
95.0 92.52 84.77 11.4
95.0 92.43 104.56 11.0
95.0 93.03 41.90 10.6
95.0 92.80 90.67 10.7
95.0 92.87 81.90 10.6
95.0 92.50 133.87 11.0
95.0 92.50 122.71 10.1
95.0 92.46 122.51 10.6
95.0 92.38 125.99 10.7
95.0 92.31 133.09 11.0
95.0 92.33 121.46 11.2
95.0 92.35 118.19 11.2
95.0 92.28 127.13 11.4
95.0 92.69 75.21 11.1
95.0 92.72 81.02 10.7
95.0 92.66 95.45 10.4
95.0 92.78 85.12 10.3
95.0 92.67 102.79 10.2
95.0 92.53 121.47 9.3
95.0 92.48 119.36 9.4
95.0 92.49 113.06 10.3
95.0 92.49 109.86 10.1
95.0 92.54 105.23 10.4
95.0 92.41 123.98 10.4
95.0 92.38 124.07 10.1
95.0 92.40 116.31 10.4
95.0 92.50 103.87 10.4
95.0 92.42 118.45 10.3
95.0 92.43 113.18 10.3
95.0 93.03 46.21 10.1
95.0 92.89 81.54 10.2
95.0 92.85 90.56 10.1
95.0 92.65 116.25 9.9
95.0 92.38 143.85 9.8
95.0 92.40 123.50 10.5
95.0 92.41 115.88 10.8
95.0 92.38 122.49 10.6
95.0 92.49 104.05 10.6
95.0 92.40 118.69 10.5
95.0 92.51 101.94 10.7
95.0 92.21 144.54 10.4
95.0 92.29 122.33 11.1
95.0 92.10 145.48 10.8
95.0 92.14 132.58 10.9
95.0 92.32 108.93 10.6
95.0 92.39 103.57 10.8
95.0 92.54 91.93 10.6
95.0 92.45 110.00 10.3
95.0 92.64 85.38 10.5
95.0 92.82 71.37 10.2
95.0 92.70 97.27 9.8
95.0 92.73 91.94 9.3
95.0 92.99 54.50 9.7
95.0 92.82 91.62 9.4
95.0 92.92 76.21 9.9
95.0 92.89 83.83 9.1
95.0 92.81 95.62 9.2
95.0 92.92 75.47 9.2
95.0 92.92 81.58 8.9
95.0 92.76 104.51 8.8
95.0 92.69 108.84 9.3
95.0 92.67 105.97 9.0
95.0 92.75 90.50 9.3
95.0 92.73 94.11 9.1
95.0 92.33 145.84 8.9
95.0 92.35 130.37 10.1
95.0 92.24 136.33 9.7
95.0 92.27 123.67 9.9
95.0 92.30 117.08 10.1
95.0 92.28 119.16 9.9
95.0 92.17 131.39 9.7
95.0 92.30 106.89 10.4
95.0 92.37 108.68 10.1
95.0 92.34 114.33 9.9
95.0 92.36 111.78 10.1
95.0 92.43 107.54 10.0
95.0 92.44 110.28 10.1
95.0 92.32 125.55 10.4
95.0 92.43 109.32 10.6
95.0 92.44 111.13 9.9
95.0 92.59 88.72 10.1
95.0 92.72 79.49 9.5
95.0 92.75 82.93 9.7
95.0 92.68 96.19 9.3
95.0 92.71 89.07 9.3
95.0 92.79 81.77 9.3
95.0 92.76 89.49 9.3
95.0 92.78 85.25 8.6
95.0 92.76 91.24 9.1
95.0 92.78 86.14 8.8
95.0 92.54 121.15 8.8
95.0 92.59 105.05 9.1
95.0 92.67 93.50 9.1
95.0 92.66 96.18 8.8
95.0 92.69 89.18 9.1
95.0 92.91 63.46 8.9
95.0 92.92 71.38 8.5
95.0 92.71 107.26 8.4
95.0 92.69 102.82 8.5
95.0 92.77 88.81 8.8
95.0 92.79 87.25 8.9
95.0 92.85 80.31 8.2
95.0 92.73 99.85 8.4
95.0 92.72 96.75 8.6
95.0 92.57 114.77 8.4
95.0 92.43 126.65 8.7
95.0 92.36 126.11 8.9
95.0 92.37 117.55 9.9
95.0 92.48 101.64 9.1
95.0 92.62 86.88 9.3
95.0 92.66 84.74 9.1
95.0 92.69 85.98 8.9
95.0 92.96 55.51 8.8
95.0 92.92 73.29 8.5
95.0 92.88 84.29 8.4
95.0 92.55 129.05 8.4
95.0 92.68 103.04 9.5
95.0 93.00 57.67 9.1
95.0 93.04 63.98 8.5
95.0 93.04 72.80 8.1
95.0 93.08 69.07 8.3
95.0 92.85 103.87 8.0
95.0 93.05 69.65 8.2
95.0 93.43 28.87 8.4
95.0 93.38 51.08 7.8
95.0 93.26 74.69 7.3
95.0 93.27 70.59 7.9
95.0 93.16 86.15 7.7
95.0 93.14 83.04 7.5
95.0 93.17 73.59 7.6
95.0 93.15 78.40 7.6
95.0 93.00 95.68 7.6
95.0 93.14 67.93 7.4
95.0 93.04 85.80 7.7
95.0 93.12 71.67 7.8
95.0 93.11 76.05 8.2
95.0 93.01 88.75 7.6
95.0 92.87 101.69 7.6
95.0 92.84 102.75 7.8
95.0 92.90 87.66 7.9
95.0 92.96 79.68 7.5
95.0 92.87 91.46 8.0
95.0 92.84 95.69 7.7
95.0 93.09 55.76 8.0
95.0 93.22 47.49 7.7
95.0 93.24 59.18 7.3
95.0 93.31 54.75 7.4
95.0 93.27 66.25 7.1
95.0 93.29 64.42 6.9
95.0 93.35 59.11 6.7
95.0 93.27 74.00 6.7
95.0 93.34 61.97 6.8
95.0 93.49 45.14 6.6
95.0 93.53 48.04 6.6
95.0 93.43 67.17 6.3
95.0 93.57 44.69 6.4
95.0 93.61 45.57 6.2
95.0 93.59 54.78 5.7
95.0 93.67 44.09 5.4
95.0 93.74 40.01 5.8
95.0 93.66 55.70 5.6
95.0 93.42 87.28 5.4
95.0 93.47 69.59 6.4
95.0 93.47 64.96 5.8
95.0 93.47 65.69 6.0
95.0 93.29 87.52 6.0
95.0 93.30 74.99 6.0
95.0 93.27 76.41 6.2
95.0 93.15 89.09 6.3
95.0 93.14 84.54 6.3
95.0 93.12 80.61 6.5
95.0 93.20 68.45 6.5
95.0 93.13 79.79 6.2
95.0 92.99 96.48 6.3
95.0 93.17 64.95 6.6
95.0 93.29 51.58 6.7
95.0 93.40 48.74 6.5
95.0 93.36 61.17 6.6
95.0 93.51 42.09 6.3
95.0 93.46 59.66 6.1
95.0 93.65 34.15 6.9
95.0 93.67 41.38 6.0
95.0 93.79 30.39 5.9
95.0 93.85 33.77 5.5
95.0 93.85 38.51 5.2
95.0 93.81 47.19 4.7
95.0 93.64 70.49 5.2
95.0 93.72 53.41 5.2
95.0 93.78 44.33 5.4
95.0 93.75 50.52 4.7
95.0 93.63 66.22 5.1
95.0 93.70 53.12 5.5
95.0 93.54 73.86 4.8
95.0 93.58 62.00 5.3
95.0 93.71 43.37 5.4
95.0 93.87 24.57 5.4
95.0 93.87 34.95 4.9
95.0 93.97 26.02 4.8
95.0 93.96 35.93 4.7
95.0 94.05 25.98 5.2
95.0 94.23 9.08 4.5
95.0 94.20 23.40 4.5
95.0 94.26 19.52 4.5
95.0 94.42 4.31 4.3
95.0 94.32 26.86 4.3
95.0 94.33 26.60 4.1
95.0 94.29 32.60 4.2
95.0 94.34 22.45 4.2
95.0 94.25 36.50 4.1
95.0 94.31 24.59 4.0
95.0 94.56 -4.80 3.9
95.0 94.59 2.14 4.0
95.0 94.57 11.70 3.8
95.0 94.41 35.10 3.5
95.0 94.32 42.25 3.9
95.0 94.32 34.34 4.1
95.0 94.28 36.06 3.9
95.0 94.29 32.27 3.9
95.0 94.44 8.92 3.5
95.0 94.44 15.71 4.2
95.0 94.29 38.43 3.8
95.0 93.99 74.03 3.8
95.0 94.27 20.41 4.0
95.0 94.28 22.97 4.9
95.0 94.24 30.61 4.6
95.0 94.40 11.52 4.9
95.0 94.45 11.24 4.6
95.0 94.44 17.88 4.3
95.0 94.39 27.42 4.3
95.0 94.39 25.80 4.3
95.0 94.25 43.85 3.9
95.0 94.12 53.84 3.7
95.0 94.10 48.52 4.2
95.0 94.13 38.01 4.1
95.0 93.97 57.77 4.2
95.0 93.96 49.82 4.2
95.0 93.96 46.89 4.5
95.0 94.14 20.24 3.7
95.0 93.90 60.87 4.1
95.0 93.99 40.48 4.7
95.0 94.03 35.84 5.0
95.0 94.06 32.08 4.5
95.0 94.05 37.27 4.5
95.0 94.08 32.68 4.4
95.0 93.88 61.23 4.2
95.0 93.66 82.87 4.2
95.0 93.69 65.63 4.5
95.0 93.71 56.83 4.6
95.0 93.73 50.86 4.9
95.0 93.75 49.13 4.8
95.0 93.91 27.22 4.7
95.0 93.91 37.11 4.5
95.0 94.15 6.76 4.4
95.0 94.36 -12.05 4.8
95.0 94.66 -30.08 4.9
95.0 94.59 1.78 5.0
95.0 94.57 11.83 5.2
95.0 94.36 42.14 5.0
95.0 94.36 33.30 4.7
95.0 94.46 18.01 5.2
95.0 94.45 20.66 4.5
95.0 94.40 28.71 4.3
95.0 94.40 26.97 4.3
95.0 94.64 -6.13 4.1
95.0 94.61 7.56 4.3
95.0 94.41 40.67 4.4
95.0 94.31 45.27 4.5
95.0 94.36 28.65 4.5
95.0 94.32 33.36 4.3
95.0 94.42 16.02 4.2
95.0 94.37 26.63 4.1
95.0 94.37 26.15 4.6
95.0 94.37 25.26 4.1
95.0 94.28 37.70 3.5
95.0 94.38 19.74 4.1
95.0 94.38 22.59 3.7
95.0 94.38 23.41 3.7
95.0 94.24 42.68 3.3
95.0 94.21 41.26 3.5
95.0 94.13 46.51 3.7
95.0 93.80 84.84 3.8
95.0 93.91 53.16 3.9
95.0 93.91 47.88 4.3
95.0 93.68 75.92 3.8
95.0 93.80 47.61 4.0
95.0 93.86 42.30 4.4
95.0 93.68 67.56 4.3
95.0 93.75 49.96 4.3
95.0 93.96 23.30 4.3
95.0 94.19 1.90 4.6
95.0 94.07 33.17 4.7
95.0 94.06 36.92 4.6
95.0 94.04 39.74 4.6
95.0 93.80 70.85 4.6
95.0 94.11 17.28 4.5
95.0 94.04 35.65 5.1
95.0 93.89 57.22 5.4
95.0 93.94 44.95 5.2
95.0 93.94 43.59 4.8
95.0 93.89 49.26 5.1
95.0 93.84 54.14 5.2
95.0 93.85 48.74 5.4
95.0 94.20 2.02 5.2
95.0 94.12 26.63 5.3
95.0 94.06 40.20 5.8
95.0 94.14 28.97 5.3
95.0 94.26 14.89 5.2
95.0 94.17 33.36 4.8
95.0 94.10 43.19 4.6
95.0 94.13 36.39 4.8
95.0 93.80 80.78 4.8
95.0 93.81 63.59 4.6
95.0 93.64 78.73 5.2
95.0 93.44 93.05 5.4
95.0 93.44 78.43 5.5
95.0 93.49 65.03 5.8
95.0 93.82 16.21 5.7
95.0 93.74 43.21 5.8
95.0 93.71 50.21 6.0
95.0 93.68 56.20 6.1
95.0 93.66 57.03 5.8
95.0 93.68 52.73 5.8
95.0 93.31 102.99 5.8
95.0 93.37 80.22 6.1
95.0 93.43 66.43 6.3
95.0 93.43 63.63 6.3
95.0 93.21 93.49 6.3
95.0 93.32 65.66 6.4
95.0 93.25 76.24 6.2
95.0 93.31 65.36 6.3
95.0 93.15 89.01 6.3
95.0 93.18 78.55 6.3
95.0 93.03 95.61 6.7
95.0 93.11 76.66 6.3
95.0 93.10 78.62 6.9
95.0 93.18 65.27 7.0
95.0 93.50 28.57 7.1
95.0 93.45 50.54 6.7
95.0 93.49 52.82 7.1
95.0 93.53 50.11 6.1
95.0 93.52 54.85 6.4
95.0 93.52 58.70 6.1
95.0 93.51 60.68 6.2
95.0 93.60 49.48 6.4
95.0 93.63 47.83 6.1
95.0 93.85 25.57 6.1
95.0 93.85 34.42 5.8
95.0 93.72 57.56 5.7
95.0 93.69 58.61 5.2
95.0 93.81 40.82 5.6
95.0 93.73 55.58 5.4
95.0 93.70 56.46 5.6
95.0 93.67 57.06 5.5
95.0 93.65 59.92 5.8
95.0 93.63 59.06 6.2
95.0 93.52 71.93 5.6
95.0 93.51 65.82 5.1
95.0 93.42 76.17 5.9
95.0 93.33 82.06 5.8
95.0 93.25 84.41 6.3
95.0 93.23 83.11 6.1
95.0 93.16 85.54 6.1
95.0 93.23 70.67 6.0
95.0 93.12 85.36 6.4
95.0 93.02 94.68 6.7
95.0 92.88 105.84 6.7
95.0 92.98 82.84 7.0
95.0 93.22 51.81 7.0
95.0 93.20 65.42 6.7
95.0 93.09 82.94 6.8
95.0 93.12 75.97 7.2
95.0 93.11 76.40 7.1
95.0 93.10 80.36 7.1
95.0 93.23 59.73 7.0
95.0 93.25 63.34 6.8
95.0 93.09 88.48 6.6
95.0 92.99 95.09 5.5
95.0 93.04 82.75 7.1
95.0 93.03 80.30 7.2
95.0 93.17 65.42 7.1
95.0 93.15 70.88 7.1
95.0 93.04 85.95 7.0
95.0 92.99 89.70 7.1
95.0 92.99 86.02 7.1
95.0 92.99 84.19 7.4
95.0 92.90 93.51 7.6
95.0 92.91 88.59 7.6
95.0 92.92 86.06 7.3
95.0 92.75 106.78 7.7
95.0 92.82 92.93 7.8
95.0 92.88 82.91 8.1
95.0 92.76 100.94 7.8
95.0 92.69 105.10 7.6
95.0 92.72 95.91 8.4
95.0 92.62 110.37 7.9
95.0 92.66 99.11 8.3
95.0 92.56 110.71 7.6
95.0 92.42 122.92 9.5
95.0 92.35 128.78 8.7
95.0 92.46 104.31 9.1
95.0 92.84 57.84 9.1
95.0 92.86 71.19 8.8
95.0 92.78 87.78 8.8
95.0 92.76 92.53 8.6
95.0 92.78 86.79 8.6
95.0 92.76 94.14 8.6
95.0 93.27 20.81 8.4
95.0 93.15 60.22 9.4
95.0 93.13 70.13 8.8
95.0 93.26 56.95 8.9
95.0 93.10 85.20 8.4
95.0 93.09 81.15 8.5
95.0 92.99 91.43 9.3
95.0 92.94 94.63 8.6
95.0 92.90 92.92 8.6
95.0 93.10 63.78 8.7
95.0 93.13 66.29 8.4
95.0 93.12 73.29 8.2
95.0 93.06 81.24 7.8
95.0 93.10 73.14 8.3
95.0 93.04 84.50 7.9
95.0 92.99 87.29 8.2
95.0 92.95 90.72 7.6
95.0 92.91 90.95 8.4
95.0 92.87 93.19 8.1
95.0 92.84 94.57 8.2
95.0 92.76 99.59 8.2
95.0 92.70 104.39 8.8
95.0 92.68 103.68 8.5
95.0 92.62 109.08 8.8
95.0 92.66 98.42 8.8
95.0 92.60 104.57 8.8
95.0 92.55 110.21 9.0
95.0 92.51 111.25 8.7
95.0 92.56 103.08 9.0
95.0 92.06 167.12 9.1
95.0 91.98 157.30 9.8
95.0 92.12 121.29 9.7
95.0 92.21 114.75 10.6
95.0 92.57 71.54 10.3
95.0 92.57 85.95 10.0
95.0 92.52 101.22 9.7
95.0 92.52 103.64 9.6
95.0 92.53 104.84 9.5
95.0 92.44 114.53 9.6
95.0 92.49 108.13 9.9
95.0 92.59 92.91 9.9
95.0 92.58 94.12 8.9
95.0 92.76 72.99 9.6
95.0 92.70 91.10 9.1
95.0 92.91 64.39 9.1
95.0 92.88 77.99 9.0
95.0 92.80 92.78 8.8
95.0 92.82 88.99 9.1
95.0 92.88 78.43 9.1
95.0 92.98 69.14 8.8
95.0 92.89 86.04 8.0
95.0 92.86 92.77 8.6
95.0 92.78 98.57 8.5
95.0 92.76 95.83 8.4
95.0 92.78 93.16 8.4
95.0 92.80 86.97 8.8
95.0 92.78 91.97 8.4
95.0 92.80 86.40 8.4
95.0 92.82 88.10 8.6
95.0 92.75 96.47 7.9
95.0 92.68 101.08 8.8
95.0 92.67 102.17 8.8
95.0 92.89 73.54 8.8
95.0 92.85 84.65 9.1
95.0 92.82 88.48 8.5
95.0 92.84 84.41 7.8
95.0 92.90 80.98 8.2
95.0 92.91 80.21 8.5
95.0 92.74 105.09 8.5
95.0 92.68 109.27 8.4
95.0 92.66 106.31 8.2
95.0 92.79 84.68 8.9
95.0 92.85 76.46 8.5
95.0 92.78 93.96 8.4
95.0 92.71 99.64 8.6
95.0 92.60 110.58 8.7
95.0 92.60 105.23 9.7
95.0 92.50 118.13 8.5
95.0 92.69 85.58 9.1
95.0 92.72 83.70 9.0
95.0 92.79 81.65 8.3
95.0 92.86 74.90 8.7
95.0 92.78 91.35 8.5
95.0 92.67 104.29 8.4
95.0 92.70 98.17 8.5
95.0 92.64 104.13 8.7
95.0 92.59 107.56 9.0
95.0 92.50 117.39 9.3
95.0 92.59 100.49 8.1
95.0 92.63 96.98 9.0
95.0 92.62 95.92 9.0
95.0 92.32 137.03 8.9
95.0 92.43 111.90 9.5
95.0 92.40 113.01 9.4
95.0 92.37 116.27 9.3
95.0 92.34 118.17 9.6
95.0 92.36 113.73 9.2
95.0 92.51 90.61 9.8
95.0 92.34 120.44 9.5
95.0 92.36 112.08 10.1
95.0 92.16 137.83 9.6
95.0 92.11 136.26 10.1
95.0 92.20 122.32 10.4
95.0 92.19 125.38 10.5
95.0 92.27 112.94 10.6
95.0 92.12 138.02 10.5
95.0 92.17 125.54 10.7
95.0 92.12 132.72 10.8
95.0 92.07 134.13 10.7
95.0 92.21 119.58 10.8
95.0 92.47 86.29 11.4
95.0 92.44 99.89 10.4
95.0 92.15 142.89 10.3
95.0 92.01 149.81 10.6
95.0 92.07 135.64 11.4
95.0 92.07 133.44 11.7
95.0 92.16 121.38 11.0
95.0 92.15 122.52 11.1
95.0 92.15 125.97 10.8
95.0 92.67 63.54 11.4
95.0 92.79 66.18 10.8
95.0 92.68 93.24 10.0
95.0 92.62 103.88 9.9
95.0 92.84 74.80 10.3
95.0 93.19 35.82 9.7
95.0 93.13 63.54 9.5
95.0 93.11 71.96 9.5
95.0 93.10 76.27 9.2
95.0 93.05 82.84 9.3
95.0 92.99 86.45 9.1
95.0 92.69 124.70 9.0
95.0 92.72 105.73 9.4
95.0 92.70 104.13 9.7
95.0 92.78 92.02 9.2
95.0 92.80 88.76 9.3
95.0 92.77 90.83 9.0
95.0 92.75 92.01 9.1
95.0 92.87 79.70 8.9
95.0 92.88 79.75 8.9
95.0 92.84 87.80 8.7
95.0 92.91 77.68 8.6
95.0 93.15 49.80 8.8
95.0 93.27 46.69 8.2
95.0 93.24 60.91 7.8
95.0 93.00 98.58 7.3
95.0 92.95 96.33 7.8
95.0 93.05 77.56 7.6
95.0 93.09 71.37 8.0
95.0 93.08 76.16 7.8
95.0 92.94 96.13 8.0
95.0 92.94 87.56 8.0
95.0 92.90 91.24 8.0
95.0 93.24 43.61 7.9
95.0 93.36 40.51 7.8
95.0 93.19 76.25 7.5
95.0 93.12 82.33 7.6
95.0 92.93 105.52 7.7
95.0 92.85 106.11 7.6
95.0 92.82 103.19 8.2
95.0 92.88 88.05 8.1
95.0 93.43 14.95 8.3
95.0 93.34 51.33 8.8
95.0 93.31 62.81 8.5
95.0 93.42 54.23 8.3
95.0 93.15 93.83 7.8
95.0 93.28 66.14 8.2
95.0 93.07 95.34 7.9
95.0 93.06 88.27 8.0
95.0 93.10 78.79 8.3
95.0 93.23 58.92 7.5
95.0 93.16 74.81 7.6
95.0 93.14 77.35 7.6
95.0 93.00 95.21 7.5
95.0 93.04 82.76 8.0
95.0 93.17 61.26 7.8
95.0 93.20 66.44 7.1
95.0 93.18 71.18 7.6
95.0 93.21 67.43 7.6
95.0 93.83 -7.20 7.1
95.0 93.75 30.70 8.2
95.0 93.67 50.97 7.6
95.0 93.74 41.70 7.6
95.0 93.54 74.26 7.4
95.0 93.44 79.32 7.6
95.0 93.22 100.42 7.3
95.0 93.38 67.82 7.6
95.0 93.39 66.26 6.6
95.0 93.30 77.33 7.3
95.0 93.32 69.80 7.3
95.0 93.38 59.61 7.8
95.0 93.52 46.01 7.3
95.0 93.56 46.52 6.7
95.0 93.64 42.02 6.5
95.0 93.58 57.41 6.5
95.0 93.56 59.59 6.2
95.0 93.51 65.66 6.3
95.0 93.46 69.02 6.7
95.0 93.69 37.68 6.2
95.0 93.67 47.71 6.5
95.0 93.69 48.00 6.0
95.0 93.71 46.54 5.9
95.0 93.83 34.65 5.7
95.0 93.74 52.38 5.5
95.0 93.71 54.76 5.4
95.0 93.73 51.19 6.0
95.0 93.70 55.34 5.6
95.0 93.77 45.37 5.6
95.0 93.88 31.81 4.8
95.0 93.84 44.58 5.0
95.0 93.84 45.19 5.0
95.0 93.94 31.31 4.7
95.0 93.99 31.60 4.8
95.0 94.03 31.43 5.1
95.0 94.26 3.21 4.5
95.0 94.22 20.88 5.2
95.0 94.19 29.92 4.6
95.0 94.12 41.80 4.3
95.0 94.10 40.99 5.1
95.0 94.08 40.70 4.5
95.0 94.01 47.58 4.5
95.0 93.82 69.22 4.3
95.0 93.92 45.20 4.6
95.0 93.92 43.79 4.8
95.0 94.06 25.39 4.6
95.0 94.05 33.93 4.3
95.0 93.99 43.78 4.5
95.0 93.98 43.68 4.3
95.0 93.88 55.77 4.5
95.0 93.98 38.03 4.5
95.0 94.02 33.47 4.6
95.0 93.96 43.72 4.7
95.0 94.00 38.92 4.6
95.0 93.95 46.54 4.1
95.0 93.90 51.44 4.7
95.0 93.76 65.82 4.1
95.0 93.82 51.74 4.1
95.0 93.83 47.65 4.5
95.0 93.79 51.89 4.3
95.0 93.95 30.39 4.1
95.0 93.94 37.29 4.3
95.0 93.80 58.76 4.2
95.0 93.72 63.86 4.3
95.0 93.60 73.67 4.6
95.0 93.63 61.45 4.7
95.0 93.62 59.93 5.1
95.0 93.69 48.33 4.6
95.0 93.86 29.36 4.7
95.0 93.82 42.60 4.5
95.0 93.78 50.45 4.4
95.0 93.79 47.26 4.6
95.0 93.76 53.99 4.6
95.0 93.77 49.16 5.0
95.0 93.83 41.79 4.5
95.0 93.75 55.21 4.6
95.0 93.63 69.15 5.0
95.0 93.75 46.59 5.0
95.0 93.77 45.50 4.7
95.0 93.83 41.54 4.8
95.0 93.74 55.11 4.5
95.0 93.67 62.38 4.5
95.0 93.60 67.41 4.5
95.0 93.68 52.18 4.8
95.0 93.75 43.99 4.7
95.0 93.76 44.21 4.8
95.0 93.83 39.38 4.7
95.0 93.83 42.68 4.1
95.0 93.94 30.11 4.3
95.0 93.98 31.07 4.6
95.0 94.16 10.12 4.6
95.0 94.09 32.13 4.3
95.0 94.03 42.63 4.6
95.0 94.16 22.34 4.4
95.0 94.18 26.49 4.2
95.0 94.11 39.30 4.1
95.0 94.23 21.79 3.7
95.0 94.15 36.66 3.9
95.0 94.04 51.00 3.9
95.0 93.98 53.03 3.7
95.0 94.06 34.46 4.1
95.0 94.05 38.47 4.0
95.0 94.03 40.58 3.8
95.0 93.93 53.82 3.4
95.0 93.84 60.66 4.1
95.0 93.84 52.04 4.8
95.0 93.80 55.92 4.6
95.0 93.81 49.85 4.5
95.0 94.06 16.23 4.2
95.0 94.14 15.55 4.3
95.0 94.12 28.43 4.1
95.0 94.05 41.12 4.3
95.0 94.04 41.01 5.1
95.0 94.12 30.86 4.5
95.0 93.83 72.24 4.1
95.0 93.84 59.07 4.8
95.0 93.89 44.80 4.5
95.0 93.89 44.90 4.1
95.0 93.90 44.93 4.6
95.0 93.90 43.83 4.5
95.0 93.85 50.46 4.5
95.0 93.86 48.03 4.3
95.0 94.01 26.03 4.3
95.0 94.04 28.52 4.3
95.0 93.98 41.11 4.4
95.0 93.98 43.37 4.5
95.0 94.02 36.16 4.2
95.0 94.20 12.46 3.9
95.0 94.26 15.19 4.1
95.0 94.23 26.84 4.1
95.0 94.19 33.46 3.9
95.0 94.12 42.70 3.7
95.0 94.24 24.87 3.9
95.0 94.16 38.13 3.7
95.0 94.00 57.63 3.5
95.0 93.99 50.52 3.9
95.0 94.08 34.61 4.2
95.0 94.20 19.67 4.1
95.0 94.17 29.42 3.7
95.0 94.10 40.80 3.5
95.0 94.08 42.18 3.8
95.0 94.16 28.42 3.7
95.0 94.18 28.59 3.7
95.0 94.06 46.75 3.5
95.0 94.14 32.21 3.9
95.0 94.07 42.39 3.6
95.0 94.01 47.88 3.6
95.0 94.14 28.44 3.9
95.0 94.16 27.73 3.7
95.0 94.09 40.44 3.5
95.0 94.17 27.49 3.5
95.0 94.14 34.21 3.4
95.0 94.03 49.84 3.5
95.0 93.97 51.85 3.8
95.0 94.06 35.43 3.9
95.0 94.19 20.22 3.8
95.0 94.16 30.46 3.6
95.0 94.18 28.64 3.4
95.0 94.20 27.61 3.4
95.0 94.12 40.57 3.7
95.0 94.10 40.32 3.5
95.0 94.08 41.11 3.5
95.0 94.02 47.73 3.6
95.0 93.83 69.34 3.7
95.0 93.70 75.63 3.9
95.0 93.67 66.65 3.4
95.0 93.47 87.36 4.2
95.0 93.47 73.83 4.8
95.0 93.47 67.08 5.4
95.0 93.47 65.24 4.8
95.0 93.42 70.33 4.9
95.0 93.47 61.14 5.1
95.0 93.56 47.99 5.2
95.0 93.69 36.52 5.0
95.0 93.71 42.26 4.8
95.0 93.87 24.00 4.7
95.0 93.88 34.65 4.6
95.0 93.83 46.03 4.3
95.0 93.75 58.02 4.6
95.0 93.72 57.56 4.6
95.0 93.88 31.60 5.1
95.0 93.88 39.52 4.6
95.0 93.84 47.53 4.1
95.0 94.14 8.24 4.5
95.0 94.16 16.64 4.6
95.0 94.09 35.41 4.1
95.0 94.07 37.94 4.5
95.0 93.92 58.06 4.6
95.0 94.16 19.56 4.8
95.0 94.18 24.15 4.6
95.0 94.02 50.44 4.6
95.0 94.05 39.45 5.1
95.0 94.13 28.62 4.6
95.0 94.16 28.87 4.7
95.0 94.23 21.33 4.5
95.0 94.44 -1.06 4.2
95.0 94.29 30.05 4.0
95.0 94.16 46.68 5.2
95.0 94.14 43.86 4.6
95.0 93.89 72.72 4.6
95.0 93.89 60.00 5.4
95.0 93.89 51.39 4.9
95.0 93.85 54.27 4.9
95.0 93.67 73.60 4.6
95.0 93.65 66.99 5.2
95.0 93.68 57.77 5.0
95.0 93.70 51.52 5.6
95.0 93.67 56.93 5.1
95.0 93.65 57.44 5.2
95.0 93.54 70.24 5.8
95.0 93.62 54.04 5.3
95.0 93.52 69.47 5.3
95.0 93.51 66.08 6.7
95.0 93.46 69.22 5.3
95.0 93.32 84.13 5.5
95.0 93.38 68.75 5.2
95.0 93.43 58.72 5.6
95.0 93.48 55.23 5.8
95.0 93.57 44.95 5.8
95.0 93.56 54.79 5.8
95.0 93.41 75.54 5.4
95.0 93.51 55.50 5.6
95.0 93.55 53.07 5.8
95.0 93.54 57.64 5.7
95.0 93.39 77.74 5.6
95.0 93.35 75.72 5.8
95.0 93.41 66.22 5.6
95.0 93.41 63.62 6.5
95.0 93.42 62.30 6.0
95.0 93.28 80.97 5.8
95.0 93.26 79.52 6.1
95.0 93.23 79.01 6.3
95.0 93.30 64.73 6.5
95.0 93.31 63.53 6.3
95.0 93.37 60.50 6.2
95.0 93.38 60.98 6.2
95.0 93.48 50.59 6.0
95.0 93.25 85.81 5.8
95.0 93.27 76.17 6.7
95.0 93.11 94.70 6.5
95.0 93.15 79.59 6.6
95.0 93.18 75.85 6.2
95.0 93.16 76.04 6.8
95.0 93.05 89.74 6.9
95.0 93.09 77.45 6.8
95.0 93.13 73.19 7.3
95.0 92.94 99.97 6.8
95.0 92.94 89.48 7.1
95.0 92.64 126.07 7.1
95.0 92.59 120.60 7.8
95.0 92.63 104.43 8.2
95.0 92.80 81.03 8.2
95.0 92.73 94.82 7.9
95.0 92.95 65.98 8.8
95.0 92.91 78.59 7.6
95.0 93.10 56.61 7.8
95.0 93.09 68.69 7.7
95.0 93.08 72.96 7.4
95.0 93.30 46.17 7.8
95.0 93.32 54.20 7.4
95.0 93.29 67.40 6.9
95.0 93.04 101.17 7.2
95.0 93.03 93.37 7.3
95.0 93.22 60.08 7.5
95.0 93.06 87.09 7.3
95.0 93.10 78.23 7.3
95.0 93.32 45.52 7.9
95.0 93.20 74.35 7.1
95.0 93.22 68.90 7.1
95.0 93.07 90.52 7.4
95.0 92.97 97.63 7.1
95.0 92.97 90.15 7.6
95.0 92.93 92.31 8.9
95.0 92.89 91.85 7.7
95.0 92.95 79.44 7.8
95.0 93.00 77.53 7.6
95.0 92.95 84.08 7.6
95.0 93.05 71.44 7.8
95.0 93.00 80.74 7.8
95.0 93.00 83.52 7.4
95.0 92.91 93.15 7.6
95.0 92.96 80.00 7.6
95.0 92.83 98.92 7.7
95.0 92.85 91.83 7.8
95.0 92.77 99.91 7.7
95.0 92.79 90.41 8.1
95.0 92.55 122.16 8.1
95.0 92.55 113.84 7.0
95.0 92.55 107.25 8.5
95.0 92.59 100.71 8.7
95.0 92.68 91.28 8.8
95.0 92.62 100.86 9.0
95.0 92.40 128.65 8.7
95.0 92.41 121.12 9.0
95.0 92.70 75.14 9.1
95.0 93.12 25.80 8.4
95.0 93.06 59.08 8.8
95.0 93.05 70.23 8.7
95.0 93.05 75.86 8.7
95.0 93.04 76.79 8.5
95.0 93.22 51.75 8.6
95.0 93.20 67.04 8.2
95.0 93.13 77.66 8.0
95.0 93.03 90.72 7.7
95.0 92.94 96.56 8.2
95.0 92.90 97.65 8.2
95.0 93.00 75.97 8.4
95.0 93.00 77.12 8.2
95.0 92.95 87.40 8.0
95.0 93.00 76.86 7.7
95.0 93.28 42.24 8.2
95.0 93.21 64.77 7.8
95.0 92.97 100.76 7.6
95.0 92.93 99.47 8.1
95.0 92.98 83.04 8.3
95.0 92.93 88.72 8.0
95.0 92.85 97.71 8.2
95.0 92.86 91.07 8.0
95.0 92.88 85.45 7.8
95.0 92.89 82.56 8.2
95.0 92.81 96.69 8.0
95.0 92.69 106.81 8.2
95.0 92.72 99.22 9.0
95.0 92.71 98.67 8.4
95.0 92.83 77.58 8.4
95.0 92.84 81.18 8.4
95.0 92.81 86.79 8.2
95.0 92.79 93.86 8.4
95.0 92.90 74.71 8.1
95.0 92.86 83.24 8.2
95.0 92.70 106.93 8.1
95.0 92.68 104.94 8.6
95.0 92.62 109.70 8.9
95.0 92.75 86.65 8.8
95.0 92.73 92.17 8.6
95.0 92.85 77.10 8.8
95.0 92.82 84.71 8.9
95.0 92.79 90.72 8.2
95.0 92.77 93.93 9.0
95.0 92.79 89.80 8.7
95.0 92.90 72.67 8.1
95.0 93.05 59.94 8.3
95.0 93.13 58.66 7.6
95.0 92.90 97.68 8.0
95.0 92.65 125.00 8.0
95.0 92.64 112.11 8.4
95.0 92.67 104.87 8.4
95.0 92.40 135.73 8.6
95.0 92.46 116.25 9.0
95.0 92.47 111.68 9.1
95.0 92.57 94.86 9.3
95.0 92.56 97.64 9.6
95.0 92.56 96.63 9.1
95.0 92.79 71.69 9.3
95.0 92.77 82.34 8.8
95.0 92.74 87.81 8.8
95.0 92.77 86.91 9.3
95.0 92.66 103.77 8.7
95.0 92.43 131.08 8.9
95.0 92.40 122.59 9.1
95.0 92.46 112.59 9.1
95.0 92.38 118.90 9.6
95.0 92.26 130.39 9.6
95.0 92.29 117.65 10.1
95.0 92.32 116.72 9.9
95.0 92.34 113.21 9.8
95.0 92.49 90.51 9.8
95.0 92.59 87.06 9.7
95.0 92.82 59.49 9.3
95.0 92.83 72.22 9.3
95.0 92.94 63.61 9.2
95.0 92.86 85.11 8.8
95.0 92.74 102.23 8.8
95.0 92.81 88.17 8.3
95.0 92.83 86.61 8.9
95.0 92.84 85.70 8.7
95.0 92.77 95.13 8.7
95.0 92.70 102.13 8.6
95.0 92.73 94.38 8.6
95.0 92.71 98.38 8.7
95.0 92.65 102.23 8.8
95.0 92.64 103.01 8.9
95.0 92.46 125.53 9.5
95.0 92.29 136.67 9.3
95.0 92.18 140.04 9.5
95.0 92.55 79.83 9.7
95.0 92.88 51.09 9.4
95.0 92.75 83.63 8.9
95.0 92.69 96.48 9.2
95.0 92.72 89.17 9.1
95.0 92.75 87.77 8.9
95.0 92.68 98.61 8.5
95.0 92.80 77.69 8.8
95.0 92.78 89.39 8.8
95.0 93.03 52.95 8.5
95.0 93.07 59.16 8.7
95.0 93.02 76.07 8.4
95.0 92.97 84.91 8.0
95.0 92.84 101.27 8.0
95.0 92.81 98.83 8.2
95.0 92.79 97.83 8.4
95.0 92.76 97.53 8.4
95.0 92.92 70.26 8.3
95.0 92.84 88.57 8.1
95.0 92.86 84.34 8.4
95.0 92.74 103.42 8.2
95.0 92.72 100.69 8.4
95.0 92.70 101.66 8.6
95.0 92.77 90.83 8.5
95.0 92.80 85.85 8.6
95.0 92.95 67.31 8.9
95.0 93.00 66.80 8.0
95.0 92.87 93.35 8.2
95.0 92.88 86.56 8.2
95.0 92.89 83.10 8.2
95.0 93.29 32.98 7.6
95.0 93.26 55.52 8.0
95.0 93.27 61.01 7.9
95.0 93.29 61.79 7.7
95.0 93.00 104.19 7.7
95.0 92.96 100.90 7.8
95.0 93.00 85.91 8.2
95.0 93.24 53.19 7.3
95.0 93.21 65.97 7.4
95.0 93.06 90.05 7.8
95.0 93.05 83.82 7.7
95.0 93.04 80.74 7.8
95.0 93.04 83.09 7.6
95.0 93.13 67.86 7.6
95.0 93.20 62.05 7.6
95.0 93.52 23.28 7.3
95.0 93.42 55.90 7.4
95.0 93.42 58.41 6.8
95.0 93.33 72.05 7.2
95.0 93.25 80.61 6.9
95.0 93.23 79.56 7.3
95.0 93.11 90.98 7.6
95.0 93.10 83.95 7.4
95.0 93.09 82.35 7.4
95.0 93.13 75.63 7.3
95.0 93.16 69.96 7.6
95.0 93.19 68.94 7.2
95.0 93.35 49.71 6.9
95.0 93.27 69.29 7.3
95.0 93.07 96.35 7.3
95.0 93.15 74.32 7.2
95.0 93.57 23.80 8.4
95.0 93.56 41.48 7.3
95.0 93.37 75.26 7.1
95.0 93.33 74.62 7.0
95.0 93.34 70.01 7.3
95.0 93.22 85.36 7.4
95.0 93.48 41.68 7.4
95.0 93.43 59.73 7.3
95.0 93.48 53.92 7.3
95.0 93.47 57.08 7.8
95.0 93.47 60.18 7.1
95.0 93.56 49.50 6.9
95.0 93.60 49.67 6.9
95.0 93.63 47.92 6.5
95.0 93.56 60.48 6.3
95.0 93.55 61.22 6.7
95.0 93.54 60.29 6.2
95.0 93.58 55.22 6.2
95.0 93.80 24.52 6.0
95.0 93.72 48.29 6.4
95.0 93.60 65.26 6.1
95.0 93.88 22.57 6.8
95.0 93.93 29.11 6.6
95.0 93.83 48.32 6.3
95.0 93.89 40.93 6.1
95.0 93.84 48.21 6.1
95.0 93.94 36.19 6.0
95.0 94.18 6.07 5.6
95.0 94.15 22.10 6.3
95.0 94.08 37.71 5.1
95.0 94.11 33.78 5.4
95.0 94.24 18.99 5.5
95.0 94.35 9.33 5.4
95.0 94.12 49.02 5.0
95.0 94.05 51.97 5.0
95.0 93.99 52.77 5.3
95.0 93.89 60.23 5.2
95.0 93.76 70.24 5.0
95.0 93.64 76.60 5.3
95.0 93.62 68.76 5.5
95.0 93.46 82.18 5.5
95.0 93.65 50.39 5.4
95.0 93.72 41.54 5.1
95.0 93.74 44.50 5.4
95.0 93.71 50.83 5.2
95.0 93.88 30.45 4.9
95.0 94.02 19.07 5.0
95.0 93.92 42.75 4.9
95.0 93.83 55.76 4.3
95.0 93.79 56.95 4.8
95.0 93.85 44.03 5.1
95.0 93.85 44.85 5.0
95.0 93.86 44.03 4.8
95.0 93.86 45.93 4.6
95.0 93.87 44.51 4.1
95.0 93.92 37.35 4.8
95.0 93.78 59.38 4.6
95.0 93.70 64.30 4.3
95.0 93.82 43.62 4.9
95.0 94.07 10.52 4.8
95.0 94.01 33.19 4.7
95.0 94.00 37.32 4.8
95.0 94.08 26.49 4.8
95.0 94.11 28.19 4.8
95.0 94.14 28.82 4.6
95.0 93.93 58.93 4.4
95.0 93.98 44.18 5.2
95.0 93.97 42.97 4.9
95.0 93.92 50.26 4.5
95.0 93.96 39.93 4.5
95.0 94.05 29.51 4.6
95.0 94.13 23.64 4.2
95.0 94.06 38.63 4.3
95.0 94.10 33.27 4.6
95.0 94.17 23.89 4.0
95.0 94.10 38.95 4.0
95.0 94.08 39.66 3.9
95.0 94.06 40.95 3.4
95.0 94.09 34.44 4.1
95.0 93.89 62.06 3.7
95.0 93.59 94.37 4.1
95.0 93.81 44.06 4.4
95.0 93.82 45.14 4.8
95.0 93.83 45.60 5.0
95.0 93.84 45.77 4.8
95.0 93.84 44.59 4.6
95.0 93.80 51.23 4.5
95.0 93.91 36.34 5.0
95.0 93.91 39.45 4.6
95.0 93.91 42.10 4.5
95.0 94.05 24.65 5.2
95.0 94.18 13.22 4.4
95.0 94.11 33.08 4.0
95.0 94.04 43.02 4.1
95.0 93.98 49.67 4.1
95.0 93.97 45.70 4.3
95.0 94.01 37.33 4.4
95.0 94.00 40.27 3.8
95.0 94.09 29.39 4.1
95.0 94.16 23.33 4.3
95.0 94.28 11.90 3.8
95.0 94.20 31.67 3.5
95.0 94.17 36.09 3.2
95.0 94.14 37.82 3.7
95.0 93.89 69.15 3.9
95.0 93.94 50.88 4.4
95.0 93.94 47.57 4.0
95.0 93.80 63.64 4.0
95.0 93.91 40.78 4.1
95.0 93.86 49.75 4.1
95.0 93.86 46.45 4.0
95.0 94.06 20.70 4.3
95.0 94.19 11.19 4.3
95.0 94.02 43.93 4.0
95.0 93.97 48.92 3.6
95.0 93.91 51.76 4.3
95.0 93.96 42.05 4.4
95.0 94.00 36.86 4.3
95.0 94.04 33.96 3.9
95.0 94.12 24.56 4.0
95.0 94.10 33.10 4.0
95.0 94.13 31.36 3.4
95.0 94.06 42.04 3.9
95.0 94.04 42.30 3.7
95.0 94.03 42.53 3.9
95.0 94.26 10.98 4.3
95.0 94.32 11.80 3.9
95.0 94.47 -1.47 3.7
95.0 94.51 5.82 4.3
95.0 94.45 20.62 3.7
95.0 94.35 34.81 4.1
95.0 94.17 54.90 3.7
95.0 94.14 47.93 3.7
95.0 94.03 56.71 3.8
95.0 94.01 48.96 4.1
95.0 93.91 58.65 4.2
95.0 93.82 63.18 4.5
95.0 93.83 53.39 4.4
95.0 93.88 43.49 4.5
95.0 93.84 50.39 4.3
95.0 93.85 48.08 4.5
95.0 93.81 52.02 4.4
95.0 94.16 3.97 4.6
95.0 94.13 21.82 4.6
95.0 94.25 11.32 5.3
95.0 94.27 19.33 4.5
95.0 94.18 35.21 4.5
95.0 94.16 38.64 4.4
95.0 94.13 39.17 4.2
95.0 94.06 45.91 4.4
95.0 94.05 44.19 4.3
95.0 93.94 55.53 4.3
95.0 93.85 61.97 4.5
95.0 93.90 46.20 4.3
95.0 93.90 45.54 4.1
95.0 93.90 45.20 4.5
95.0 93.77 62.67 4.5
95.0 93.78 54.76 4.6
95.0 93.94 31.93 4.5
95.0 93.75 61.97 4.5
95.0 93.77 53.18 4.5
95.0 93.74 55.03 4.8
95.0 93.62 69.84 4.5
95.0 93.55 70.48 4.8
95.0 93.50 72.30 5.0
95.0 93.54 59.82 5.2
95.0 93.62 48.84 5.2
95.0 93.70 42.73 5.1
95.0 93.77 37.44 5.0
95.0 93.78 43.45 5.0
95.0 93.75 50.09 4.8
95.0 93.76 48.61 4.8
95.0 93.73 52.77 4.8
95.0 93.70 56.15 4.9
95.0 93.68 58.05 5.2
95.0 93.65 57.99 5.1
95.0 93.63 59.32 5.0
95.0 93.85 28.84 5.1
95.0 93.77 48.61 5.0
95.0 93.73 53.81 4.7
95.0 93.71 55.54 5.3
95.0 93.63 64.66 4.9
95.0 93.62 61.54 5.3
95.0 93.64 53.76 5.4
95.0 93.62 58.53 5.2
95.0 93.89 19.09 5.5
95.0 93.94 25.86 5.4
95.0 94.03 21.07 5.4
95.0 93.84 55.85 5.5
95.0 93.67 74.43 5.2
95.0 93.64 66.24 5.4
95.0 93.58 69.52 5.8
95.0 93.57 65.64 5.7
95.0 93.51 69.79 5.7
95.0 93.55 58.50 5.7
95.0 93.54 58.96 5.1
95.0 93.48 67.85 5.7
95.0 93.53 57.68 5.6
95.0 93.56 54.03 5.8
95.0 93.55 56.63 5.7
95.0 93.50 66.56 5.4
95.0 93.45 69.54 5.3
95.0 93.49 58.74 5.7
95.0 93.44 68.15 5.8
95.0 93.49 58.06 5.8
95.0 93.48 60.57 5.8
95.0 93.39 72.78 6.0
95.0 93.54 50.15 5.8
95.0 93.53 56.26 6.0
95.0 93.43 70.37 5.8
95.0 93.67 35.86 5.3
95.0 93.60 54.15 5.5
95.0 93.63 51.72 6.1
95.0 93.57 61.33 6.3
95.0 93.46 72.68 5.6
95.0 93.42 75.36 6.1
95.0 93.47 61.81 6.0
95.0 93.37 74.52 5.9
95.0 93.38 69.64 6.1
95.0 93.58 39.59 5.7
95.0 93.61 44.61 6.0
95.0 93.46 70.15 5.2
95.0 93.24 96.47 6.2
95.0 93.17 92.16 6.1
95.0 93.06 96.49 6.7
95.0 93.01 94.84 6.5
95.0 93.01 88.49 6.7
95.0 93.29 48.02 7.0
95.0 93.35 48.89 6.5
95.0 93.27 68.91 6.3
95.0 93.24 73.61 6.3
95.0 92.96 110.29 6.7
95.0 92.91 104.35 6.9
95.0 93.01 84.42 7.3
95.0 93.01 83.23 7.5
95.0 92.96 86.84 7.4
95.0 92.92 88.92 7.3
95.0 92.97 82.49 7.7
95.0 92.98 80.52 7.4
95.0 92.84 99.06 7.8
95.0 92.73 107.79 7.4
95.0 92.62 118.11 7.5
95.0 92.61 108.88 8.2
95.0 92.70 92.42 8.3
95.0 92.82 80.38 8.0
95.0 93.07 48.23 8.0
95.0 93.06 64.73 7.7
95.0 93.05 71.14 7.5
95.0 93.05 78.22 7.7
95.0 93.13 65.38 7.6
95.0 93.31 45.51 7.6
95.0 93.23 67.55 7.1
95.0 93.12 84.96 7.1
95.0 93.49 32.26 6.5
95.0 93.48 46.19 7.3
95.0 93.48 53.18 7.1
95.0 93.43 65.48 7.1
95.0 93.62 37.23 6.9
95.0 93.47 66.93 6.8
95.0 93.42 71.15 7.1
95.0 93.20 96.79 6.9
95.0 93.23 80.11 7.1
95.0 93.25 71.62 7.6
95.0 93.13 88.05 7.0
95.0 93.12 82.38 7.1
95.0 93.24 63.20 7.3
95.0 93.26 63.06 7.2
95.0 93.19 76.62 7.1
95.0 93.08 89.77 7.1
95.0 93.03 89.69 7.3
95.0 93.12 73.68 7.5
95.0 93.15 71.11 7.4
95.0 92.83 115.26 7.4
95.0 92.71 119.09 7.4
95.0 92.70 110.88 7.9
95.0 92.87 83.65 8.1
95.0 92.88 81.74 8.2
95.0 92.89 82.89 7.8
95.0 92.56 128.55 8.1
95.0 92.60 108.66 8.3
95.0 92.55 112.29 8.4
95.0 92.55 106.49 8.6
95.0 92.55 108.49 8.8
95.0 92.42 121.86 8.7
95.0 92.43 114.90 9.3
95.0 92.48 105.61 9.1
95.0 92.49 106.16 9.1
95.0 92.59 91.95 9.3
95.0 92.63 87.50 9.1
95.0 92.66 90.16 8.6
95.0 92.52 110.31 9.1
95.0 92.57 102.51 9.1
95.0 92.99 45.07 9.7
95.0 92.90 77.03 9.1
95.0 92.82 90.44 9.2
95.0 92.84 85.37 9.1
95.0 92.81 92.92 9.1
95.0 92.69 104.92 9.1
95.0 92.91 74.67 8.9
95.0 92.92 76.98 8.8
95.0 92.88 86.12 8.8
95.0 92.85 90.97 8.8
95.0 92.86 85.50 8.8
95.0 93.16 47.59 8.8
95.0 93.01 81.26 8.3
95.0 93.01 81.69 8.2
95.0 93.14 60.93 8.8
95.0 93.04 81.00 8.1
95.0 93.03 83.28 8.1
95.0 93.08 74.32 8.2
95.0 92.93 95.23 8.1
95.0 92.89 95.14 8.1
95.0 92.86 93.47 8.4
95.0 92.87 88.89 8.8
95.0 92.88 84.31 8.4
95.0 92.89 86.29 8.1
95.0 92.82 95.12 8.0
95.0 92.74 101.79 8.2
95.0 92.81 87.90 8.0
95.0 92.74 98.19 8.4
95.0 92.77 92.11 8.4
95.0 92.88 73.94 8.4
95.0 92.80 90.71 8.4
95.0 92.78 93.84 7.8
95.0 92.89 74.75 8.7
95.0 92.81 91.05 8.1
95.0 92.83 88.04 8.2
95.0 92.84 86.40 8.2
95.0 92.77 95.46 8.1
95.0 92.93 69.18 7.8
95.0 92.68 111.37 8.3
95.0 92.66 105.10 8.2
95.0 92.65 104.34 8.5
95.0 92.60 107.60 8.6
95.0 92.63 103.06 8.8
95.0 92.72 89.34 8.8
95.0 92.79 81.88 8.6
95.0 92.90 71.53 8.4
95.0 92.91 75.47 8.4
95.0 92.92 79.52 8.4
95.0 93.11 53.83 8.1
95.0 93.10 69.05 7.6
95.0 93.04 79.24 7.7
95.0 92.99 84.66 8.0
95.0 92.90 95.25 7.8
95.0 92.96 83.45 7.9
95.0 92.92 89.07 7.8
95.0 92.88 90.31 7.8
95.0 92.80 97.22 8.2
95.0 92.77 99.18 8.1
95.0 92.75 96.18 8.3
95.0 92.78 91.04 8.0
95.0 92.89 76.21 8.1
95.0 92.85 85.96 7.8
95.0 92.87 82.95 8.0
95.0 92.88 81.37 8.2
95.0 92.85 90.56 8.0
95.0 92.95 72.71 7.8
95.0 93.00 71.83 8.1
95.0 93.05 68.79 7.9
95.0 92.95 86.92 7.4
95.0 92.91 90.85 7.7
95.0 92.96 78.82 8.0
95.0 92.88 92.54 7.6
95.0 92.89 88.29 7.7
95.0 92.90 86.09 7.9
95.0 93.09 57.22 8.4
95.0 92.99 80.79 8.0
95.0 92.91 93.30 7.6
95.0 92.87 92.49 7.2
95.0 92.97 76.26 7.4
95.0 92.93 85.36 7.8
95.0 92.72 112.21 7.7
95.0 92.74 101.72 8.0
95.0 92.77 93.86 8.1
95.0 92.75 97.78 8.1
95.0 92.73 95.65 8.2
95.0 92.75 90.96 8.2
95.0 92.73 92.20 8.5
95.0 92.76 89.20 8.4
95.0 92.78 87.50 7.9
95.0 92.76 90.31 8.1
95.0 92.83 84.65 8.0
95.0 92.80 88.62 8.2
95.0 92.82 84.61 8.4
95.0 92.83 84.78 8.4
95.0 92.76 96.48 8.2
95.0 93.02 60.27 8.6
95.0 93.02 69.16 8.0
95.0 93.15 57.35 7.8
95.0 93.42 31.38 7.6
95.0 93.33 58.56 7.2
95.0 93.44 49.73 6.9
95.0 93.26 79.71 6.9
95.0 93.23 80.69 7.1
95.0 93.16 84.30 7.1
95.0 93.24 67.75 6.8
95.0 93.30 63.27 7.4
95.0 93.18 81.24 7.1
95.0 93.30 62.15 6.7
95.0 93.14 86.69 6.9
95.0 93.22 73.61 7.1
95.0 93.06 92.92 7.1
95.0 92.92 103.48 7.2
95.0 92.93 95.56 7.8
95.0 92.80 106.94 7.6
95.0 92.82 98.35 7.8
95.0 92.75 101.58 7.7
95.0 92.77 93.77 8.0
95.0 92.66 108.87 7.9
95.0 92.69 98.05 8.1
95.0 92.82 80.32 7.6
95.0 93.02 58.13 8.5
95.0 93.02 70.05 7.3
95.0 92.75 109.82 7.6
95.0 92.82 91.85 7.8
95.0 92.88 84.84 8.2
95.0 92.90 82.21 7.9
95.0 92.90 83.00 7.8
95.0 93.15 49.03 8.1
95.0 92.96 88.65 7.7
95.0 92.91 89.87 7.8
95.0 93.01 71.97 8.2
95.0 93.01 78.98 7.9
95.0 93.15 59.54 7.7
95.0 93.27 51.56 7.0
95.0 93.38 44.33 7.1
95.0 93.48 42.24 6.9
95.0 93.43 58.71 6.9
95.0 93.39 65.98 6.5
95.0 93.39 65.27 6.9
95.0 93.49 52.62 6.5
95.0 93.53 50.01 6.5
95.0 93.62 43.96 6.3
95.0 93.51 63.70 6.3
95.0 93.69 40.74 6.0
95.0 93.76 36.48 5.9
95.0 93.47 82.56 5.4
95.0 93.70 38.84 6.1
95.0 93.72 43.32 6.1
95.0 93.74 45.41 5.8
95.0 93.71 51.30 5.8
95.0 93.73 50.86 5.4
95.0 93.66 60.33 5.1
95.0 93.64 59.24 5.7
95.0 93.57 66.08 5.9
95.0 93.42 81.71 5.7
95.0 93.43 72.87 5.9
95.0 93.43 66.85 5.8
95.0 93.57 46.90 5.9
95.0 93.56 54.39 5.8
95.0 93.55 56.84 5.8
95.0 93.40 77.28 6.0
95.0 93.45 62.85 5.8
95.0 93.45 64.77 6.0
95.0 93.50 56.31 6.2
95.0 93.59 45.39 5.6
95.0 93.57 54.87 5.6
95.0 93.56 57.01 5.4
95.0 93.64 47.28 5.6
95.0 93.58 59.06 5.6
95.0 93.66 49.99 5.6
95.0 93.64 54.08 5.4
95.0 93.71 43.48 5.7
95.0 93.78 39.41 5.4
95.0 93.61 66.88 4.5
95.0 93.59 64.10 5.3
95.0 93.62 55.17 5.7
95.0 93.56 63.10 5.4
95.0 93.50 69.73 5.6
95.0 93.23 101.07 5.6
95.0 93.49 55.67 6.1
95.0 93.78 21.50 6.5
95.0 93.65 51.55 5.8
95.0 93.59 62.11 5.7
95.0 93.67 47.78 6.1
95.0 93.60 61.14 5.8
95.0 93.45 78.48 5.8
95.0 93.45 71.08 6.1
95.0 93.45 65.83 6.0
95.0 93.45 64.76 6.5
95.0 93.40 70.22 5.5
95.0 93.36 71.91 6.0
95.0 93.76 17.19 6.1
95.0 93.77 32.08 6.5
95.0 93.74 44.44 6.5
95.0 93.80 39.66 6.2
95.0 93.81 42.97 6.0
95.0 93.73 56.63 5.8
95.0 93.61 69.37 6.2
95.0 93.64 59.23 6.2
95.0 93.67 53.94 6.5
95.0 93.47 80.46 5.8
95.0 93.56 59.67 5.8
95.0 93.64 46.71 5.9
95.0 93.62 55.04 5.8
95.0 93.65 50.47 5.8
95.0 93.68 48.02 5.4
95.0 93.94 16.33 5.5
95.0 93.98 24.14 5.6
95.0 93.98 33.89 5.6
95.0 93.88 50.42 5.4
95.0 93.93 43.01 5.4
95.0 93.93 42.68 5.6
95.0 94.02 29.57 5.3
95.0 94.05 30.19 5.0
95.0 93.95 48.48 5.0
95.0 93.99 40.16 4.8
95.0 93.98 40.89 4.8
95.0 94.12 21.73 4.6
95.0 94.24 14.40 4.5
95.0 94.16 32.91 3.8
95.0 94.23 24.56 3.9
95.0 94.06 50.45 3.8
95.0 94.09 40.32 4.0
95.0 94.17 28.76 4.6
95.0 94.24 21.22 4.1
95.0 94.40 5.35 3.7
95.0 94.39 14.72 3.9
95.0 94.39 20.01 3.5
95.0 94.34 28.49 3.7
95.0 94.39 21.00 3.5
95.0 94.44 16.89 3.7
95.0 94.39 26.65 3.3
95.0 94.29 38.27 3.1
95.0 94.16 50.77 3.3
95.0 94.09 51.54 3.3
95.0 94.36 8.39 3.7
95.0 94.14 48.47 3.7
95.0 94.12 45.68 4.6
95.0 94.09 42.93 4.3
95.0 94.17 28.73 4.1
95.0 94.19 28.65 3.7
95.0 94.21 28.46 4.1
95.0 94.23 28.23 3.7
95.0 94.15 39.90 3.7
95.0 94.27 23.22 3.9
95.0 94.05 55.65 3.7
95.0 93.94 60.88 4.4
95.0 93.94 52.56 4.1
95.0 94.44 -17.65 3.8
95.0 94.39 9.96 4.2
95.0 94.43 9.64 4.6
95.0 94.43 16.12 4.6
95.0 94.33 32.81 4.1
95.0 94.38 22.31 4.0
95.0 94.38 23.89 4.0
95.0 94.20 49.24 4.1
95.0 94.17 45.55 4.2
95.0 94.24 29.61 4.3
95.0 94.20 34.19 4.3
95.0 94.27 24.88 3.9
95.0 94.28 26.01 3.8
95.0 94.29 26.49 3.7
95.0 94.49 -0.77 3.2
95.0 94.48 11.54 3.7
95.0 94.47 17.78 3.6
95.0 94.46 20.49 3.7
95.0 94.31 40.65 3.8
95.0 94.27 39.72 3.5
95.0 94.33 26.09 3.9
95.0 94.29 32.32 3.5
95.0 94.39 15.68 3.7
95.0 93.95 76.97 3.5
95.0 94.04 46.58 4.6
95.0 94.07 38.52 4.5
95.0 93.97 52.17 3.9
95.0 94.01 41.87 4.1
95.0 94.00 42.59 4.2
95.0 93.99 42.06 4.1
95.0 94.03 37.85 4.0
95.0 94.06 33.10 3.9
95.0 94.19 17.38 4.1
95.0 93.94 58.58 3.7
95.0 93.98 45.29 3.6
95.0 93.79 68.32 3.9
95.0 93.85 49.69 4.2
95.0 93.86 47.64 4.3
95.0 93.77 58.66 4.2
95.0 93.83 44.99 4.5
95.0 93.75 57.52 4.5
95.0 93.58 75.81 5.0
95.0 93.66 58.31 4.6
95.0 93.59 64.46 5.0
95.0 93.67 48.90 4.6
95.0 93.70 50.00 4.7
95.0 93.81 34.57 4.8
95.0 93.64 64.19 4.6
95.0 93.71 48.51 4.8
95.0 93.69 54.14 4.7
95.0 93.76 44.90 4.7
95.0 93.77 44.62 4.7
95.0 93.79 45.69 4.9
95.0 93.71 58.21 4.5
95.0 93.77 46.80 4.8
95.0 93.88 32.52 4.3
95.0 93.93 31.28 4.6
95.0 93.93 38.92 4.2
95.0 93.88 46.97 4.4
95.0 93.93 39.90 4.3
95.0 93.93 41.12 4.6
95.0 93.88 48.88 4.3
95.0 93.93 40.86 4.4
95.0 93.88 47.93 4.3
95.0 93.84 53.54 4.3
95.0 94.29 -13.00 4.5
95.0 94.21 19.44 4.5
95.0 94.04 48.02 4.6
95.0 94.07 39.24 5.1
95.0 94.56 -25.29 5.5
95.0 94.45 11.03 5.5
95.0 94.39 23.93 5.4
95.0 94.30 36.85 5.6
95.0 94.17 50.03 5.6
95.0 94.10 51.56 5.2
95.0 94.08 46.78 5.2
95.0 94.01 50.60 5.2
95.0 93.96 52.31 5.4
95.0 94.05 35.74 5.5
95.0 94.08 33.06 5.3
95.0 93.84 67.65 4.9
95.0 93.85 56.72 5.1
95.0 93.85 50.01 5.1
95.0 93.95 37.01 5.3
95.0 93.95 39.54 5.1
95.0 93.90 47.17 5.4
95.0 93.50 97.90 4.8
95.0 93.45 86.37 4.6
95.0 93.69 43.68 5.3
95.0 93.62 56.98 5.4
95.0 93.65 52.98 5.4
95.0 93.72 44.60 5.6
95.0 93.74 44.67 4.8
95.0 93.95 20.72 5.0
95.0 93.81 50.43 4.8
95.0 93.82 48.33 4.8
95.0 93.78 52.31 4.9
95.0 93.84 41.75 4.8
95.0 93.76 56.58 5.1
95.0 93.72 56.80 4.9
95.0 93.70 58.21 5.2
95.0 93.67 57.95 5.7
95.0 93.84 36.45 5.1
95.0 93.71 58.67 4.9
95.0 93.97 18.68 4.3
95.0 93.92 37.35 5.2
95.0 93.87 47.07 5.4
95.0 93.87 46.19 5.2
95.0 93.83 50.92 5.0
95.0 93.75 60.48 5.2
95.0 93.76 53.80 5.4
95.0 93.73 55.37 5.2
95.0 93.66 63.44 5.4
95.0 93.68 55.94 5.8
95.0 93.75 44.13 5.5
95.0 93.72 51.67 5.2
95.0 93.93 21.92 5.2
95.0 93.84 45.86 5.3
95.0 93.71 63.37 5.4
95.0 93.55 79.36 5.2
95.0 93.77 36.77 5.8
95.0 93.70 53.82 5.5
95.0 93.81 38.42 6.1
95.0 93.68 59.80 5.5
95.0 93.66 61.20 5.6
95.0 93.98 13.29 5.8
95.0 93.92 33.87 5.8
95.0 93.83 51.27 6.0
95.0 93.61 78.16 6.3
95.0 93.55 75.70 6.0
95.0 93.54 67.53 6.1
95.0 93.58 58.84 6.1
95.0 93.47 72.21 6.0
95.0 93.52 59.91 6.1
95.0 93.51 61.28 6.5
95.0 93.55 54.23 6.2
95.0 93.49 65.38 6.0
95.0 93.54 56.37 6.2
95.0 93.53 57.97 6.0
95.0 93.47 67.45 5.8
95.0 93.52 57.53 5.5
95.0 93.51 60.10 6.3
95.0 93.50 59.98 5.7
95.0 93.64 42.92 6.0
95.0 93.53 63.81 5.8
95.0 93.57 55.39 5.8
95.0 93.55 58.66 6.1
95.0 93.45 72.30 5.8
95.0 93.41 73.94 5.8
95.0 93.32 79.91 5.9
95.0 93.29 77.23 6.3
95.0 93.35 67.56 6.4
95.0 93.18 89.12 6.0
95.0 93.21 78.36 6.7
95.0 93.19 77.11 6.4
95.0 93.12 84.23 6.9
95.0 93.11 82.35 6.7
95.0 93.14 73.43 6.7
95.0 93.13 78.58 6.9
95.0 93.11 77.68 6.9
95.0 93.15 73.14 6.8
95.0 93.13 74.85 6.7
95.0 93.12 77.59 6.8
95.0 93.15 73.06 6.9
95.0 93.32 49.26 6.4
95.0 93.38 51.33 6.9
95.0 93.48 45.76 6.4
95.0 93.57 40.23 6.4
95.0 93.51 57.06 6.0
95.0 93.50 58.46 6.1
95.0 93.36 79.21 5.6
95.0 93.42 64.04 6.3
95.0 93.42 62.48 6.1
95.0 93.42 64.87 6.4
95.0 93.29 81.35 6.1
95.0 93.04 108.45 6.5
95.0 93.04 95.04 6.4
95.0 93.12 78.68 7.1
95.0 93.16 71.50 6.9
95.0 93.19 67.72 7.1
95.0 92.91 107.94 6.8
95.0 92.91 97.92 7.4
95.0 92.92 90.72 7.0
95.0 92.97 78.69 7.6
95.0 92.93 86.57 7.3
95.0 93.12 60.41 7.4
95.0 93.06 74.79 7.3
95.0 93.06 78.04 7.3
95.0 93.05 79.72 7.6
95.0 93.04 80.61 7.0
95.0 92.99 85.34 7.3
95.0 93.23 49.68 7.6
95.0 93.20 65.94 7.4
95.0 93.14 77.07 7.3
95.0 93.12 78.64 7.1
95.0 93.07 83.90 7.6
95.0 92.92 101.35 6.9
95.0 92.93 92.35 7.4
95.0 93.03 73.11 7.4
95.0 93.12 65.39 7.4
95.0 93.06 78.87 7.3
95.0 93.05 80.12 7.5
95.0 93.14 66.30 7.6
95.0 93.17 67.26 7.1
95.0 93.11 79.43 7.3
95.0 93.14 71.98 7.3
95.0 93.04 87.83 7.4
95.0 92.99 90.68 7.3
95.0 93.03 78.30 7.5
95.0 92.98 85.95 7.4
95.0 92.89 94.44 7.1
95.0 93.04 73.69 7.5
95.0 93.04 75.72 7.7
95.0 92.94 90.45 7.7
95.0 92.82 102.91 7.6
95.0 92.83 96.20 7.9
95.0 92.80 96.36 7.3
95.0 92.78 94.61 7.9
95.0 92.75 98.08 7.8
95.0 92.73 95.75 8.2
95.0 92.67 100.79 8.5
95.0 92.70 96.43 8.0
95.0 92.78 85.53 8.4
95.0 92.80 85.53 8.4
95.0 92.82 83.07 8.3
95.0 92.93 71.92 8.7
95.0 92.80 95.13 9.1
95.0 92.77 94.01 7.8
95.0 92.84 83.80 8.3
95.0 92.68 106.10 8.0
95.0 92.58 117.74 8.4
95.0 92.81 78.59 8.8
95.0 92.73 93.59 8.8
95.0 92.72 95.78 8.4
95.0 92.52 118.66 9.1
95.0 92.57 106.65 8.9
95.0 92.90 60.29 8.9
95.0 92.77 91.04 8.3
95.0 92.79 85.96 8.1
95.0 92.91 70.71 8.4
95.0 92.96 71.17 8.4
95.0 92.92 82.92 8.3
95.0 92.84 94.93 8.0
95.0 92.85 87.54 8.3
95.0 92.96 76.57 8.3
95.0 92.92 83.82 8.2
95.0 92.97 75.28 7.9
95.0 92.84 96.49 7.5
95.0 92.85 90.56 8.1
95.0 92.78 99.23 8.3
95.0 92.94 71.01 8.6
95.0 92.94 75.00 8.0
95.0 92.95 81.12 7.9
95.0 93.09 60.98 8.3
95.0 93.08 70.95 7.9
95.0 93.03 80.30 7.8
95.0 93.02 83.03 7.7
95.0 93.02 80.51 7.7
95.0 92.97 85.43 7.8
95.0 92.93 91.77 7.8
95.0 92.94 85.43 7.9
95.0 92.68 118.63 8.1
95.0 92.71 102.78 8.2
95.0 92.69 102.75 8.5
95.0 92.82 85.56 8.2
95.0 92.79 89.14 8.2
95.0 92.72 98.99 8.2
95.0 92.66 104.43 8.4
95.0 92.43 131.41 8.7
95.0 92.58 98.93 8.8
95.0 92.57 99.60 8.9
95.0 92.62 94.05 8.9
95.0 92.56 100.62 8.8
95.0 92.70 85.64 8.7
95.0 93.11 35.67 9.3
95.0 93.05 64.05 8.7
95.0 93.19 51.83 8.6
95.0 93.08 76.20 8.1
95.0 92.98 91.85 8.1
95.0 92.89 97.41 8.4
95.0 92.95 84.63 8.6
95.0 92.78 105.90 8.6
95.0 92.84 92.28 8.4
95.0 92.86 88.42 8.6
95.0 93.25 31.55 9.3
95.0 93.23 56.65 8.2
95.0 93.16 72.30 8.6
95.0 93.19 70.11 8.7
95.0 93.12 79.26 8.3
95.0 93.02 91.59 8.2
95.0 93.02 86.77 8.2
95.0 92.97 88.57 8.3
95.0 92.97 85.63 8.2
95.0 93.11 65.89 8.2
95.0 93.10 71.42 8.0
95.0 93.04 82.01 7.9
95.0 93.18 60.86 7.6
95.0 93.39 42.26 7.1
95.0 93.35 57.98 7.4
95.0 93.23 79.27 7.6
95.0 93.44 48.23 6.9
95.0 93.39 60.71 7.4
95.0 93.54 44.08 7.1
95.0 93.53 51.80 7.1
95.0 93.34 81.20 6.5
95.0 93.18 95.98 6.4
95.0 93.11 92.26 7.2
95.0 93.19 74.36 6.9
95.0 93.04 94.40 7.0
e 84.34829950332642