40.0  -255.00 0.0
40.0 49.76 -255.00 0.0
40.0 49.76 -255.00 0.0
40.0 49.74 -255.00 0.0
40.0 
40.0 49.71 -255.00 0.0
40.0 49.68 150.71 0.0
40.0 49.66 -15.70 0.3
40.0 49.75 -255.00 0.0
40.0 49.72 -76.20 1.8
40.0 49.66 -236.28 2.7
40.0 49.64 -255.00 4.6
40.0 49.61 -255.00 8.1
40.0 49.55 -255.00 8.7
40.0 49.57 -255.00 10.5
40.0 49.58 -255.00 11.2
40.0 49.50 -255.00 13.8
40.0 49.51 -255.00 15.1
40.0 49.50 -255.00 16.6
40.0 49.49 -255.00 17.6
40.0 49.49 -255.00 18.7
40.0 49.49 -255.00 19.2
40.0 49.51 -255.00 20.5
40.0 49.59 -255.00 21.9
40.0 49.58 -255.00 22.1
40.0 49.58 -255.00 23.4
40.0 49.64 -255.00 23.2
40.0 49.69 -255.00 23.7
40.0 49.66 -255.00 24.5
40.0 49.63 -255.00 24.7
40.0 49.67 -255.00 25.2
40.0 49.75 -255.00 25.6
40.0 49.72 -255.00 26.2
40.0 49.69 -255.00 26.2
40.0 49.67 -255.00 25.8
40.0 49.71 -255.00 26.7
40.0 49.70 -255.00 27.0
40.0 49.68 -255.00 26.7
40.0 49.66 -255.00 27.6
40.0 49.62 -255.00 27.5
40.0 49.54 -255.00 27.7
40.0 49.55 -255.00 27.5
40.0 49.55 -255.00 27.9
40.0 49.55 -255.00 27.1
40.0 49.49 -255.00 28.0
40.0 49.48 -255.00 28.6
40.0 49.47 -255.00 28.2
40.0 49.48 -255.00 28.2
40.0 49.48 -255.00 29.3
40.0 49.51 -255.00 28.5
40.0 49.63 -255.00 28.6
40.0 49.63 -255.00 28.4
40.0 49.61 -255.00 29.0
40.0 49.63 -255.00 28.8
40.0 49.65 -255.00 28.7
40.0 49.58 -255.00 28.6
40.0 49.56 -255.00 28.9
40.0 49.55 -255.00 28.8
40.0 49.56 -255.00 28.8
40.0 49.54 -255.00 29.2
40.0 49.56 -255.00 28.9
40.0 49.56 -255.00 28.8
40.0 49.56 -255.00 28.7
40.0 49.55 -255.00 28.9
40.0 49.56 -255.00 29.3
40.0 49.57 -255.00 29.0
40.0 49.57 -255.00 29.0
40.0 49.51 -255.00 28.8
40.0 49.55 -255.00 29.0
40.0 49.54 -255.00 29.0
40.0 49.55 -255.00 28.6
40.0 49.51 -255.00 28.8
40.0 49.48 -255.00 28.9
40.0 49.55 -255.00 29.0
40.0 49.54 -255.00 29.2
40.0 49.52 -255.00 29.0
40.0 49.52 -255.00 28.7
40.0 49.45 -255.00 28.0
40.0 49.44 -255.00 28.8
40.0 49.51 -255.00 28.9
40.0 49.50 -255.00 28.8
40.0 49.48 -255.00 28.7
40.0 49.48 -255.00 28.5
40.0 49.51 -255.00 28.8
40.0 49.47 -255.00 28.9
40.0 49.46 -255.00 28.7
40.0 49.42 -255.00 28.9
40.0 49.42 -255.00 29.3
40.0 49.41 -255.00 28.2
40.0 49.37 -255.00 28.4
40.0 49.37 -255.00 29.3
40.0 49.34 -255.00 28.6
40.0 49.27 -246.12 28.8
40.0 49.24 -255.00 28.8
40.0 49.24 -255.00 28.5
40.0 49.21 -255.00 27.9
40.0 49.20 -255.00 29.0
40.0 49.20 -255.00 28.6
40.0 49.24 -255.00 28.6
40.0 49.29 -255.00 28.6
40.0 49.21 -242.10 28.7
40.0 49.23 -255.00 28.5
40.0 49.20 -255.00 28.9
40.0 49.19 -255.00 28.4
40.0 49.18 -255.00 28.0
40.0 49.19 -255.00 29.5
40.0 49.13 -255.00 28.5
40.0 49.18 -255.00 28.5
40.0 49.12 -246.76 28.3
40.0 49.13 -255.00 28.7
40.0 49.10 -255.00 27.7
40.0 49.09 -255.00 28.6
40.0 49.06 -255.00 27.8
40.0 49.05 -255.00 28.8
40.0 48.96 -242.67 28.2
40.0 48.91 -254.82 28.3
40.0 48.90 -255.00 28.4
40.0 48.90 -255.00 27.8
40.0 48.89 -255.00 28.5
40.0 48.89 -255.00 28.2
40.0 48.91 -255.00 28.9
40.0 48.88 -247.81 27.8
40.0 48.86 -255.00 28.2
40.0 48.71 -206.59 28.2
40.0 48.73 -255.00 27.7
40.0 48.69 -251.11 27.8
40.0 48.67 -255.00 28.2
40.0 48.62 -236.19 28.2
40.0 48.59 -255.00 27.4
40.0 48.52 -224.04 27.7
40.0 48.50 -251.41 28.8
40.0 48.47 -247.43 27.4
40.0 48.43 -243.48 27.5
40.0 48.46 -253.87 27.3
40.0 48.46 -255.00 27.6
40.0 48.43 -237.01 27.3
40.0 48.50 -255.00 26.9
40.0 48.45 -228.54 27.3
40.0 48.40 -250.25 27.1
40.0 48.35 -228.94 26.9
40.0 48.31 -239.66 27.8
40.0 48.28 -239.72 27.2
40.0 48.26 -243.75 27.1
40.0 48.18 -213.02 26.9
40.0 48.21 -255.00 26.9
40.0 48.16 -221.44 26.8
40.0 48.09 -224.13 27.1
40.0 48.05 -232.11 26.5
40.0 48.09 -246.97 26.5
40.0 48.06 -236.06 26.7
40.0 48.01 -228.19 26.3
40.0 47.98 -232.21 26.6
40.0 47.93 -214.09 26.7
40.0 47.91 -232.32 26.2
40.0 47.87 -228.41 26.2
40.0 47.80 -212.77 26.0
40.0 47.82 -235.44 25.8
40.0 47.84 -249.63 26.3
40.0 47.80 -214.66 26.0
40.0 47.78 -228.56 25.6
40.0 47.82 -248.44 26.0
40.0 47.88 -255.00 25.9
40.0 47.85 -218.58 25.7
40.0 47.80 -230.66 25.6
40.0 47.74 -206.64 25.4
40.0 47.68 -212.96 27.1
40.0 47.60 -209.15 25.1
40.0 47.56 -217.05 25.5
40.0 47.50 -199.44 25.3
40.0 47.46 -213.29 25.0
40.0 47.42 -213.35 24.8
40.0 47.40 -217.30 24.8
40.0 47.37 -204.13 24.3
40.0 47.32 -215.17 24.6
40.0 47.22 -180.29 24.6
40.0 47.22 -217.59 24.3
40.0 47.22 -217.59 24.2
40.0 47.22 -217.59 24.5
40.0 47.14 -184.69 24.2
40.0 47.06 -200.09 23.9
40.0 46.94 -165.39 23.9
40.0 46.86 -183.21 23.4
40.0 46.78 -183.32 23.2
40.0 46.74 -191.08 22.9
40.0 46.70 -182.54 22.8
40.0 46.70 -202.76 22.5
40.0 46.68 -195.04 22.9
40.0 46.66 -195.07 22.0
40.0 46.69 -202.98 22.4
40.0 46.67 -195.06 22.9
40.0 46.63 -191.25 23.2
40.0 46.61 -182.96 21.9
40.0 46.58 -199.56 22.5
40.0 46.52 -171.23 22.2
40.0 46.49 -187.62 22.3
40.0 46.42 -172.43 22.1
40.0 46.43 -199.29 21.5
40.0 46.33 -152.10 21.6
40.0 46.26 -177.30 21.4
40.0 46.23 -172.48 21.6
40.0 46.22 -184.20 21.1
40.0 46.21 -176.61 19.7
40.0 46.18 -188.13 21.3
40.0 46.10 -153.07 20.9
40.0 46.06 -169.18 20.7
40.0 46.01 -169.25 20.4
40.0 46.00 -176.89 20.5
40.0 46.00 -173.49 20.4
40.0 45.95 -173.34 20.2
40.0 45.92 -161.84 20.3
40.0 45.90 -173.23 20.5
40.0 45.87 -169.47 20.2
40.0 45.89 -184.70 20.0
40.0 45.83 -150.29 20.0
40.0 45.79 -169.55 19.7
40.0 45.79 -170.36 19.8
40.0 45.75 -162.08 19.2
40.0 45.73 -158.67 19.3
40.0 45.68 -165.84 19.4
40.0 45.65 -155.03 19.2
40.0 45.54 -136.19 19.2
40.0 45.52 -158.67 18.3
40.0 45.41 -132.69 18.9
40.0 45.34 -132.78 18.6
40.0 45.32 -161.84 18.3
40.0 45.31 -152.54 17.7
40.0 45.27 -147.79 17.9
40.0 45.22 -144.13 18.0
40.0 45.20 -145.12 17.8
40.0 45.15 -140.51 17.6
40.0 45.09 -136.89 17.7
40.0 45.05 -140.67 17.4
40.0 45.05 -145.79 17.4
40.0 45.13 -178.23 17.2
40.0 45.10 -144.33 17.0
40.0 45.14 -166.81 17.3
40.0 45.09 -133.84 17.9
40.0 45.06 -150.84 17.4
40.0 45.04 -138.00 17.0
40.0 44.98 -133.36 17.1
40.0 44.95 -140.83 16.9
40.0 44.85 -118.81 16.8
40.0 44.86 -142.70 15.5
40.0 44.83 -143.48 16.4
40.0 44.79 -127.36 16.4
40.0 44.78 -141.09 16.8
40.0 44.77 -141.11 16.1
40.0 44.79 -152.28 16.0
40.0 44.71 -112.21 16.5
40.0 44.67 -130.13 16.2
40.0 44.65 -133.86 16.0
40.0 44.63 -133.90 16.4
40.0 44.62 -131.97 15.7
40.0 44.64 -150.38 15.4
40.0 44.64 -135.78 15.9
40.0 44.57 -115.59 15.7
40.0 44.58 -141.40 15.5
40.0 44.56 -134.00 16.7
40.0 44.54 -124.55 15.7
40.0 44.53 -139.61 15.5
40.0 44.50 -120.86 15.3
40.0 44.47 -126.75 15.5
40.0 44.40 -112.19 15.3
40.0 44.38 -126.89 15.3
40.0 44.29 -98.69 14.9
40.0 44.31 -124.51 14.6
40.0 44.25 -118.25 14.7
40.0 44.22 -114.32 14.5
40.0 44.20 -119.82 14.2
40.0 44.18 -119.85 14.5
40.0 44.16 -119.88 13.5
40.0 44.13 -110.89 14.4
40.0 44.11 -125.08 13.9
40.0 44.09 -111.06 14.0
40.0 44.08 -120.01 14.1
40.0 44.04 -112.74 13.8
40.0 44.04 -120.07 14.0
40.0 44.01 -107.57 13.6
40.0 43.98 -112.83 13.6
40.0 44.01 -127.47 13.7
40.0 43.98 -112.84 12.9
40.0 43.96 -107.79 13.7
40.0 43.95 -121.40 13.5
40.0 43.93 -107.92 13.6
40.0 43.91 -112.95 13.4
40.0 43.89 -112.97 13.5
40.0 43.88 -112.99 13.4
40.0 43.85 -104.41 13.2
40.0 43.84 -117.80 13.2
40.0 43.82 -104.55 13.2
40.0 43.78 -102.23 13.4
40.0 43.65 -73.68 13.0
40.0 43.58 -82.79 12.7
40.0 43.54 -85.64 12.2
40.0 43.51 -90.69 12.3
40.0 43.47 -90.83 12.0
40.0 43.47 -94.19 11.9
40.0 43.41 -83.52 11.7
40.0 43.40 -94.94 11.6
40.0 43.39 -94.98 11.6
40.0 43.34 -75.22 11.3
40.0 43.33 -99.30 11.4
40.0 43.35 -99.05 11.4
40.0 43.34 -95.19 11.1
40.0 43.34 -91.12 11.0
40.0 43.33 -99.30 11.3
40.0 43.31 -83.37 11.2
40.0 43.26 -80.42 11.0
40.0 43.26 -95.54 11.0
40.0 43.25 -91.78 10.9
40.0 43.26 -91.71 10.6
40.0 43.27 -95.60 10.9
40.0 43.25 -92.21 10.9
40.0 43.24 -87.81 10.4
40.0 43.27 -103.11 11.0
40.0 43.23 -85.06 10.6
40.0 43.21 -88.18 10.9
40.0 43.20 -84.17 10.7
40.0 43.21 -99.50 10.1
40.0 43.17 -76.43 10.8
40.0 43.16 -88.41 10.8
40.0 43.15 -84.52 10.6
40.0 43.14 -92.38 10.5
40.0 43.13 -84.64 10.6
40.0 43.11 -80.80 10.4
40.0 43.11 -92.43 10.4
40.0 43.10 -84.85 10.4
40.0 43.12 -96.14 10.3
40.0 43.13 -92.32 10.3
40.0 43.09 -77.41 10.4
40.0 43.07 -81.09 10.3
40.0 43.08 -92.52 10.1
40.0 43.06 -81.29 10.3
40.0 43.05 -85.11 10.3
40.0 43.05 -85.24 10.1
40.0 43.11 -110.54 10.1
40.0 43.06 -73.78 10.1
40.0 43.05 -85.11 10.4
40.0 43.04 -85.15 10.3
40.0 43.01 -73.66 10.2
40.0 42.98 -77.88 10.0
40.0 42.96 -77.92 9.9
40.0 42.94 -78.05 9.5
40.0 42.95 -82.63 9.7
40.0 42.94 -78.09 9.6
40.0 42.92 -74.29 9.7
40.0 42.96 -93.91 10.3
40.0 42.90 -62.62 10.1
40.0 42.89 -78.44 9.6
40.0 42.88 -78.33 9.5
40.0 42.86 -71.02 9.5
40.0 42.84 -70.95 9.5
40.0 42.82 -74.98 8.8
40.0 42.79 -67.33 9.4
40.0 42.76 -63.71 9.2
40.0 42.74 -67.73 8.9
40.0 42.76 -83.40 9.2
40.0 42.75 -72.13 8.9
40.0 42.76 -79.39 9.2
40.0 42.74 -67.74 8.9
40.0 42.72 -71.77 8.7
40.0 42.70 -64.36 8.9
40.0 42.64 -52.79 8.4
40.0 42.62 -68.56 8.9
40.0 42.58 -57.13 8.8
40.0 42.58 -69.78 8.8
40.0 42.61 -77.86 8.3
40.0 42.59 -72.05 8.4
40.0 42.59 -65.56 8.2
40.0 42.58 -68.90 8.4
40.0 42.56 -65.10 8.7
40.0 42.56 -72.94 8.4
40.0 42.56 -65.86 8.4
40.0 42.56 -69.97 8.2
40.0 42.62 -94.51 8.2
40.0 42.61 -65.30 8.4
40.0 42.60 -68.73 8.4
40.0 42.60 -72.66 8.2
40.0 42.57 -61.10 8.3
40.0 42.57 -69.86 8.3
40.0 42.57 -68.98 8.4
40.0 42.57 -72.89 7.7
40.0 42.57 -69.84 8.3
40.0 42.54 -61.28 8.2
40.0 42.54 -69.17 8.3
40.0 42.55 -73.06 8.2
40.0 42.58 -78.17 8.0
40.0 42.56 -65.11 8.3
40.0 42.55 -69.09 8.2
40.0 42.48 -41.90 7.9
40.0 42.46 -61.90 8.0
40.0 42.47 -73.59 7.5
40.0 42.50 -77.36 8.3
40.0 42.49 -62.43 8.0
40.0 42.52 -81.14 7.9
40.0 42.53 -73.17 7.8
40.0 42.60 -92.54 8.2
40.0 42.61 -73.65 8.2
40.0 42.59 -61.40 9.1
40.0 42.57 -68.44 8.6
40.0 42.59 -77.99 8.3
40.0 42.58 -68.85 8.3
40.0 42.59 -72.77 7.6
40.0 42.59 -72.75 8.3
40.0 42.58 -65.62 8.6
40.0 42.57 -68.93 8.4
40.0 42.56 -68.99 8.2
40.0 42.55 -61.81 8.3
40.0 42.50 -53.80 8.1
40.0 42.50 -69.47 8.0
40.0 42.50 -69.47 8.4
40.0 42.52 -74.57 8.2
40.0 42.51 -65.47 8.0
40.0 42.57 -92.70 8.2
40.0 42.54 -57.70 8.2
40.0 42.51 -57.64 8.4
40.0 42.48 -61.73 7.9
40.0 42.47 -65.72 8.1
40.0 42.36 -26.76 8.1
40.0 42.38 -70.34 7.2
40.0 42.41 -77.98 8.6
40.0 42.41 -66.18 7.8
40.0 42.45 -79.45 7.8
40.0 42.39 -46.79 7.9
40.0 42.42 -77.90 8.0
40.0 42.43 -67.17 8.6
40.0 42.40 -58.38 7.6
40.0 42.39 -62.39 7.8
40.0 42.40 -70.17 7.5
40.0 42.41 -67.37 7.8
40.0 42.41 -63.25 8.0
40.0 42.37 -58.11 8.2
40.0 42.37 -63.61 7.7
40.0 42.39 -70.28 8.0
40.0 42.35 -54.84 7.7
40.0 42.35 -62.72 7.5
40.0 42.33 -55.83 7.6
40.0 42.34 -70.59 7.6
40.0 42.35 -66.63 7.2
40.0 42.34 -59.82 7.6
40.0 42.37 -74.36 7.5
40.0 42.38 -70.32 7.5
40.0 42.36 -58.71 7.8
40.0 42.35 -59.71 7.9
40.0 42.37 -70.43 7.6
40.0 42.37 -66.49 7.6
40.0 42.36 -62.63 7.5
40.0 42.42 -84.01 7.5
40.0 42.41 -66.15 7.7
40.0 42.41 -66.17 7.9
40.0 42.41 -63.25 7.8
40.0 42.41 -66.20 7.8
40.0 42.45 -81.67 7.6
40.0 42.42 -58.26 7.9
40.0 42.42 -63.16 6.4
40.0 42.43 -70.00 7.9
40.0 42.42 -66.09 7.8
40.0 42.43 -67.19 7.8
40.0 42.41 -62.22 7.8
40.0 42.41 -66.17 7.4
40.0 42.41 -66.19 8.1
40.0 42.43 -71.35 7.7
40.0 42.41 -62.23 7.9
40.0 42.42 -70.02 7.7
40.0 42.41 -59.13 7.8
40.0 42.38 -58.54 8.6
40.0 42.37 -62.53 7.6
40.0 42.36 -62.60 7.5
40.0 42.36 -63.71 7.6
40.0 42.37 -66.49 7.5
40.0 42.37 -66.48 7.5
40.0 42.37 -63.65 7.8
40.0 42.36 -62.61 7.6
40.0 42.35 -62.67 7.6
40.0 42.34 -62.73 7.5
40.0 42.36 -67.91 7.5
40.0 42.36 -66.52 7.8
40.0 42.35 -62.66 7.6
40.0 42.35 -62.72 7.4
40.0 42.36 -67.90 7.4
40.0 42.36 -66.51 7.5
40.0 42.28 -35.99 7.4
40.0 42.27 -56.47 7.6
40.0 42.27 -63.30 7.1
40.0 42.29 -70.99 7.4
40.0 42.28 -59.31 7.3
40.0 42.30 -68.55 7.3
40.0 42.30 -65.87 7.5
40.0 42.32 -68.36 7.3
40.0 42.32 -64.14 8.3
40.0 42.33 -66.76 7.4
40.0 42.35 -70.57 7.6
40.0 42.45 -101.57 7.4
40.0 42.44 -62.07 7.8
40.0 42.42 -62.19 7.8
40.0 42.43 -69.99 7.6
40.0 42.41 -59.08 7.6
40.0 42.41 -66.18 8.0
40.0 42.40 -62.36 7.7
40.0 42.43 -77.87 7.6
40.0 42.45 -71.17 7.7
40.0 42.45 -69.81 7.8
40.0 42.43 -62.08 7.8
40.0 42.41 -58.36 7.7
40.0 42.41 -63.29 8.0
40.0 42.40 -66.23 7.7
40.0 42.40 -66.24 7.6
40.0 42.41 -67.38 7.8
40.0 42.42 -70.04 7.8
40.0 42.41 -62.29 8.2
40.0 42.40 -66.23 7.7
40.0 42.40 -63.33 7.8
40.0 42.47 -89.48 7.7
40.0 42.46 -65.82 7.9
40.0 42.46 -66.83 7.7
40.0 42.40 -46.71 8.1
40.0 42.40 -66.26 7.8
40.0 42.32 -39.54 7.6
40.0 42.33 -64.11 7.6
40.0 42.33 -69.45 7.5
40.0 42.33 -59.97 8.0
40.0 42.30 -52.00 7.6
40.0 42.22 -36.41 7.6
40.0 42.29 -86.79 7.2
40.0 42.28 -59.29 7.4
40.0 42.30 -68.53 5.9
40.0 42.31 -69.55 7.5
40.0 42.35 -76.34 7.4
40.0 42.32 -55.08 7.4
40.0 42.35 -72.18 7.2
40.0 42.35 -66.59 7.5
40.0 42.36 -66.56 8.0
40.0 42.33 -51.71 7.8
40.0 42.29 -51.42 7.5
40.0 42.32 -74.71 7.4
40.0 42.27 -47.65 7.4
40.0 42.28 -64.57 7.5
40.0 42.28 -63.19 7.5
40.0 42.27 -59.36 7.3
40.0 42.26 -56.54 7.3
40.0 42.26 -63.34 7.1
40.0 42.26 -63.33 6.8
40.0 42.29 -71.02 7.3
40.0 42.28 -60.41 7.6
40.0 42.30 -69.61 7.1
40.0 42.33 -72.42 7.6
40.0 42.33 -64.05 7.6
40.0 42.26 -39.98 7.3
40.0 42.28 -71.03 7.3
40.0 42.26 -55.52 7.4
40.0 42.24 -52.62 7.6
40.0 42.27 -73.47 7.2
40.0 42.26 -56.58 7.4
40.0 42.29 -72.79 7.6
40.0 42.33 -78.55 7.3
40.0 42.36 -74.40 7.3
40.0 42.31 -47.38 7.7
40.0 42.29 -56.18 7.4
40.0 42.29 -65.89 7.6
40.0 42.30 -64.37 7.6
40.0 42.29 -59.23 7.4
40.0 42.31 -68.45 7.3
40.0 42.33 -70.71 7.4
40.0 42.33 -66.73 7.3
40.0 42.27 -39.96 6.7
40.0 42.30 -70.95 7.3
40.0 42.29 -63.11 7.3
40.0 42.31 -70.82 7.7
40.0 42.33 -68.21 7.6
40.0 42.33 -65.75 7.3
40.0 42.33 -64.05 7.1
40.0 42.33 -59.97 7.4
40.0 42.33 -66.74 7.6
40.0 42.34 -66.70 7.4
40.0 42.24 -32.38 7.4
40.0 42.20 -44.80 7.3
40.0 42.22 -69.93 7.3
40.0 42.21 -57.01 7.1
40.0 42.25 -73.18 7.3
40.0 42.30 -78.80 7.4
40.0 42.31 -66.91 6.9
40.0 42.32 -66.85 7.9
40.0 42.30 -56.10 7.4
40.0 42.30 -65.87 7.3
40.0 42.34 -76.44 7.4
40.0 42.43 -93.78 7.8
40.0 42.41 -59.10 8.1
40.0 42.43 -73.91 8.0
40.0 42.43 -66.06 7.4
40.0 42.40 -55.08 7.8
40.0 42.39 -65.48 7.9
40.0 42.35 -51.43 7.4
40.0 42.36 -66.57 8.1
40.0 42.36 -63.76 7.7
40.0 42.36 -66.53 7.6
40.0 42.35 -62.67 7.8
40.0 42.35 -59.77 7.4
40.0 42.36 -70.47 7.3
40.0 42.30 -43.59 7.2
40.0 42.31 -66.94 7.4
40.0 42.27 -48.20 7.3
40.0 42.33 -84.47 7.3
40.0 42.34 -68.09 7.1
40.0 42.36 -67.93 7.6
40.0 42.36 -66.53 7.9
40.0 42.36 -66.51 7.8
40.0 42.36 -62.65 7.4
40.0 42.36 -63.78 7.6
40.0 42.35 -65.64 7.3
40.0 42.35 -63.83 8.3
40.0 42.33 -55.75 7.2
40.0 42.35 -70.54 7.3
40.0 42.37 -70.44 7.4
40.0 42.39 -74.20 7.3
40.0 42.38 -59.43 7.4
40.0 42.37 -65.57 7.8
40.0 42.37 -63.66 7.4
40.0 42.37 -66.46 7.4
40.0 42.40 -71.70 7.5
40.0 42.45 -85.63 7.9
40.0 42.46 -69.78 8.2
40.0 42.43 -54.79 8.2
40.0 42.43 -72.75 7.8
40.0 42.42 -59.02 7.9
40.0 42.45 -77.72 7.8
40.0 42.46 -70.98 7.8
40.0 42.47 -72.60 7.6
40.0 42.46 -62.72 7.9
40.0 42.44 -58.77 7.8
40.0 42.44 -65.99 8.0
40.0 42.50 -89.26 7.8
40.0 42.51 -73.33 7.8
40.0 42.43 -38.31 7.7
40.0 42.42 -65.36 7.8
40.0 42.46 -79.41 7.8
40.0 42.51 -83.08 7.8
40.0 42.52 -73.27 8.0
40.0 42.52 -69.35 7.9
40.0 42.49 -61.66 7.7
40.0 42.44 -46.46 7.8
40.0 42.46 -80.11 7.6
40.0 42.42 -50.70 7.8
40.0 42.41 -62.26 7.9
40.0 42.42 -67.31 7.8
40.0 42.41 -66.15 9.0
40.0 42.42 -70.02 8.2
40.0 42.35 -39.12 7.8
40.0 42.31 -54.68 7.7
40.0 42.31 -60.17 7.5
40.0 42.30 -63.03 7.4
40.0 42.30 -60.23 7.4
40.0 42.31 -66.91 6.9
40.0 42.33 -70.70 7.4
40.0 42.33 -64.03 7.5
40.0 42.40 -87.93 7.4
40.0 42.40 -63.40 7.6
40.0 42.38 -62.45 8.0
40.0 42.38 -63.52 7.8
40.0 42.40 -72.91 7.7
40.0 42.39 -63.41 7.6
40.0 42.29 -27.50 7.8
40.0 42.31 -70.81 7.6
40.0 42.32 -66.83 7.2
40.0 42.34 -70.63 7.4
40.0 42.33 -59.91 7.6
40.0 42.32 -62.07 7.4
40.0 42.38 -84.41 7.3
40.0 42.36 -55.52 7.3
40.0 42.35 -62.70 7.3
40.0 42.34 -62.75 7.4
40.0 42.47 -109.48 7.3
40.0 42.47 -69.65 7.8
40.0 42.51 -83.67 7.9
40.0 42.53 -74.46 8.0
40.0 42.54 -73.11 7.9
40.0 42.52 -62.05 7.1
40.0 42.50 -61.61 8.2
40.0 42.48 -61.77 8.1
40.0 42.56 -95.16 8.0
40.0 42.60 -87.06 7.9
40.0 42.58 -61.51 8.4
40.0 42.56 -65.11 7.5
40.0 42.53 -57.86 8.0
40.0 42.51 -68.66 8.2
40.0 42.42 -34.29 8.1
40.0 42.44 -71.21 7.8
40.0 42.43 -65.31 7.8
40.0 42.43 -67.15 7.9
40.0 42.43 -66.04 7.4
40.0 42.41 -59.07 7.9
40.0 42.40 -65.43 7.7
40.0 42.33 -39.35 7.8
40.0 42.34 -64.00 7.1
40.0 42.34 -66.68 7.3
40.0 42.34 -62.80 7.4
40.0 42.34 -66.69 7.6
40.0 42.36 -67.95 7.5
40.0 42.36 -69.33 7.3
40.0 42.35 -59.72 7.6
40.0 42.32 -55.08 7.4
40.0 42.33 -64.10 7.8
40.0 42.34 -70.59 7.6
40.0 42.33 -58.95 7.6
40.0 42.33 -64.05 7.6
40.0 42.35 -73.11 7.5
40.0 42.34 -59.81 7.4
40.0 42.36 -70.50 7.3
40.0 42.33 -51.71 7.7
40.0 42.27 -47.49 7.5
40.0 42.24 -52.57 7.0
40.0 42.29 -76.95 7.0
40.0 42.27 -58.57 7.3
40.0 42.31 -76.72 7.3
40.0 42.29 -55.32 6.9
40.0 42.30 -64.42 7.4
40.0 42.31 -69.56 7.3
40.0 42.35 -76.37 7.7
40.0 42.36 -67.88 7.4
40.0 42.39 -76.69 7.5
40.0 42.41 -71.55 7.6
40.0 42.40 -62.35 7.7
40.0 42.40 -63.39 7.3
40.0 42.38 -65.50 7.9
40.0 42.36 -55.47 7.6
40.0 42.36 -66.51 7.6
40.0 42.39 -71.77 7.4
40.0 42.37 -58.66 7.7
40.0 42.36 -62.64 7.4
40.0 42.34 -55.72 7.6
40.0 42.32 -62.05 7.4
40.0 42.32 -60.08 7.6
40.0 42.31 -62.97 7.7
40.0 42.30 -56.15 7.4
40.0 42.29 -63.10 7.6
40.0 42.33 -74.66 7.3
40.0 42.30 -52.00 7.5
40.0 42.34 -80.64 7.4
40.0 42.31 -51.86 7.3
40.0 42.31 -63.00 7.6
40.0 42.29 -56.18 7.2
40.0 42.33 -76.96 7.4
40.0 42.41 -92.48 7.3
40.0 42.40 -59.23 7.1
40.0 42.41 -72.86 6.9
40.0 42.37 -51.24 8.0
40.0 42.40 -74.16 7.7
40.0 42.34 -43.36 7.6
40.0 42.36 -73.09 7.5
40.0 42.36 -63.78 7.6
40.0 42.34 -55.71 8.3
40.0 42.33 -65.72 7.2
40.0 42.30 -51.95 7.3
40.0 42.30 -63.05 7.4
40.0 42.24 -40.27 7.4
40.0 42.25 -66.09 7.1
40.0 42.24 -56.76 7.6
40.0 42.24 -63.48 7.3
40.0 42.21 -48.80 7.3
40.0 42.20 -56.00 7.0
40.0 42.23 -71.45 6.4
40.0 42.21 -52.95 7.1
40.0 42.22 -66.23 7.4
40.0 42.21 -57.06 7.1
40.0 42.26 -79.09 7.2
40.0 42.25 -56.62 7.4
40.0 42.29 -77.12 7.2
40.0 42.28 -56.38 7.1
40.0 42.28 -60.51 7.4
40.0 42.29 -69.65 7.3
40.0 42.29 -60.40 7.2
40.0 42.26 -55.51 7.3
40.0 42.24 -52.61 7.1
40.0 42.23 -62.43 6.8
40.0 42.24 -60.90 7.4
40.0 42.22 -52.84 7.3
40.0 42.27 -80.95 7.1
40.0 42.28 -64.59 7.1
40.0 42.27 -59.37 7.3
40.0 42.25 -52.54 7.5
40.0 42.24 -62.41 7.4
40.0 42.22 -52.82 7.2
40.0 42.20 -55.94 7.0
40.0 42.21 -63.71 7.1
40.0 42.18 -49.09 7.2
40.0 42.17 -56.18 7.6
40.0 42.15 -49.47 7.0
40.0 42.21 -81.23 6.7
40.0 42.20 -57.15 7.1
40.0 42.20 -59.89 7.2
40.0 42.18 -53.22 7.2
40.0 42.17 -56.19 7.0
40.0 42.17 -60.10 7.0
40.0 42.16 -53.48 6.9
40.0 42.15 -59.09 7.0
40.0 42.14 -53.69 7.0
40.0 42.13 -56.48 6.7
40.0 42.13 -57.87 6.9
40.0 42.14 -62.86 6.9
40.0 42.14 -57.81 6.9
40.0 42.07 -33.86 6.7
40.0 42.07 -59.42 6.5
40.0 42.07 -54.39 6.7
40.0 42.08 -60.75 6.9
40.0 42.09 -58.33 6.6
40.0 42.11 -66.70 6.8
40.0 42.10 -54.07 7.1
40.0 42.08 -50.12 7.1
40.0 42.07 -55.72 6.8
40.0 42.04 -42.44 6.9
40.0 42.07 -68.66 6.5
40.0 42.08 -58.42 6.7
40.0 42.09 -63.06 6.8
40.0 42.08 -54.24 7.4
40.0 42.09 -60.66 6.8
40.0 42.08 -52.96 6.8
40.0 42.07 -54.34 6.7
40.0 42.14 -79.97 6.7
40.0 42.14 -57.76 6.8
40.0 42.14 -62.82 7.3
40.0 42.15 -57.72 6.8
40.0 42.14 -56.43 6.9
40.0 42.18 -73.91 6.8
40.0 42.16 -55.33 7.1
40.0 42.17 -61.59 6.9
40.0 42.14 -45.47 7.0
40.0 42.07 -40.97 6.9
40.0 42.09 -62.40 6.7
40.0 42.11 -64.43 6.7
40.0 42.13 -62.04 6.8
40.0 42.12 -59.21 7.8
40.0 42.11 -53.94 7.0
40.0 42.11 -54.00 6.9
40.0 42.08 -51.99 6.7
40.0 42.11 -66.37 7.3
40.0 42.09 -52.84 6.7
40.0 42.09 -54.19 7.0
40.0 42.09 -59.36 6.7
40.0 42.08 -54.27 6.7
40.0 42.01 -34.06 6.7
40.0 42.01 -53.48 6.5
40.0 41.99 -47.03 6.2
40.0 41.98 -53.64 6.3
40.0 41.97 -47.24 6.4
40.0 42.05 -85.64 6.4
40.0 42.09 -66.60 6.7
40.0 42.08 -56.81 6.7
40.0 42.08 -56.83 6.8
40.0 42.07 -50.31 6.9
40.0 42.07 -56.94 6.7
40.0 42.04 -46.46 6.7
40.0 42.04 -59.55 6.6
40.0 42.03 -50.67 6.7
40.0 42.03 -57.17 6.7
40.0 42.05 -58.75 6.5
40.0 42.00 -44.95 6.4
40.0 42.03 -63.06 7.1
40.0 42.03 -54.78 6.5
40.0 42.02 -55.92 6.9
40.0 42.03 -54.85 6.3
40.0 42.01 -49.58 6.5
40.0 41.99 -47.01 6.3
40.0 42.05 -78.15 6.5
40.0 42.05 -54.59 6.7
40.0 42.05 -57.05 6.7
40.0 42.07 -64.71 6.7
40.0 42.07 -54.38 6.5
40.0 42.04 -45.49 6.9
40.0 41.97 -30.86 6.3
40.0 42.00 -67.15 6.1
40.0 42.00 -51.05 6.3
40.0 41.99 -53.59 6.5
40.0 42.00 -57.45 6.4
40.0 42.04 -67.15 6.3
40.0 42.03 -53.33 6.6
40.0 42.02 -50.82 6.5
40.0 42.01 -55.98 6.7
40.0 42.01 -54.98 6.5
40.0 42.07 -76.51 6.3
40.0 42.05 -49.27 6.7
40.0 42.03 -49.43 6.8
40.0 42.04 -58.82 6.9
40.0 42.03 -50.68 6.4
40.0 42.04 -63.25 6.3
40.0 42.03 -50.65 6.9
40.0 42.02 -53.34 6.5
40.0 42.01 -46.85 7.6
40.0 42.00 -56.03 6.9
40.0 41.93 -27.26 6.5
40.0 41.93 -51.76 6.3
40.0 41.91 -49.05 6.2
40.0 41.90 -47.95 6.5
40.0 41.90 -54.22 6.2
40.0 41.91 -51.97 6.7
40.0 41.94 -67.40 5.9
40.0 41.94 -51.59 6.5
40.0 41.94 -53.93 6.3
40.0 41.94 -53.94 6.8
40.0 41.93 -47.61 6.9
40.0 41.92 -50.20 6.1
40.0 41.92 -51.80 6.1
40.0 41.93 -56.35 6.1
40.0 41.94 -55.77 6.0
40.0 41.94 -53.97 6.2
40.0 41.93 -50.16 6.8
40.0 41.93 -54.04 6.2
40.0 41.87 -31.87 6.3
40.0 41.86 -44.27 6.1
40.0 41.87 -56.60 6.0
40.0 41.86 -48.32 6.1
40.0 41.87 -54.46 5.9
40.0 41.86 -46.80 5.9
40.0 41.81 -35.54 6.1
40.0 41.83 -56.86 6.0
40.0 41.82 -44.66 6.1
40.0 41.83 -56.75 5.8
40.0 41.86 -56.63 6.0
40.0 41.79 -28.01 6.0
40.0 41.74 -29.25 5.8
40.0 41.77 -60.74 5.8
40.0 41.79 -53.25 5.7
40.0 41.78 -47.37 6.0
40.0 41.79 -55.02 5.6
40.0 41.80 -49.00 5.8
40.0 41.74 -28.39 5.8
40.0 41.69 -29.74 6.0
40.0 41.73 -60.92 5.2
40.0 41.74 -49.65 5.8
40.0 41.76 -55.29 5.6
40.0 41.75 -47.55 5.7
40.0 41.68 -21.69 5.6
40.0 41.72 -59.46 5.5
40.0 41.74 -53.69 4.8
40.0 41.75 -53.41 5.6
40.0 41.77 -53.40 5.6
40.0 41.77 -47.46 5.8
40.0 41.76 -47.50 5.6
40.0 41.78 -55.14 6.2
40.0 41.78 -49.16 6.3
40.0 41.79 -49.11 5.8
40.0 41.78 -49.59 5.6
40.0 41.78 -45.15 5.7
40.0 41.78 -51.23 5.8
40.0 41.82 -62.65 5.7
40.0 41.82 -50.94 5.8
40.0 41.80 -40.81 5.6
40.0 41.78 -41.01 6.0
40.0 41.81 -60.57 5.6
40.0 41.81 -48.89 5.8
40.0 41.81 -51.01 5.9
40.0 41.82 -52.84 5.7
40.0 41.84 -56.74 6.0
40.0 41.81 -40.66 5.9
40.0 41.80 -47.18 5.8
40.0 41.83 -58.67 5.8
40.0 41.76 -24.92 5.8
40.0 41.77 -51.31 5.8
40.0 41.84 -73.32 5.7
40.0 41.89 -67.66 5.8
40.0 41.90 -56.14 6.2
40.0 41.90 -50.40 6.3
40.0 41.87 -42.85 5.8
40.0 41.82 -35.47 6.0
40.0 41.80 -40.83 5.9
40.0 41.80 -48.98 5.7
40.0 41.79 -49.54 5.9
40.0 41.81 -53.01 5.4
40.0 41.80 -47.22 5.8
40.0 41.80 -51.08 5.8
40.0 41.84 -62.51 6.0
40.0 41.84 -48.60 5.8
40.0 41.85 -52.60 5.9
40.0 41.85 -53.00 5.9
40.0 41.86 -52.52 6.0
40.0 41.92 -73.69 6.0
40.0 41.93 -57.91 6.1
40.0 41.91 -46.40 6.1
40.0 41.89 -43.93 6.5
40.0 41.88 -46.66 6.0
40.0 41.86 -46.78 5.9
40.0 41.87 -52.39 6.0
40.0 41.85 -46.83 6.0
40.0 41.84 -44.48 6.3
40.0 41.83 -49.39 5.0
40.0 41.83 -48.70 6.1
40.0 41.83 -50.89 5.9
40.0 41.83 -50.89 5.9
40.0 41.81 -40.74 5.5
40.0 41.81 -51.03 5.7
40.0 41.80 -44.90 6.0
40.0 41.84 -64.15 6.0
40.0 41.84 -48.62 6.0
40.0 41.77 -28.15 5.9
40.0 41.79 -55.08 6.0
40.0 41.80 -54.97 6.5
40.0 41.82 -52.93 5.2
40.0 41.83 -52.80 5.8
40.0 41.84 -56.72 5.8
40.0 41.77 -24.82 5.9
40.0 41.80 -58.88 5.8
40.0 41.79 -47.27 6.5
40.0 41.78 -47.32 5.9
40.0 41.78 -45.12 5.9
40.0 41.74 -33.28 5.8
40.0 41.72 -42.52 5.6
40.0 41.67 -29.93 5.8
40.0 41.70 -55.72 5.8
40.0 41.70 -47.93 5.6
40.0 41.71 -51.72 5.6
40.0 41.73 -49.77 5.4
40.0 41.74 -51.56 5.0
40.0 41.72 -43.90 5.6
40.0 41.74 -53.67 5.6
40.0 41.69 -28.74 5.8
40.0 41.76 -70.06 5.5
40.0 41.79 -60.66 5.4
40.0 41.78 -45.10 5.8
40.0 41.75 -39.82 6.0
40.0 41.76 -51.38 5.8
40.0 41.79 -58.96 5.6
40.0 41.77 -41.11 5.9
40.0 41.79 -53.22 5.8
40.0 41.78 -49.59 5.8
40.0 41.79 -49.14 5.8
40.0 41.79 -51.16 6.0
40.0 41.79 -51.13 5.6
40.0 41.81 -54.91 5.7
40.0 41.76 -29.05 6.5
40.0 41.72 -33.49 5.5
40.0 41.73 -53.50 5.6
40.0 41.73 -45.63 5.6
40.0 41.76 -59.16 5.5
40.0 41.78 -55.13 5.8
40.0 41.76 -43.61 5.8
40.0 41.76 -45.33 5.8
40.0 41.79 -58.97 5.7
40.0 41.70 -20.96 5.8
40.0 41.72 -49.86 5.6
40.0 41.74 -55.43 5.8
40.0 41.75 -51.47 5.0
40.0 41.75 -47.61 5.8
40.0 41.74 -45.49 6.0
40.0 41.84 -82.15 5.6
40.0 41.80 -35.64 5.7
40.0 41.79 -45.02 6.0
40.0 41.77 -43.55 5.6
40.0 41.76 -45.26 5.9
40.0 41.79 -60.63 5.8
40.0 41.76 -37.09 6.0
40.0 41.76 -47.50 5.8
40.0 41.74 -43.74 5.8
40.0 41.78 -59.06 5.8
40.0 41.76 -41.23 5.6
40.0 41.77 -49.34 5.8
40.0 41.68 -24.41 5.7
40.0 41.67 -38.12 5.6
40.0 41.63 -33.02 5.7
40.0 41.64 -48.40 5.4
40.0 41.62 -40.76 5.6
40.0 41.63 -46.64 5.4
40.0 41.56 -18.91 5.3
40.0 41.58 -50.47 6.2
40.0 41.58 -43.07 4.1
40.0 41.57 -41.11 5.2
40.0 41.56 -37.39 5.5
40.0 41.62 -64.12 5.1
40.0 41.60 -38.76 5.2
40.0 41.63 -52.35 4.6
40.0 41.60 -37.04 5.4
40.0 41.61 -46.82 5.5
40.0 41.63 -48.48 5.4
40.0 41.66 -56.02 5.6
40.0 41.66 -48.21 5.7
40.0 41.66 -42.29 5.1
40.0 41.65 -44.41 5.5
40.0 41.66 -48.23 5.5
40.0 41.65 -44.39 5.4
40.0 41.64 -38.40 5.4
40.0 41.61 -34.59 5.6
40.0 41.58 -35.79 5.4
40.0 41.59 -47.04 5.2
40.0 41.60 -44.82 5.0
40.0 41.64 -60.04 5.2
40.0 41.64 -44.51 4.6
40.0 41.64 -42.52 5.6
40.0 41.63 -42.55 5.5
40.0 41.65 -53.84 5.2
40.0 41.67 -50.34 5.3
40.0 41.65 -40.54 5.4
40.0 41.60 -29.34 5.4
40.0 41.56 -29.66 5.2
40.0 41.54 -35.32 5.2
40.0 41.59 -60.38 5.1
40.0 41.55 -29.73 5.2
40.0 41.50 -23.58 5.1
40.0 41.46 -26.57 5.1
40.0 41.44 -34.38 4.9
40.0 41.47 -49.63 4.8
40.0 41.48 -44.11 4.8
40.0 41.62 -87.73 4.7
40.0 41.60 -37.11 4.7
40.0 41.59 -38.96 5.2
40.0 41.57 -37.32 5.2
40.0 41.57 -45.01 5.0
40.0 41.59 -48.78 5.1
40.0 41.59 -43.02 5.2
40.0 41.57 -37.31 5.2
40.0 41.58 -48.79 5.2
40.0 41.61 -52.49 4.9
40.0 41.61 -42.81 5.2
40.0 41.60 -38.84 5.2
40.0 41.54 -28.66 5.2
40.0 41.58 -55.36 5.0
40.0 41.60 -48.69 5.2
40.0 41.62 -52.40 5.2
40.0 41.60 -37.09 5.2
40.0 41.63 -54.86 5.2
40.0 41.66 -55.99 5.1
40.0 41.66 -44.38 5.2
40.0 41.69 -54.29 5.4
40.0 41.69 -48.02 5.6
40.0 41.65 -32.87 5.5
40.0 41.61 -33.14 5.4
40.0 41.61 -42.78 4.9
40.0 41.67 -63.76 5.2
40.0 41.65 -40.57 5.4
40.0 41.67 -50.37 5.4
40.0 41.62 -29.25 5.4
40.0 41.66 -59.89 5.3
40.0 41.62 -33.05 6.0
40.0 41.62 -42.67 5.4
40.0 41.64 -52.24 5.3
40.0 41.66 -52.10 5.3
40.0 41.66 -44.39 5.4
40.0 41.72 -66.33 5.4
40.0 41.73 -51.61 5.6
40.0 41.72 -43.94 6.1
40.0 41.72 -45.76 5.1
40.0 41.72 -47.81 5.5
40.0 41.73 -51.61 5.6
40.0 41.73 -47.74 5.8
40.0 41.72 -41.68 5.4
40.0 41.69 -37.83 5.0
40.0 41.69 -46.33 5.8
40.0 41.63 -26.26 5.6
40.0 41.65 -52.16 5.6
40.0 41.66 -48.23 5.3
40.0 41.66 -44.39 5.2
40.0 41.66 -46.34 5.5
40.0 41.71 -63.43 5.9
40.0 41.68 -36.49 5.8
40.0 41.73 -62.09 5.4
40.0 41.72 -43.95 5.6
40.0 41.68 -36.46 6.0
40.0 41.68 -44.24 5.3
40.0 41.70 -54.11 5.5
40.0 41.68 -40.33 5.6
40.0 41.69 -48.04 5.4
40.0 41.69 -48.02 5.4
40.0 41.68 -42.04 5.8
40.0 41.67 -44.25 5.9
40.0 41.68 -48.10 5.4
40.0 41.68 -46.12 5.4
40.0 41.66 -40.46 5.5
40.0 41.67 -48.16 5.6
40.0 41.67 -48.12 5.9
40.0 41.68 -46.16 5.3
40.0 41.69 -51.86 5.5
40.0 41.71 -51.76 5.6
40.0 41.70 -41.87 5.7
40.0 41.69 -44.14 5.2
40.0 41.68 -44.20 5.8
40.0 41.64 -32.92 5.5
40.0 41.64 -42.50 5.6
40.0 41.62 -40.75 5.2
40.0 41.62 -44.63 5.8
40.0 41.62 -42.67 5.3
40.0 41.59 -33.32 5.3
40.0 41.61 -52.47 5.6
40.0 41.67 -63.76 5.2
40.0 41.67 -46.23 5.4
40.0 41.67 -44.32 5.3
40.0 41.66 -44.36 4.9
40.0 41.67 -46.30 5.2
40.0 41.61 -25.50 5.5
40.0 41.57 -33.42 5.4
40.0 41.58 -44.97 5.2
40.0 41.57 -39.14 5.3
40.0 41.54 -33.66 5.2
40.0 41.55 -45.18 5.3
40.0 41.54 -41.35 5.0
40.0 41.55 -43.43 4.5
40.0 41.51 -30.03 5.4
40.0 41.50 -37.81 5.4
40.0 41.52 -47.81 5.2
40.0 41.53 -45.31 4.8
40.0 41.52 -37.69 4.9
40.0 41.54 -49.14 4.9
40.0 41.55 -47.46 4.4
40.0 41.56 -46.87 5.0
40.0 41.55 -39.29 5.3
40.0 41.56 -43.32 5.2
40.0 41.53 -33.72 5.0
40.0 41.54 -45.24 4.4
40.0 41.53 -41.40 4.9
40.0 41.51 -31.62 4.9
40.0 41.55 -56.79 5.0
40.0 41.55 -41.31 5.4
40.0 41.55 -43.38 5.0
40.0 41.53 -33.76 5.0
40.0 41.52 -41.49 4.9
40.0 41.52 -41.50 5.0
40.0 41.60 -67.59 4.8
40.0 41.60 -44.81 5.2
40.0 41.59 -41.02 5.2
40.0 41.59 -44.87 5.0
40.0 41.57 -35.06 4.9
40.0 41.64 -67.87 5.2
40.0 41.60 -33.19 5.3
40.0 41.62 -46.82 5.2
40.0 41.61 -44.68 5.2
40.0 41.61 -44.69 5.2
40.0 41.56 -25.84 5.2
40.0 41.51 -23.52 5.0
40.0 41.51 -41.60 4.9
40.0 41.49 -34.06 5.0
40.0 41.48 -36.04 5.0
40.0 41.49 -45.60 4.8
40.0 41.49 -41.73 4.8
40.0 41.49 -41.72 5.1
40.0 41.48 -35.99 4.9
40.0 41.48 -43.53 4.1
40.0 41.52 -51.94 5.4
40.0 41.52 -39.69 5.0
40.0 41.49 -34.01 4.7
40.0 41.54 -56.90 5.1
40.0 41.53 -41.42 4.9
40.0 41.53 -39.55 5.0
40.0 41.53 -41.46 5.4
40.0 41.52 -41.48 4.8
40.0 41.50 -31.73 4.9
40.0 41.52 -49.24 4.5
40.0 41.53 -45.30 5.4
40.0 41.54 -45.25 5.7
40.0 41.54 -43.46 5.1
40.0 41.53 -37.58 5.0
40.0 41.56 -52.84 4.9
40.0 41.49 -18.72 5.1
40.0 41.51 -47.91 4.8
40.0 41.48 -30.28 5.1
40.0 41.46 -34.26 4.9
40.0 41.46 -40.26 4.8
40.0 41.45 -38.13 4.8
40.0 41.45 -38.18 4.7
40.0 41.45 -42.00 4.9
40.0 41.40 -20.59 5.6
40.0 41.42 -47.46 4.6
40.0 41.42 -36.62 4.6
40.0 41.48 -60.52 4.8
40.0 41.48 -41.77 4.8
40.0 41.49 -41.76 5.0
40.0 41.49 -41.75 4.7
40.0 41.49 -39.97 4.6
40.0 41.52 -54.40 5.2
40.0 41.54 -47.58 5.0
40.0 41.53 -35.50 5.0
40.0 41.50 -33.93 5.6
40.0 41.49 -37.86 5.4
40.0 41.39 -7.99 5.2
40.0 41.40 -39.38 4.6
40.0 41.42 -46.07 4.6
40.0 41.43 -42.15 4.7
40.0 41.45 -44.46 4.8
40.0 41.42 -30.68 4.9
40.0 41.41 -34.62 5.0
40.0 41.42 -42.26 5.4
40.0 41.44 -44.60 4.5
40.0 41.46 -49.66 4.6
40.0 41.47 -41.89 4.4
40.0 41.48 -45.66 4.8
40.0 41.47 -36.07 4.4
40.0 41.47 -41.84 5.0
40.0 41.47 -38.04 5.2
40.0 41.40 -16.55 4.8
40.0 41.47 -61.29 4.6
40.0 41.48 -45.65 4.7
40.0 41.46 -34.22 5.0
40.0 41.46 -36.25 4.7
40.0 41.46 -43.63 4.8
40.0 41.47 -44.20 4.8
40.0 41.49 -44.06 4.8
40.0 41.51 -49.32 5.6
40.0 41.50 -37.81 4.9
40.0 41.52 -49.24 5.0
40.0 41.49 -27.81 5.0
40.0 41.49 -43.51 4.4
40.0 41.48 -36.02 4.8
40.0 41.47 -36.11 4.7
40.0 41.47 -41.86 4.8
40.0 41.46 -38.07 5.4
40.0 41.44 -34.35 4.8
40.0 41.40 -20.67 4.7
40.0 41.39 -38.57 4.5
40.0 41.41 -42.35 4.4
40.0 41.41 -42.28 4.6
40.0 41.40 -32.75 4.5
40.0 41.45 -57.49 4.9
40.0 41.45 -38.17 4.6
40.0 41.46 -44.31 4.7
40.0 41.40 -19.34 4.6
40.0 41.41 -42.30 4.5
40.0 41.49 -65.07 4.2
40.0 41.47 -32.07 4.7
40.0 41.45 -34.33 4.9
40.0 41.46 -45.79 5.3
40.0 41.47 -40.19 5.3
40.0 41.45 -34.32 4.7
40.0 41.36 -8.27 4.7
40.0 41.37 -41.21 4.5
40.0 41.37 -37.12 4.5
40.0 41.38 -43.96 4.4
40.0 41.37 -33.04 4.6
40.0 41.38 -37.08 4.5
40.0 41.44 -61.48 4.8
40.0 41.45 -42.03 4.5
40.0 41.40 -23.18 4.3
40.0 41.41 -40.80 4.8
40.0 41.42 -42.25 4.4
40.0 41.38 -27.13 4.1
40.0 41.39 -40.96 4.1
40.0 41.40 -42.35 4.5
40.0 41.38 -30.97 4.5
40.0 41.33 -19.89 4.6
40.0 41.31 -29.63 5.0
40.0 41.35 -50.47 4.4
40.0 41.34 -35.08 4.5
40.0 41.44 -69.34 4.4
40.0 41.45 -44.40 4.5
40.0 41.45 -38.18 4.9
40.0 41.45 -42.00 4.1
40.0 41.45 -36.34 5.0
40.0 41.47 -49.58 4.8
40.0 41.52 -57.02 4.7
40.0 41.62 -75.88 5.6
40.0 41.60 -34.78 5.2
40.0 41.57 -39.47 5.2
40.0 41.55 -31.24 5.2
40.0 41.53 -35.47 5.0
40.0 41.46 -18.91 5.0
40.0 41.42 -26.85 4.9
40.0 41.40 -30.87 4.8
40.0 41.41 -40.83 4.5
40.0 41.38 -32.99 4.5
40.0 41.38 -37.00 4.6
40.0 41.38 -37.00 4.8
40.0 41.38 -38.64 4.5
40.0 41.32 -16.13 4.6
40.0 41.33 -39.07 4.2
40.0 41.33 -37.53 4.2
40.0 41.42 -65.59 4.3
40.0 41.45 -49.79 4.5
40.0 41.42 -30.70 4.0
40.0 41.39 -28.77 4.3
40.0 41.38 -34.81 4.8
40.0 41.39 -42.43 4.6
40.0 41.40 -40.85 4.5
40.0 41.44 -49.87 4.5
40.0 41.38 -19.53 4.7
40.0 41.39 -42.47 4.6
40.0 41.39 -36.94 4.4
40.0 41.37 -31.08 4.6
40.0 41.36 -34.98 4.0
40.0 41.33 -25.41 4.5
40.0 41.38 -54.16 4.5
40.0 41.35 -27.39 4.4
40.0 41.35 -38.89 4.5
40.0 41.33 -29.41 4.4
40.0 41.34 -40.49 4.4
40.0 41.34 -37.42 4.3
40.0 41.34 -33.42 4.5
40.0 41.28 -16.44 4.5
40.0 41.30 -43.12 4.3
40.0 41.31 -39.20 4.1
40.0 41.34 -45.62 4.3
40.0 41.39 -54.99 4.4
40.0 41.38 -33.01 4.4
40.0 41.40 -44.98 4.5
40.0 41.39 -34.77 4.6
40.0 41.37 -31.08 4.5
40.0 41.38 -42.54 4.8
e 27.521034955978394