95.0 255.00 0.0
95.0 46.15 255.00 0.0
95.0 46.14 255.00 0.0
95.0 46.13 255.00 0.0
95.0 46.13 255.00 0.0
95.0 
95.0 46.10 255.00 0.0
95.0 46.06 255.00 0.0
95.0 46.08 255.00 0.0
95.0 46.13 169.19 0.3
95.0 46.12 255.00 1.7
95.0 46.16 255.00 4.3
95.0 46.11 255.00 5.3
95.0 46.07 255.00 7.6
95.0 46.09 255.00 9.9
95.0 46.08 255.00 11.2
95.0 46.12 255.00 13.6
95.0 46.01 255.00 14.0
95.0 45.98 255.00 15.2
95.0 45.98 255.00 16.3
95.0 45.98 255.00 17.3
95.0 45.99 255.00 18.4
95.0 45.99 255.00 19.2
95.0 45.99 255.00 20.0
95.0 45.98 255.00 20.5
95.0 45.99 255.00 21.5
95.0 45.98 255.00 22.1
95.0 45.99 255.00 22.5
95.0 45.99 255.00 23.0
95.0 45.98 255.00 23.4
95.0 45.98 255.00 23.7
95.0 45.99 255.00 24.1
95.0 45.98 255.00 24.7
95.0 45.98 255.00 24.7
95.0 45.99 255.00 25.0
95.0 46.02 255.00 25.4
95.0 46.02 255.00 25.8
95.0 46.02 255.00 25.8
95.0 46.02 255.00 26.2
95.0 46.03 255.00 26.2
95.0 46.01 255.00 26.2
95.0 45.99 255.00 26.4
95.0 46.04 255.00 26.7
95.0 46.02 255.00 26.7
95.0 46.01 255.00 26.9
95.0 45.99 255.00 26.7
95.0 45.99 255.00 26.9
95.0 46.00 255.00 27.0
95.0 46.01 255.00 26.9
95.0 46.04 255.00 27.0
95.0 46.04 255.00 27.1
95.0 46.04 255.00 27.0
95.0 46.00 255.00 27.1
95.0 45.99 255.00 27.4
95.0 46.01 255.00 27.1
95.0 46.02 255.00 27.1
95.0 46.00 255.00 27.1
95.0 46.06 255.00 27.5
95.0 46.12 255.00 28.2
95.0 46.22 255.00 27.9
95.0 46.31 255.00 27.4
95.0 46.31 255.00 27.3
95.0 46.31 255.00 27.3
95.0 46.33 255.00 27.2
95.0 46.28 255.00 27.2
95.0 46.31 255.00 26.8
95.0 46.39 255.00 27.3
95.0 46.39 255.00 27.3
95.0 46.42 255.00 27.0
95.0 46.50 255.00 27.1
95.0 46.46 255.00 26.8
95.0 46.46 255.00 26.7
95.0 46.45 255.00 26.8
95.0 46.43 255.00 26.7
95.0 46.44 255.00 26.6
95.0 46.43 255.00 26.5
95.0 46.42 255.00 26.6
95.0 46.42 255.00 26.3
95.0 46.47 255.00 26.6
95.0 46.46 255.00 26.7
95.0 46.47 255.00 26.3
95.0 46.41 255.00 25.9
95.0 46.38 255.00 26.1
95.0 46.43 255.00 26.5
95.0 46.54 255.00 26.3
95.0 46.57 255.00 25.9
95.0 46.57 255.00 25.7
95.0 46.55 255.00 26.2
95.0 46.59 255.00 26.1
95.0 46.60 255.00 26.1
95.0 46.63 255.00 25.9
95.0 46.62 255.00 25.8
95.0 46.64 255.00 25.9
95.0 46.66 255.00 25.9
95.0 46.69 255.00 25.7
95.0 46.60 255.00 25.8
95.0 46.67 255.00 26.3
95.0 46.74 255.00 25.2
95.0 46.73 255.00 25.5
95.0 46.79 255.00 25.7
95.0 46.92 255.00 25.2
95.0 46.93 255.00 25.1
95.0 46.95 255.00 25.6
95.0 47.00 255.00 25.4
95.0 47.02 255.00 25.2
95.0 47.07 255.00 25.4
95.0 47.16 255.00 25.2
95.0 47.17 255.00 25.2
95.0 47.23 255.00 24.3
95.0 47.25 255.00 25.7
95.0 47.31 255.00 24.7
95.0 47.32 255.00 25.2
95.0 47.44 255.00 25.5
95.0 47.40 255.00 24.5
95.0 47.39 255.00 25.0
95.0 47.45 255.00 25.0
95.0 47.50 255.00 25.0
95.0 47.56 255.00 24.8
95.0 47.58 255.00 24.8
95.0 47.63 255.00 24.8
95.0 47.76 255.00 25.8
95.0 47.80 255.00 24.2
95.0 47.82 255.00 25.1
95.0 47.85 255.00 24.5
95.0 47.92 255.00 25.4
95.0 48.00 255.00 24.4
95.0 48.00 255.00 24.7
95.0 48.05 255.00 24.4
95.0 48.07 255.00 24.7
95.0 48.10 255.00 24.5
95.0 48.14 255.00 24.5
95.0 48.11 255.00 24.6
95.0 48.25 255.00 23.9
95.0 48.29 255.00 24.7
95.0 48.32 255.00 24.2
95.0 48.35 255.00 24.4
95.0 48.40 255.00 24.4
95.0 48.48 255.00 24.1
95.0 48.51 255.00 24.3
95.0 48.57 255.00 24.2
95.0 48.63 255.00 24.2
95.0 48.70 255.00 24.9
95.0 48.68 255.00 23.8
95.0 48.71 255.00 24.3
95.0 48.75 255.00 24.1
95.0 48.90 255.00 24.3
95.0 48.97 255.00 24.5
95.0 49.06 255.00 23.8
95.0 49.13 255.00 24.1
95.0 49.20 255.00 24.0
95.0 49.26 255.00 23.9
95.0 49.31 255.00 23.4
95.0 49.37 255.00 24.4
95.0 49.37 255.00 24.0
95.0 49.47 255.00 23.6
95.0 49.45 255.00 24.3
95.0 49.47 255.00 23.9
95.0 49.51 255.00 23.6
95.0 49.56 255.00 23.8
95.0 49.63 255.00 23.8
95.0 49.70 255.00 23.7
95.0 49.85 255.00 22.6
95.0 49.88 255.00 23.9
95.0 49.92 255.00 23.4
95.0 50.02 255.00 23.4
95.0 50.02 255.00 23.7
95.0 50.07 255.00 23.4
95.0 50.17 255.00 23.4
95.0 50.24 255.00 23.6
95.0 50.30 255.00 23.5
95.0 50.42 255.00 23.5
95.0 50.59 255.00 22.8
95.0 50.64 255.00 23.5
95.0 50.67 255.00 23.6
95.0 50.82 255.00 23.2
95.0 50.95 255.00 23.3
95.0 50.97 255.00 23.5
95.0 51.04 255.00 23.3
95.0 51.10 255.00 23.3
95.0 51.15 255.00 23.4
95.0 51.23 255.00 22.6
95.0 51.31 255.00 23.1
95.0 51.33 255.00 23.3
95.0 51.32 255.00 23.1
95.0 51.37 255.00 23.0
95.0 51.44 255.00 23.3
95.0 51.50 255.00 23.2
95.0 51.58 255.00 23.2
95.0 51.67 255.00 23.5
95.0 51.72 255.00 23.4
95.0 51.87 255.00 22.7
95.0 51.97 255.00 22.8
95.0 51.99 255.00 23.2
95.0 52.02 255.00 23.0
95.0 52.09 255.00 23.1
95.0 52.16 255.00 23.0
95.0 52.25 255.00 22.9
95.0 52.29 255.00 22.6
95.0 52.45 255.00 22.6
95.0 52.54 255.00 22.7
95.0 52.59 255.00 22.5
95.0 52.60 255.00 23.0
95.0 52.64 255.00 23.0
95.0 52.73 255.00 22.9
95.0 52.81 255.00 22.8
95.0 52.75 255.00 22.7
95.0 52.76 255.00 23.3
95.0 52.87 255.00 23.0
95.0 53.02 255.00 23.0
95.0 53.16 255.00 22.6
95.0 53.27 255.00 22.6
95.0 53.34 255.00 22.7
95.0 53.42 255.00 22.7
95.0 53.60 255.00 22.0
95.0 53.76 255.00 22.2
95.0 53.83 255.00 22.4
95.0 53.87 255.00 22.9
95.0 53.90 255.00 22.6
95.0 53.94 255.00 22.6
95.0 54.02 255.00 22.7
95.0 54.10 255.00 22.6
95.0 54.12 255.00 23.5
95.0 54.20 255.00 22.8
95.0 54.27 255.00 22.7
95.0 54.44 255.00 22.6
95.0 54.56 255.00 22.3
95.0 54.64 255.00 22.5
95.0 54.70 255.00 22.5
95.0 54.76 255.00 22.4
95.0 54.71 255.00 22.2
95.0 54.77 255.00 22.2
95.0 54.85 255.00 22.7
95.0 54.90 255.00 22.2
95.0 54.94 255.00 22.4
95.0 55.11 255.00 22.4
95.0 55.18 255.00 22.3
95.0 55.37 255.00 22.1
95.0 55.53 255.00 22.5
95.0 55.61 255.00 22.8
95.0 55.72 255.00 22.0
95.0 55.81 255.00 22.4
95.0 55.87 255.00 22.2
95.0 55.91 255.00 22.3
95.0 56.01 255.00 21.8
95.0 56.05 255.00 22.0
95.0 56.15 255.00 22.4
95.0 56.21 255.00 22.2
95.0 56.29 255.00 22.2
95.0 56.37 255.00 22.3
95.0 56.44 255.00 22.2
95.0 56.51 255.00 21.1
95.0 56.66 255.00 21.9
95.0 56.77 255.00 22.0
95.0 56.91 255.00 21.8
95.0 56.94 255.00 22.3
95.0 57.01 255.00 22.0
95.0 57.06 255.00 22.2
95.0 57.12 255.00 21.3
95.0 57.28 255.00 21.9
95.0 57.35 255.00 22.0
95.0 57.42 255.00 21.8
95.0 57.36 255.00 22.1
95.0 57.43 255.00 22.1
95.0 57.49 255.00 22.0
95.0 57.69 255.00 22.1
95.0 57.82 255.00 22.2
95.0 57.87 255.00 22.2
95.0 58.00 255.00 22.0
95.0 58.06 255.00 21.9
95.0 58.07 255.00 22.0
95.0 58.13 255.00 22.0
95.0 58.13 255.00 22.6
95.0 58.12 255.00 22.0
95.0 58.13 255.00 22.4
95.0 58.16 255.00 22.0
95.0 58.21 255.00 21.9
95.0 58.31 255.00 21.9
95.0 58.37 255.00 21.7
95.0 58.57 255.00 22.0
95.0 58.65 255.00 22.1
95.0 58.75 255.00 22.2
95.0 58.85 255.00 22.0
95.0 58.88 255.00 21.9
95.0 58.94 255.00 21.8
95.0 58.87 255.00 21.9
95.0 58.86 255.00 21.4
95.0 58.97 255.00 21.3
95.0 59.01 255.00 21.7
95.0 59.12 255.00 21.8
95.0 59.23 255.00 21.8
95.0 59.29 255.00 21.7
95.0 59.53 255.00 21.9
95.0 59.61 255.00 22.0
95.0 59.63 255.00 21.6
95.0 59.76 255.00 21.8
95.0 59.80 255.00 21.9
95.0 59.87 255.00 21.7
95.0 59.95 255.00 22.1
95.0 60.04 255.00 22.2
95.0 60.05 255.00 21.7
95.0 60.10 255.00 22.0
95.0 60.17 255.00 21.6
95.0 60.22 255.00 21.6
95.0 60.32 255.00 21.5
95.0 60.43 255.00 22.0
95.0 60.45 255.00 21.9
95.0 60.47 255.00 21.8
95.0 60.48 255.00 21.3
95.0 60.53 255.00 21.7
95.0 60.63 255.00 21.6
95.0 60.73 255.00 20.9
95.0 60.94 255.00 21.9
95.0 61.00 255.00 21.8
95.0 61.09 255.00 21.9
95.0 61.21 255.00 21.3
95.0 61.26 255.00 21.6
95.0 61.31 255.00 21.5
95.0 61.30 255.00 21.9
95.0 61.27 255.00 21.2
95.0 61.39 255.00 21.5
95.0 61.53 255.00 21.3
95.0 61.62 255.00 21.6
95.0 61.71 255.00 21.5
95.0 61.78 255.00 21.7
95.0 61.79 255.00 21.9
95.0 61.88 255.00 21.3
95.0 61.90 255.00 21.7
95.0 61.92 255.00 21.5
95.0 62.03 255.00 21.3
95.0 62.09 255.00 21.5
95.0 62.31 255.00 21.7
95.0 62.40 255.00 21.7
95.0 62.42 255.00 21.7
95.0 62.41 255.00 21.6
95.0 62.47 255.00 21.3
95.0 62.56 255.00 21.3
95.0 62.64 255.00 21.1
95.0 62.81 255.00 21.0
95.0 62.94 255.00 21.4
95.0 63.12 255.00 21.4
95.0 63.22 255.00 21.5
95.0 63.23 255.00 21.3
95.0 63.28 255.00 21.2
95.0 63.27 255.00 20.7
95.0 63.42 255.00 21.5
95.0 63.41 255.00 21.5
95.0 63.41 255.00 21.3
95.0 63.50 255.00 21.2
95.0 63.58 255.00 21.3
95.0 63.77 255.00 21.9
95.0 63.75 255.00 21.4
95.0 63.77 255.00 21.5
95.0 63.79 255.00 21.2
95.0 63.86 255.00 21.3
95.0 63.92 255.00 21.3
95.0 63.98 255.00 21.7
95.0 63.94 255.00 20.9
95.0 64.06 255.00 21.1
95.0 64.14 255.00 21.1
95.0 64.28 255.00 21.4
95.0 64.30 255.00 21.2
95.0 64.36 255.00 20.2
95.0 64.45 255.00 21.5
95.0 64.52 255.00 21.3
95.0 64.67 255.00 21.4
95.0 64.70 255.00 21.3
95.0 64.77 255.00 21.2
95.0 64.85 255.00 20.4
95.0 65.03 255.00 21.5
95.0 65.04 255.00 21.1
95.0 65.06 255.00 21.3
95.0 65.11 255.00 21.1
95.0 65.12 255.00 21.2
95.0 65.22 255.00 21.1
95.0 65.39 255.00 21.7
95.0 65.38 255.00 21.1
95.0 65.37 255.00 21.3
95.0 65.42 255.00 21.1
95.0 65.51 255.00 21.1
95.0 65.59 255.00 21.0
95.0 65.58 255.00 20.6
95.0 65.73 255.00 21.1
95.0 65.81 255.00 21.4
95.0 65.89 255.00 20.9
95.0 65.95 255.00 21.0
95.0 66.03 255.00 21.1
95.0 66.26 255.00 21.7
95.0 66.29 255.00 20.8
95.0 66.33 255.00 20.7
95.0 66.43 255.00 20.9
95.0 66.49 255.00 21.0
95.0 66.54 255.00 20.9
95.0 66.37 255.00 21.1
95.0 66.38 255.00 20.8
95.0 66.48 255.00 20.5
95.0 66.60 255.00 21.0
95.0 66.70 255.00 20.9
95.0 66.76 255.00 20.9
95.0 66.88 255.00 20.6
95.0 66.94 255.00 21.2
95.0 66.96 255.00 20.5
95.0 66.97 255.00 21.1
95.0 67.03 255.00 20.8
95.0 67.10 255.00 20.9
95.0 67.29 255.00 21.7
95.0 67.27 255.00 20.6
95.0 67.34 255.00 20.9
95.0 67.32 255.00 20.8
95.0 67.42 255.00 20.9
95.0 67.48 255.00 20.9
95.0 67.46 255.00 20.8
95.0 67.57 255.00 21.2
95.0 67.61 255.00 21.3
95.0 67.64 255.00 21.0
95.0 67.76 255.00 20.8
95.0 67.84 255.00 20.8
95.0 67.83 255.00 21.0
95.0 67.87 255.00 20.7
95.0 68.00 255.00 21.0
95.0 68.13 255.00 20.9
95.0 68.20 255.00 20.7
95.0 68.26 255.00 20.8
95.0 68.56 255.00 21.2
95.0 68.56 255.00 21.1
95.0 68.57 255.00 21.3
95.0 68.64 255.00 20.7
95.0 68.65 255.00 20.9
95.0 68.71 255.00 20.8
95.0 68.86 255.00 21.5
95.0 68.79 255.00 20.5
95.0 68.88 255.00 20.7
95.0 68.83 255.00 20.6
95.0 68.91 255.00 20.7
95.0 68.97 255.00 20.7
95.0 68.91 255.00 20.4
95.0 69.01 255.00 20.5
95.0 69.06 255.00 20.5
95.0 69.19 255.00 20.8
95.0 69.22 255.00 20.7
95.0 69.29 255.00 20.8
95.0 69.51 255.00 21.4
95.0 69.46 255.00 20.4
95.0 69.58 255.00 20.9
95.0 69.68 255.00 20.9
95.0 69.72 255.00 20.6
95.0 69.79 255.00 20.7
95.0 69.94 255.00 21.2
95.0 69.87 255.00 20.5
95.0 69.85 255.00 20.7
95.0 69.93 255.00 20.7
95.0 69.97 255.00 20.6
95.0 70.06 255.00 20.5
95.0 70.20 255.00 20.4
95.0 70.24 255.00 20.9
95.0 70.32 255.00 20.8
95.0 70.42 255.00 20.7
95.0 70.46 255.00 20.6
95.0 70.50 255.00 20.7
95.0 70.72 255.00 21.1
95.0 70.71 255.00 20.8
95.0 70.68 255.00 21.0
95.0 70.67 255.00 20.5
95.0 70.73 255.00 20.6
95.0 70.91 255.00 20.5
95.0 70.83 255.00 20.5
95.0 70.88 255.00 20.7
95.0 70.96 255.00 20.7
95.0 71.07 255.00 20.5
95.0 71.09 255.00 20.5
95.0 71.14 255.00 20.6
95.0 71.42 255.00 20.7
95.0 71.45 255.00 20.7
95.0 71.44 255.00 20.9
95.0 71.47 255.00 20.5
95.0 71.45 255.00 20.6
95.0 71.51 255.00 20.6
95.0 71.78 255.00 21.3
95.0 71.71 255.00 20.3
95.0 71.76 255.00 20.7
95.0 71.76 255.00 20.5
95.0 71.86 255.00 20.7
95.0 71.87 255.00 20.6
95.0 71.75 255.00 19.9
95.0 71.89 255.00 20.7
95.0 71.90 255.00 20.5
95.0 72.04 255.00 20.5
95.0 72.06 255.00 20.4
95.0 72.10 255.00 20.5
95.0 72.26 255.00 20.0
95.0 72.43 255.00 20.9
95.0 72.46 255.00 20.8
95.0 72.56 255.00 20.8
95.0 72.63 255.00 20.5
95.0 72.64 255.00 20.5
95.0 72.58 255.00 20.0
95.0 72.67 255.00 20.1
95.0 72.75 255.00 20.4
95.0 72.87 255.00 20.4
95.0 72.93 255.00 20.7
95.0 72.96 255.00 20.4
95.0 72.94 255.00 20.3
95.0 73.04 255.00 20.5
95.0 73.06 255.00 20.8
95.0 73.05 255.00 20.1
95.0 73.12 255.00 20.6
95.0 73.13 255.00 20.5
95.0 73.11 255.00 20.6
95.0 73.00 255.00 20.1
95.0 73.10 255.00 20.4
95.0 73.09 255.00 20.7
95.0 73.17 255.00 20.4
95.0 73.23 255.00 20.4
95.0 73.28 255.00 20.2
95.0 73.45 255.00 20.5
95.0 73.50 255.00 20.7
95.0 73.55 255.00 20.6
95.0 73.64 255.00 20.4
95.0 73.73 255.00 20.4
95.0 73.75 255.00 21.1
95.0 73.63 255.00 20.0
95.0 73.76 255.00 19.8
95.0 73.89 255.00 20.4
95.0 73.95 255.00 20.4
95.0 74.00 255.00 20.4
95.0 74.13 255.00 20.2
95.0 74.14 255.00 20.4
95.0 74.15 255.00 20.5
95.0 74.31 255.00 20.2
95.0 74.36 255.00 20.5
95.0 74.37 255.00 20.4
95.0 74.18 255.00 19.7
95.0 74.32 255.00 20.5
95.0 74.33 255.00 20.2
95.0 74.48 255.00 20.4
95.0 74.48 255.00 20.3
95.0 74.56 255.00 20.3
95.0 74.85 255.00 21.0
95.0 74.76 255.00 20.2
95.0 74.84 255.00 19.9
95.0 74.83 255.00 20.1
95.0 74.87 255.00 20.4
95.0 74.94 255.00 20.3
95.0 74.79 255.00 20.0
95.0 74.92 255.00 20.3
95.0 74.93 255.00 20.2
95.0 74.91 255.00 20.2
95.0 74.97 255.00 20.2
95.0 75.03 255.00 20.4
95.0 74.92 255.00 20.0
95.0 74.96 255.00 20.2
95.0 75.07 255.00 20.0
95.0 75.22 255.00 20.4
95.0 75.31 255.00 20.2
95.0 75.38 255.00 20.3
95.0 75.51 255.00 20.4
95.0 75.62 255.00 20.5
95.0 75.61 255.00 20.3
95.0 75.65 255.00 20.1
95.0 75.70 255.00 20.2
95.0 75.73 255.00 20.2
95.0 75.90 255.00 20.8
95.0 75.87 255.00 19.8
95.0 76.00 255.00 19.8
95.0 76.06 255.00 20.4
95.0 76.17 255.00 20.2
95.0 76.19 255.00 20.2
95.0 75.99 255.00 19.5
95.0 76.16 255.00 20.5
95.0 76.15 255.00 20.6
95.0 76.15 255.00 20.4
95.0 76.19 255.00 20.1
95.0 76.23 255.00 20.2
95.0 76.38 255.00 20.5
95.0 76.46 255.00 20.4
95.0 76.42 255.00 20.5
95.0 76.41 255.00 20.0
95.0 76.43 255.00 20.4
95.0 76.48 255.00 20.2
95.0 76.31 255.00 19.5
95.0 76.51 255.00 20.1
95.0 76.57 255.00 19.8
95.0 76.63 255.00 20.2
95.0 76.66 255.00 20.2
95.0 76.74 255.00 20.2
95.0 76.98 255.00 20.9
95.0 76.89 255.00 20.3
95.0 76.89 255.00 20.4
95.0 76.97 255.00 19.8
95.0 77.05 255.00 20.1
95.0 77.14 255.00 20.2
95.0 77.09 255.00 20.7
95.0 77.18 255.00 19.7
95.0 77.27 255.00 19.8
95.0 77.31 255.00 19.9
95.0 77.35 255.00 20.2
95.0 77.39 255.00 20.0
95.0 77.43 255.00 20.5
95.0 77.46 255.00 20.0
95.0 77.57 255.00 20.3
95.0 77.73 255.00 20.4
95.0 77.76 255.00 20.1
95.0 77.78 255.00 20.1
95.0 77.81 255.00 19.9
95.0 78.00 255.00 20.5
95.0 77.95 255.00 19.9
95.0 77.84 255.00 19.8
95.0 77.95 255.00 20.0
95.0 77.98 255.00 20.1
95.0 78.04 255.00 20.2
95.0 78.13 255.00 19.8
95.0 78.23 255.00 20.2
95.0 78.24 255.00 20.2
95.0 78.30 255.00 20.1
95.0 78.33 255.00 20.0
95.0 78.30 255.00 19.9
95.0 78.45 255.00 19.4
95.0 78.58 255.00 20.3
95.0 78.67 255.00 19.7
95.0 78.69 255.00 20.1
95.0 78.77 255.00 20.0
95.0 78.78 255.00 20.1
95.0 78.54 255.00 19.3
95.0 78.69 255.00 19.6
95.0 78.86 255.00 20.0
95.0 78.83 255.00 20.2
95.0 78.93 255.00 20.1
95.0 78.92 255.00 20.0
95.0 78.98 255.00 20.6
95.0 79.06 255.00 19.6
95.0 79.13 255.00 19.8
95.0 79.08 255.00 19.8
95.0 79.12 255.00 19.9
95.0 79.18 255.00 19.9
95.0 79.24 255.00 20.0
95.0 79.45 255.00 20.6
95.0 79.37 255.00 20.3
95.0 79.32 255.00 19.8
95.0 79.30 255.00 20.2
95.0 79.29 255.00 19.9
95.0 79.37 255.00 20.0
95.0 79.44 255.00 19.4
95.0 79.66 240.34 20.4
95.0 79.61 255.00 19.8
95.0 79.82 242.64 20.0
95.0 79.78 255.00 19.6
95.0 79.55 255.00 19.6
95.0 79.66 255.00 19.8
95.0 80.03 205.96 19.6
95.0 80.19 255.00 19.8
95.0 80.15 255.00 19.8
95.0 80.05 255.00 19.6
95.0 80.08 255.00 19.5
95.0 80.11 255.00 19.6
95.0 80.17 255.00 18.6
95.0 80.35 253.89 19.6
95.0 80.39 255.00 19.8
95.0 80.39 255.00 19.6
95.0 80.51 255.00 19.7
95.0 80.50 255.00 19.9
95.0 80.49 255.00 19.7
95.0 80.21 255.00 19.9
95.0 80.23 255.00 19.6
95.0 80.28 255.00 20.0
95.0 80.32 255.00 20.0
95.0 80.29 255.00 19.7
95.0 80.30 255.00 19.8
95.0 80.37 255.00 19.8
95.0 80.31 255.00 20.3
95.0 80.23 255.00 20.1
95.0 80.22 255.00 19.8
95.0 80.46 233.45 20.1
95.0 80.51 255.00 19.9
95.0 80.53 255.00 19.6
95.0 80.58 255.00 19.2
95.0 80.78 251.75 19.2
95.0 80.87 255.00 19.4
95.0 80.98 255.00 20.2
95.0 81.01 255.00 19.8
95.0 81.07 255.00 19.6
95.0 81.07 255.00 19.7
95.0 81.16 251.35 19.7
95.0 80.90 255.00 19.6
95.0 81.01 249.11 19.6
95.0 81.01 255.00 20.0
95.0 81.04 255.00 20.1
95.0 81.13 255.00 19.8
95.0 81.18 255.00 19.6
95.0 81.26 255.00 19.6
95.0 81.30 255.00 19.4
95.0 81.43 245.46 19.8
95.0 81.52 245.30 19.9
95.0 81.53 255.00 19.6
95.0 81.51 255.00 19.8
95.0 81.49 255.00 19.7
95.0 81.54 255.00 19.0
95.0 81.81 178.97 19.4
95.0 81.96 229.83 19.3
95.0 81.99 252.41 19.2
95.0 82.09 254.24 19.2
95.0 82.11 254.12 19.2
95.0 82.13 255.00 19.7
95.0 82.18 254.65 18.8
95.0 82.25 244.57 19.1
95.0 82.19 255.00 19.9
95.0 82.20 255.00 19.2
95.0 82.18 255.00 19.4
95.0 82.22 255.00 19.3
95.0 82.43 188.14 19.2
95.0 82.69 181.30 19.1
95.0 82.68 255.00 18.3
95.0 82.64 255.00 18.9
95.0 82.70 249.75 18.9
95.0 82.70 251.37 19.3
95.0 82.53 255.00 19.4
95.0 82.47 255.00 19.2
95.0 82.42 255.00 18.7
95.0 82.47 236.43 18.9
95.0 82.59 226.30 19.0
95.0 82.62 249.14 19.0
95.0 82.69 238.81 19.6
95.0 82.49 255.00 18.8
95.0 82.50 255.00 18.8
95.0 82.58 237.47 19.0
95.0 82.58 249.70 18.9
95.0 82.62 249.10 18.8
95.0 82.75 216.98 19.0
95.0 82.81 240.26 18.1
95.0 83.06 160.47 18.5
95.0 83.15 232.65 18.6
95.0 83.20 223.66 18.3
95.0 83.24 234.35 18.5
95.0 83.24 245.66 18.3
95.0 83.25 245.70 18.9
95.0 83.22 247.53 18.4
95.0 83.26 224.54 18.9
95.0 83.33 234.40 18.4
95.0 83.32 237.37 18.5
95.0 83.39 224.79 18.5
95.0 83.55 191.93 17.9
95.0 83.73 182.29 17.9
95.0 84.00 136.15 17.7
95.0 84.00 241.07 17.4
95.0 83.73 255.00 17.9
95.0 83.65 255.00 17.6
95.0 83.65 230.37 17.9
95.0 83.82 194.79 17.9
95.0 84.01 161.95 17.4
95.0 84.01 223.70 17.7
95.0 84.11 208.93 16.9
95.0 84.16 201.67 17.6
95.0 84.14 234.07 17.0
95.0 84.05 255.00 17.1
95.0 84.11 210.64 18.3
95.0 84.00 255.00 17.2
95.0 84.10 198.70 17.4
95.0 84.19 199.82 17.4
95.0 84.45 142.38 17.3
95.0 84.37 241.09 17.8
95.0 84.29 254.84 16.6
95.0 84.26 227.50 16.8
95.0 84.41 178.63 17.0
95.0 84.50 181.91 17.0
95.0 84.52 215.61 16.6
95.0 84.53 215.78 16.8
95.0 84.34 255.00 17.0
95.0 84.51 178.71 16.9
95.0 84.56 195.31 16.8
95.0 84.61 204.98 17.0
95.0 84.51 249.99 16.7
95.0 84.70 157.88 16.6
95.0 84.80 173.78 16.6
95.0 84.86 196.23 16.6
95.0 85.02 161.79 16.1
95.0 85.16 163.56 15.9
95.0 85.22 179.95 15.7
95.0 85.38 153.82 15.5
95.0 85.41 191.06 15.6
95.0 85.44 183.31 15.3
95.0 85.58 165.83 15.3
95.0 85.60 185.57 14.9
95.0 85.54 216.45 15.1
95.0 85.56 184.96 15.1
95.0 85.43 244.36 15.5
95.0 85.46 183.53 15.5
95.0 85.49 191.95 15.3
95.0 85.55 180.55 15.6
95.0 85.53 204.46 15.2
95.0 85.77 109.30 15.9
95.0 85.80 191.53 14.6
95.0 85.65 236.13 14.9
95.0 85.92 97.88 14.9
95.0 85.83 214.20 15.0
95.0 85.93 160.62 14.6
95.0 85.91 197.18 14.9
95.0 85.93 177.73 14.9
95.0 85.80 236.98 14.6
95.0 85.83 176.25 14.7
95.0 85.97 148.50 15.7
95.0 86.25 88.81 14.7
95.0 86.27 177.16 14.4
95.0 86.25 182.49 14.1
95.0 86.31 157.37 14.3
95.0 86.32 184.99 14.0
95.0 86.33 170.85 13.7
95.0 86.24 213.21 14.0
95.0 86.22 188.88 14.3
95.0 86.21 188.71 14.3
95.0 86.27 156.83 14.5
95.0 86.21 200.93 14.3
95.0 86.13 211.89 14.4
95.0 86.24 151.83 14.4
95.0 86.26 169.73 14.0
95.0 86.20 207.08 14.6
95.0 86.23 169.30 14.5
95.0 86.29 157.13 14.6
95.0 86.34 165.70 14.4
95.0 86.35 178.25 14.2
95.0 86.44 154.33 13.6
95.0 86.23 244.65 14.6
95.0 86.36 149.52 14.1
95.0 86.41 158.89 14.6
95.0 86.60 117.79 13.8
95.0 86.59 181.13 13.8
95.0 86.69 144.69 13.8
95.0 86.74 150.61 13.7
95.0 86.98 95.96 13.8
95.0 87.12 115.67 13.3
95.0 87.13 156.38 12.9
95.0 87.17 150.67 12.3
95.0 87.06 199.27 12.9
95.0 87.12 149.97 13.0
95.0 87.12 156.34 12.7
95.0 87.13 169.28 13.0
95.0 86.99 206.33 13.1
95.0 87.05 149.17 13.1
95.0 87.14 129.71 12.9
95.0 87.26 133.87 12.8
95.0 87.15 195.86 12.9
95.0 87.23 138.51 12.5
95.0 87.19 176.12 12.9
95.0 86.93 245.43 12.9
95.0 87.00 141.11 13.7
95.0 86.98 167.44 13.2
95.0 87.04 156.29 13.1
95.0 87.17 116.50 13.2
95.0 87.14 175.52 13.2
95.0 86.93 233.58 12.8
95.0 87.03 136.07 13.6
95.0 87.09 142.40 13.4
95.0 87.14 157.22 13.0
95.0 87.26 117.74 13.1
95.0 87.37 127.22 13.1
95.0 87.13 233.55 12.7
95.0 87.33 109.34 12.4
95.0 87.68 38.27 13.1
95.0 87.71 131.82 12.3
95.0 87.85 114.52 12.1
95.0 87.79 166.24 11.9
95.0 87.93 107.62 12.1
95.0 87.97 134.64 11.7
95.0 88.01 135.12 11.6
95.0 87.97 155.50 11.6
95.0 88.00 135.08 12.1
95.0 88.08 122.84 11.6
95.0 88.07 148.88 11.4
95.0 88.06 143.36 11.6
95.0 88.05 154.07 11.4
95.0 88.20 89.70 11.6
95.0 88.22 126.31 11.7
95.0 88.15 162.77 11.2
95.0 88.17 137.17 11.4
95.0 87.72 255.00 11.4
95.0 87.67 164.42 12.2
95.0 87.74 138.57 12.4
95.0 87.80 125.79 12.0
95.0 87.93 107.72 11.9
95.0 87.94 147.26 12.9
95.0 87.83 183.99 11.6
95.0 87.88 127.00 11.8
95.0 87.93 134.13 12.1
95.0 87.93 147.19 11.9
95.0 88.26 31.98 11.9
95.0 87.97 233.56 11.4
95.0 88.05 122.47 11.6
95.0 88.12 123.34 11.9
95.0 88.11 144.05 11.9
95.0 88.17 130.35 11.9
95.0 88.31 91.31 11.6
95.0 88.52 65.46 11.4
95.0 88.46 145.08 11.2
95.0 88.45 145.68 10.8
95.0 88.29 186.90 11.6
95.0 88.18 172.06 11.2
95.0 88.20 143.17 11.4
95.0 88.14 158.04 11.6
95.0 87.97 198.16 11.7
95.0 88.13 88.61 11.9
95.0 88.27 98.38 11.8
95.0 88.24 141.18 11.4
95.0 88.25 138.13 11.6
95.0 88.38 99.77 11.4
95.0 88.34 147.57 11.8
95.0 88.34 133.90 11.9
95.0 88.38 120.66 11.1
95.0 88.54 95.51 11.3
95.0 88.52 131.74 11.0
95.0 88.47 153.81 11.2
95.0 88.70 62.21 11.0
95.0 88.75 112.04 10.8
95.0 88.79 112.65 10.3
95.0 88.78 136.46 10.5
95.0 88.82 113.15 9.2
95.0 88.81 127.07 10.7
95.0 88.81 126.98 10.6
95.0 88.57 207.39 10.4
95.0 88.80 54.88 10.7
95.0 88.79 121.84 10.4
95.0 88.75 148.64 10.6
95.0 88.67 152.47 10.6
95.0 89.10 -5.75 10.3
95.0 89.07 126.71 10.6
95.0 89.20 88.87 11.0
95.0 89.19 114.14 10.3
95.0 89.00 185.86 10.3
95.0 88.97 133.85 9.9
95.0 89.03 102.05 10.8
95.0 89.12 89.07 10.5
95.0 89.09 127.04 10.6
95.0 88.98 163.28 10.1
95.0 88.95 129.13 10.5
95.0 88.97 120.54 10.6
95.0 89.03 107.77 10.8
95.0 88.85 184.05 10.1
95.0 88.88 114.00 10.1
95.0 88.91 124.99 10.7
95.0 88.93 114.78 10.8
95.0 89.08 80.83 10.6
95.0 88.97 153.98 10.5
95.0 89.15 67.72 10.4
95.0 89.07 144.73 10.4
95.0 89.04 130.41 9.9
95.0 89.01 134.32 10.3
95.0 89.15 74.86 10.7
95.0 89.11 131.44 10.8
95.0 89.03 144.18 10.1
95.0 89.05 126.37 10.2
95.0 89.06 116.64 10.3
95.0 89.03 134.52 10.1
95.0 89.12 95.21 10.1
95.0 89.04 140.91 10.5
95.0 88.98 147.06 10.1
95.0 89.03 107.80 10.3
95.0 89.05 121.44 10.4
95.0 89.06 116.65 10.4
95.0 89.07 121.69 11.1
95.0 88.96 159.83 10.3
95.0 89.02 107.59 10.8
95.0 89.03 116.26 10.7
95.0 89.08 113.90 10.7
95.0 89.09 117.15 10.3
95.0 89.14 109.07 10.1
95.0 89.30 62.44 10.2
95.0 89.25 133.53 9.9
95.0 89.16 146.06 9.7
95.0 89.20 99.24 10.6
95.0 89.24 110.29 10.1
95.0 89.07 171.95 9.9
95.0 89.12 103.37 10.2
95.0 89.12 117.63 10.3
95.0 89.09 139.46 10.2
95.0 89.26 61.75 10.3
95.0 89.25 119.48 10.1
95.0 89.28 110.81 10.1
95.0 89.35 92.39 10.1
95.0 89.37 107.09 10.0
95.0 89.31 137.98 9.7
95.0 89.17 159.95 9.5
95.0 89.17 113.72 9.9
95.0 89.13 131.76 10.2
95.0 89.05 148.00 10.3
95.0 88.94 159.67 10.3
95.0 88.93 128.71 10.6
95.0 88.99 112.95 10.4
95.0 88.81 181.44 10.6
95.0 88.93 86.12 10.7
95.0 88.99 101.44 10.8
95.0 89.05 107.95 10.5
95.0 89.06 121.57 10.6
95.0 89.23 61.36 10.3
95.0 89.18 136.46 10.1
95.0 89.22 104.89 10.1
95.0 89.21 123.52 10.3
95.0 89.17 136.27 10.1
95.0 89.17 122.93 10.2
95.0 89.25 90.90 10.4
95.0 89.24 114.89 10.2
95.0 89.15 152.63 10.1
95.0 89.11 131.47 10.1
95.0 89.11 122.29 10.3
95.0 89.16 109.34 10.4
95.0 89.20 109.83 10.4
95.0 89.24 105.10 10.3
95.0 89.15 149.18 10.1
95.0 89.19 109.70 10.7
95.0 89.52 14.41 10.3
95.0 89.33 174.68 9.9
95.0 89.23 150.22 9.3
95.0 89.27 100.39 9.8
95.0 89.25 115.18 10.2
95.0 89.16 149.39 10.5
95.0 89.12 135.72 10.0
95.0 89.38 41.95 10.2
95.0 89.28 144.99 10.1
95.0 89.30 116.09 9.7
95.0 89.33 101.52 10.1
95.0 89.23 150.22 9.8
95.0 89.15 142.69 10.1
95.0 89.15 122.67 10.4
95.0 89.11 135.51 10.1
95.0 89.23 76.15 10.6
95.0 89.35 84.20 10.5
95.0 89.62 12.66 10.1
95.0 89.58 124.39 9.3
95.0 89.53 123.76 8.9
95.0 89.46 136.62 9.5
95.0 89.43 118.22 9.7
95.0 89.65 29.31 9.5
95.0 89.56 138.17 9.1
95.0 89.52 119.87 9.4
95.0 89.36 162.80 9.4
95.0 89.34 116.76 9.8
95.0 89.25 150.38 10.1
95.0 89.24 119.31 9.8
95.0 89.23 119.19 10.2
95.0 88.77 255.00 10.2
95.0 88.73 139.65 10.6
95.0 88.77 118.05 11.2
95.0 88.81 118.52 11.1
95.0 88.88 105.96 11.0
95.0 88.91 114.48 10.8
95.0 89.37 -17.71 10.8
95.0 89.34 125.11 10.6
95.0 89.09 199.61 10.6
95.0 88.94 170.03 10.6
95.0 89.13 74.81 11.4
95.0 89.13 113.00 10.8
95.0 89.17 109.52 11.0
95.0 89.17 118.35 10.8
95.0 89.17 122.96 10.6
95.0 89.21 109.95 10.8
95.0 89.45 34.59 10.6
95.0 89.34 151.60 10.2
95.0 89.02 223.74 10.4
95.0 89.03 121.26 10.8
95.0 88.74 219.91 11.0
95.0 88.78 118.14 11.7
95.0 88.70 152.87 11.7
95.0 88.70 130.54 11.8
95.0 88.71 130.60 12.0
95.0 88.30 255.00 11.5
95.0 88.43 93.09 12.3
95.0 88.46 121.80 12.3
95.0 88.45 140.58 12.1
95.0 88.48 122.10 12.0
95.0 88.55 115.30 11.9
95.0 88.57 128.88 11.8
95.0 88.47 166.68 11.8
95.0 88.46 135.63 11.7
95.0 88.45 145.66 11.9
95.0 88.48 122.08 12.0
95.0 88.89 6.55 11.9
95.0 89.04 65.80 11.7
95.0 89.01 125.64 10.6
95.0 88.98 133.98 10.5
95.0 89.00 115.79 10.7
95.0 89.01 126.06 10.9
95.0 89.03 116.23 10.8
95.0 89.00 134.21 10.6
95.0 89.36 12.34 11.0
95.0 89.34 120.79 10.1
95.0 89.24 147.21 10.0
95.0 89.19 136.53 10.1
95.0 89.23 110.17 10.3
95.0 89.22 123.57 10.2
95.0 89.17 132.39 10.3
95.0 89.13 135.81 10.5
95.0 88.68 255.00 10.5
95.0 88.81 84.42 11.4
95.0 88.69 169.37 11.2
95.0 88.58 164.62 11.4
95.0 88.60 129.21 11.2
95.0 88.73 83.25 11.3
95.0 88.74 130.93 11.5
95.0 88.90 71.17 11.0
95.0 88.93 114.69 10.9
95.0 89.11 67.27 10.6
95.0 89.28 54.57 10.3
95.0 89.07 185.37 9.9
95.0 89.12 97.87 10.3
95.0 89.05 147.93 11.0
95.0 88.75 219.75 10.6
95.0 88.75 131.12 11.0
95.0 88.79 118.29 11.4
95.0 88.95 79.27 11.3
95.0 88.93 124.28 10.8
95.0 88.95 120.29 11.0
95.0 88.93 133.37 10.9
95.0 88.92 128.56 10.9
95.0 88.90 132.95 10.7
95.0 89.01 93.80 11.0
95.0 89.02 116.11 10.9
95.0 88.99 129.74 10.6
95.0 88.97 138.31 10.7
95.0 88.99 115.63 11.2
95.0 89.09 94.79 10.6
95.0 89.13 98.07 10.8
95.0 89.14 122.54 10.5
95.0 89.02 157.65 10.4
95.0 88.88 169.04 10.7
95.0 89.15 47.86 11.4
95.0 89.00 168.81 10.8
95.0 88.97 133.86 10.5
95.0 88.95 129.09 10.7
95.0 88.93 137.92 10.8
95.0 88.80 167.87 10.8
95.0 88.79 131.63 11.6
95.0 88.75 144.26 11.7
95.0 89.04 37.80 11.4
95.0 88.82 193.72 10.9
95.0 89.15 33.90 10.6
95.0 89.23 84.57 10.9
95.0 89.39 56.41 10.4
95.0 89.28 147.90 10.6
95.0 89.23 137.04 10.1
95.0 89.14 149.13 10.6
95.0 88.95 183.52 9.8
95.0 88.81 170.90 10.6
95.0 88.81 126.95 11.4
95.0 88.65 181.56 11.4
95.0 88.66 124.72 11.4
95.0 88.75 110.55 12.1
95.0 88.67 152.45 11.2
95.0 88.52 177.16 11.4
95.0 88.47 158.23 12.1
95.0 88.50 122.32 12.5
95.0 88.40 165.87 11.9
95.0 88.52 101.46 12.0
95.0 88.50 141.24 11.6
95.0 88.41 162.15 11.8
95.0 88.53 101.54 12.1
95.0 88.51 141.32 11.4
95.0 88.34 190.35 11.8
95.0 88.27 159.97 12.1
95.0 88.44 94.45 12.5
95.0 88.67 43.83 11.9
95.0 88.64 133.81 11.5
95.0 88.90 50.45 11.3
95.0 88.93 114.69 10.6
95.0 88.87 145.74 10.7
95.0 88.90 114.27 10.9
95.0 88.88 137.44 10.4
95.0 88.83 141.16 11.8
95.0 89.07 52.56 11.4
95.0 88.92 167.48 10.6
95.0 88.75 185.37 10.8
95.0 88.79 112.68 10.9
95.0 88.71 153.03 11.5
95.0 88.71 135.75 11.0
95.0 88.76 112.18 11.5
95.0 88.72 143.87 11.0
95.0 88.68 143.43 11.4
95.0 88.50 192.25 11.6
95.0 88.56 109.27 12.0
95.0 88.54 141.70 11.6
95.0 88.52 141.48 11.8
95.0 88.55 128.60 12.2
95.0 88.73 68.64 11.9
95.0 88.69 143.57 11.3
95.0 88.66 138.61 11.2
95.0 88.63 138.17 11.4
95.0 88.64 135.04 11.4
95.0 88.69 111.23 11.5
95.0 88.74 117.65 11.4
95.0 88.74 125.96 11.5
95.0 88.70 148.18 11.6
95.0 88.71 125.48 11.2
95.0 88.71 130.65 11.7
95.0 88.64 155.90 11.0
95.0 88.42 203.72 11.4
95.0 88.49 108.25 12.0
95.0 88.68 75.97 11.9
95.0 88.77 98.17 11.6
95.0 88.77 121.42 11.4
95.0 88.81 118.49 11.2
95.0 88.76 144.42 11.2
95.0 88.76 131.25 11.1
95.0 88.80 112.83 11.3
95.0 88.84 124.28 11.4
95.0 88.79 140.53 11.0
95.0 88.78 131.54 11.0
95.0 88.82 113.15 11.2
95.0 89.02 73.74 11.0
95.0 89.03 111.29 10.9
95.0 89.13 89.11 10.6
95.0 88.93 185.10 10.4
95.0 88.96 115.15 10.4
95.0 89.06 94.43 10.9
95.0 88.99 139.91 11.4
95.0 89.17 75.22 10.7
95.0 89.17 113.66 10.5
95.0 89.13 135.75 10.4
95.0 89.05 147.97 10.5
95.0 89.10 108.62 10.6
95.0 89.11 117.38 10.9
95.0 89.11 127.01 10.6
95.0 89.12 117.51 10.4
95.0 89.16 103.97 10.3
95.0 89.24 96.68 10.3
95.0 89.40 63.82 10.3
95.0 89.37 121.34 10.1
95.0 89.35 121.02 9.9
95.0 89.45 85.49 10.1
95.0 89.31 159.97 9.7
95.0 89.46 64.69 10.0
95.0 89.39 132.30 10.0
95.0 89.48 85.87 10.2
95.0 89.37 149.22 10.0
95.0 89.47 79.71 10.1
95.0 89.36 151.82 9.6
95.0 89.42 87.99 10.1
95.0 89.44 108.09 9.9
95.0 89.37 132.00 9.9
95.0 89.31 137.98 9.5
95.0 89.41 72.47 10.8
95.0 89.27 159.34 10.4
95.0 89.18 152.92 9.9
95.0 89.22 99.53 10.4
95.0 88.90 222.03 10.4
95.0 89.09 59.31 10.6
95.0 89.18 95.96 10.7
95.0 89.14 127.95 10.4
95.0 89.14 122.59 10.4
95.0 89.14 122.61 10.4
95.0 89.14 122.63 10.5
95.0 89.14 117.94 10.4
95.0 89.14 117.96 10.4
95.0 89.11 139.65 10.4
95.0 89.15 103.85 10.9
95.0 89.27 83.27 10.3
95.0 89.34 92.34 10.7
95.0 89.28 134.06 10.2
95.0 89.08 185.41 10.2
95.0 89.08 121.91 10.3
95.0 88.97 160.02 10.7
95.0 88.99 120.76 11.0
95.0 89.09 88.54 11.0
95.0 89.18 89.85 10.6
95.0 89.26 91.03 10.6
95.0 89.29 100.76 10.1
95.0 89.35 103.58 10.2
95.0 89.37 107.18 10.8
95.0 89.31 138.05 9.7
95.0 89.26 130.03 10.1
95.0 89.29 115.92 10.2
95.0 89.23 133.31 10.3
95.0 89.31 97.51 10.4
95.0 89.29 120.15 10.2
95.0 89.16 159.74 10.4
95.0 89.50 14.09 11.2
95.0 89.34 160.66 9.9
95.0 89.17 175.29 10.1
95.0 89.13 131.72 10.4
95.0 89.13 122.47 11.0
95.0 89.09 135.33 10.8
95.0 89.35 41.61 10.8
95.0 89.25 144.54 10.5
95.0 89.28 110.85 10.4
95.0 89.27 124.18 10.7
95.0 89.26 119.62 10.4
95.0 89.29 110.92 10.7
95.0 89.40 84.78 10.4
95.0 89.41 107.74 10.3
95.0 89.55 66.13 9.8
95.0 89.72 53.69 10.0
95.0 89.70 108.12 9.7
95.0 89.65 125.46 8.9
95.0 89.64 106.99 9.5
95.0 89.47 164.41 9.4
95.0 89.40 135.79 9.7
95.0 89.34 131.44 10.0
95.0 89.32 129.08 9.7
95.0 89.60 12.16 10.3
95.0 89.51 137.44 9.9
95.0 89.56 90.37 9.1
95.0 89.52 123.50 9.9
95.0 89.52 104.90 9.1
95.0 89.48 119.24 9.6
95.0 89.41 135.95 9.5
95.0 89.15 199.76 9.6
95.0 89.19 104.48 9.7
95.0 89.15 128.14 10.0
95.0 89.15 127.40 10.2
95.0 89.40 33.80 10.4
95.0 89.42 107.80 10.1
95.0 89.16 199.83 9.8
95.0 89.28 76.84 10.1
95.0 89.27 119.79 10.3
95.0 89.30 106.02 10.4
95.0 89.36 103.68 10.3
95.0 89.47 79.60 10.1
95.0 89.09 237.60 9.8
95.0 89.06 126.52 10.3
95.0 89.07 126.58 10.8
95.0 89.12 103.33 10.6
95.0 89.16 109.36 11.4
95.0 89.28 83.38 10.8
95.0 89.35 86.73 10.4
95.0 89.54 51.00 10.4
95.0 89.46 136.68 9.5
95.0 89.43 122.20 9.7
95.0 89.44 103.52 10.1
95.0 89.26 176.38 9.5
95.0 89.37 78.16 10.6
95.0 89.51 65.55 10.8
95.0 89.64 60.92 9.3
95.0 89.63 102.76 9.6
95.0 89.59 128.09 9.3
95.0 89.58 105.99 9.5
95.0 89.54 123.84 9.5
95.0 89.46 136.69 9.7
95.0 89.47 108.62 9.5
95.0 89.78 -1.04 10.0
95.0 89.45 218.57 9.6
95.0 89.46 113.02 10.1
95.0 89.51 94.79 10.3
95.0 89.55 95.47 10.9
95.0 89.55 109.86 10.2
95.0 89.60 101.07 9.8
95.0 89.59 106.16 10.0
95.0 89.59 114.64 9.9
95.0 89.80 39.69 9.8
95.0 89.81 90.39 9.7
95.0 89.83 95.15 9.5
95.0 89.68 152.15 9.3
95.0 89.71 97.80 9.1
95.0 89.70 104.03 9.5
95.0 89.68 111.75 9.3
95.0 89.75 83.85 9.7
95.0 90.03 -6.03 9.3
95.0 90.02 98.61 9.3
95.0 90.02 94.63 9.4
95.0 90.01 102.32 9.1
95.0 89.93 127.06 9.3
95.0 89.81 141.89 9.1
95.0 89.91 71.46 9.5
95.0 90.04 45.65 9.4
95.0 89.99 113.23 8.6
95.0 89.99 98.01 9.0
95.0 89.99 101.94 8.7
95.0 89.95 112.39 8.9
95.0 89.83 142.13 9.1
95.0 89.80 109.82 9.5
95.0 89.62 166.55 9.4
95.0 89.57 124.29 9.7
95.0 89.69 61.83 9.9
95.0 89.85 55.59 9.8
95.0 89.86 91.34 8.6
95.0 89.79 124.61 8.9
95.0 89.81 94.76 9.5
95.0 89.74 123.78 9.3
95.0 89.72 112.37 9.9
95.0 89.79 79.09 8.8
95.0 89.81 99.24 9.1
95.0 89.86 75.18 9.2
95.0 89.79 124.70 9.2
95.0 89.77 109.29 9.2
95.0 89.75 112.75 9.1
95.0 89.94 41.83 9.3
95.0 90.34 -53.32 9.0
95.0 90.38 78.51 9.0
95.0 90.22 147.04 9.1
95.0 90.11 132.38 9.0
95.0 89.79 210.77 9.1
95.0 89.72 126.55 9.6
95.0 89.71 112.11 10.3
95.0 89.61 138.92 10.1
95.0 89.69 88.37 10.4
95.0 89.67 111.65 9.9
95.0 89.75 83.76 10.1
95.0 89.77 94.08 10.1
95.0 89.75 116.59 9.6
95.0 89.98 18.97 9.7
95.0 89.94 109.07 9.5
95.0 89.98 87.31 9.2
95.0 90.28 -8.74 9.3
95.0 90.29 88.00 8.9
95.0 90.18 129.90 8.9
95.0 90.20 90.54 8.7
95.0 90.14 115.76 8.9
95.0 90.25 55.80 8.7
95.0 90.34 57.53 8.9
95.0 90.23 132.31 8.5
95.0 90.24 91.14 8.4
95.0 90.26 83.23 8.6
95.0 90.19 114.13 8.1
95.0 90.25 81.26 8.6
95.0 90.22 98.77 8.7
95.0 90.19 101.60 8.4
95.0 89.93 185.32 8.9
95.0 89.98 91.95 9.1
95.0 89.98 93.77 9.6
95.0 90.02 78.34 9.1
95.0 90.14 53.92 9.0
95.0 89.81 211.17 8.6
95.0 89.82 99.49 8.9
95.0 89.84 90.90 9.2
95.0 89.85 99.90 9.2
95.0 89.70 151.20 9.4
95.0 89.73 93.39 9.4
95.0 89.71 108.26 9.6
95.0 89.78 84.26 9.4
95.0 89.92 50.12 9.5
95.0 90.05 45.91 9.1
95.0 90.09 79.77 9.0
95.0 90.20 60.86 8.2
95.0 90.26 66.88 8.3
95.0 90.45 27.15 8.6
95.0 90.40 105.19 7.8
95.0 90.31 121.16 7.6
95.0 90.41 58.61 8.2
95.0 90.57 22.56 8.1
95.0 90.47 123.53 7.5
95.0 90.38 120.08 7.8
95.0 90.51 50.31 8.7
95.0 90.46 103.63 7.8
95.0 90.45 97.75 7.8
95.0 90.48 71.46 8.0
95.0 90.27 162.93 7.7
95.0 90.20 122.18 8.0
95.0 90.18 101.29 8.6
95.0 90.16 104.43 8.4
95.0 90.14 100.59 8.5
95.0 89.88 184.09 8.6
95.0 89.97 66.78 8.9
95.0 89.93 108.92 9.1
95.0 90.02 73.09 9.0
95.0 90.06 83.79 8.7
95.0 90.05 99.01 8.6
95.0 90.25 15.92 9.0
95.0 90.27 91.50 8.8
95.0 90.15 129.36 8.2
95.0 90.26 56.08 8.6
95.0 90.58 -20.41 8.4
95.0 90.56 95.89 8.2
95.0 90.50 107.01 8.2
95.0 90.37 134.80 8.2
95.0 90.33 106.98 8.6
95.0 90.33 92.50 8.6
95.0 90.06 188.95 8.2
95.0 90.05 102.84 9.4
95.0 90.08 88.77 9.3
95.0 90.03 113.87 9.2
95.0 90.11 69.12 9.2
95.0 90.13 85.18 9.3
95.0 90.20 70.79 8.6
95.0 90.06 143.03 8.9
95.0 90.05 102.82 9.0
95.0 89.84 169.88 9.3
95.0 90.29 -48.20 9.5
95.0 90.34 73.31 9.7
95.0 90.23 132.32 9.3
95.0 90.28 77.02 9.5
95.0 90.13 144.55 9.9
95.0 90.16 89.87 9.8
95.0 90.18 81.65 9.5
95.0 90.24 76.39 9.1
95.0 90.43 19.52 8.9
95.0 90.51 55.24 8.6
95.0 90.45 106.16 8.4
95.0 90.32 135.50 8.3
95.0 90.33 92.45 8.6
95.0 90.33 84.86 9.0
95.0 90.30 106.55 8.6
95.0 90.31 88.21 8.6
95.0 90.31 84.45 8.6
95.0 90.45 43.40 8.4
95.0 90.44 90.60 7.3
95.0 90.48 75.67 8.0
95.0 90.47 87.64 8.2
95.0 90.38 120.01 8.1
95.0 90.34 107.13 8.4
95.0 90.30 103.47 8.2
95.0 90.27 106.09 8.4
95.0 90.28 91.70 8.8
95.0 90.17 131.27 8.6
95.0 90.19 86.12 8.5
95.0 90.61 -54.41 8.8
95.0 90.63 82.12 8.8
95.0 90.64 74.76 8.9
95.0 90.66 78.88 8.9
95.0 90.63 91.01 8.8
95.0 90.48 137.90 8.6
95.0 90.74 -0.80 8.6
95.0 90.46 180.30 8.6
95.0 90.41 108.21 9.2
95.0 90.62 13.86 9.1
95.0 90.56 108.00 8.8
95.0 90.58 77.50 8.0
95.0 90.52 109.86 8.4
95.0 90.55 76.91 8.7
95.0 90.45 121.28 8.4
95.0 90.24 162.01 8.7
95.0 90.52 3.74 9.1
95.0 90.54 72.71 8.6
95.0 90.61 57.42 8.4
95.0 90.55 110.28 7.8
95.0 90.49 106.82 8.3
95.0 90.40 120.36 8.5
95.0 90.40 93.44 8.6
95.0 90.35 104.40 8.8
95.0 90.44 64.42 8.6
95.0 90.44 86.94 8.2
95.0 90.27 147.85 8.6
95.0 90.36 63.27 8.6
95.0 90.37 85.49 9.2
95.0 90.24 132.64 8.7
95.0 90.47 18.88 8.7
95.0 90.46 91.00 8.4
95.0 90.33 133.06 8.4
95.0 90.51 34.97 8.4
95.0 90.50 91.58 8.3
95.0 90.49 87.99 8.2
95.0 90.48 91.19 8.4
95.0 90.51 71.97 8.1
95.0 90.41 122.64 8.6
95.0 90.50 60.20 8.5
95.0 90.57 56.51 8.2
95.0 90.51 109.69 7.9
95.0 90.58 61.70 8.2
95.0 90.36 164.09 8.0
95.0 90.20 146.64 8.6
95.0 90.13 121.37 8.4
95.0 90.20 70.78 9.0
95.0 90.26 66.87 8.6
95.0 90.23 102.26 8.6
95.0 90.29 77.11 8.4
95.0 90.22 117.16 8.6
95.0 90.15 116.00 8.6
95.0 90.30 53.35 9.1
95.0 90.35 68.73 8.5
95.0 90.23 130.96 8.4
95.0 90.37 48.30 8.1
95.0 90.33 104.06 8.5
95.0 90.38 78.47 8.4
95.0 90.47 54.39 8.2
95.0 90.46 90.87 8.0
95.0 90.49 75.92 8.1
95.0 90.05 247.57 8.1
95.0 90.00 116.52 9.1
95.0 89.92 129.46 8.9
95.0 90.01 72.89 9.3
95.0 90.13 47.43 9.3
95.0 90.20 70.69 9.5
95.0 90.21 86.59 8.7
95.0 90.11 128.42 8.7
95.0 90.09 103.52 9.4
95.0 90.17 70.15 8.8
95.0 90.27 61.91 8.6
95.0 90.20 114.44 8.6
95.0 90.10 132.12 8.6
95.0 90.12 89.40 8.9
95.0 90.50 -49.90 8.8
95.0 90.53 80.74 9.0
95.0 90.52 88.65 8.6
95.0 90.50 95.06 8.7
95.0 90.41 118.76 8.7
95.0 90.41 93.61 8.7
95.0 90.49 54.88 8.8
95.0 90.48 91.25 8.6
95.0 90.47 91.08 8.6
95.0 90.34 133.14 8.4
95.0 90.38 78.52 8.0
95.0 90.26 132.94 8.8
95.0 90.32 72.80 8.8
95.0 90.32 88.49 8.9
95.0 90.33 88.60 8.5
95.0 90.33 88.69 8.5
95.0 90.38 69.34 8.4
95.0 90.30 118.61 8.9
95.0 90.31 92.12 8.6
95.0 90.31 84.46 8.4
95.0 90.24 117.57 8.7
95.0 90.25 87.27 8.7
95.0 90.14 132.83 8.2
95.0 90.17 85.76 8.8
95.0 90.19 86.14 8.8
95.0 90.25 71.65 8.5
95.0 90.26 83.41 8.8
95.0 90.32 72.84 8.6
95.0 90.01 202.83 8.1
95.0 90.04 92.77 8.9
95.0 89.88 154.77 9.1
95.0 89.97 66.68 9.2
95.0 89.97 97.61 9.3
95.0 90.01 82.98 9.1
95.0 89.92 127.00 9.1
95.0 89.97 82.28 9.4
95.0 90.10 59.29 9.7
95.0 90.25 33.07 9.0
95.0 90.22 98.86 8.6
95.0 90.28 72.21 8.6
95.0 90.38 58.11 8.4
95.0 90.34 104.10 8.3
95.0 90.34 88.81 8.5
95.0 90.47 37.61 8.3
95.0 90.26 162.46 7.8
95.0 90.32 72.80 8.2
95.0 90.58 -3.48 8.8
95.0 90.56 89.58 7.7
95.0 90.55 95.67 8.2
95.0 90.53 88.87 8.0
95.0 90.47 103.99 8.2
95.0 90.42 111.27 7.9
95.0 90.42 90.18 8.4
95.0 90.33 119.21 8.7
95.0 90.38 73.93 8.6
95.0 90.30 120.92 8.4
95.0 90.26 102.84 8.6
95.0 90.28 87.68 8.4
95.0 90.25 102.51 8.5
95.0 90.26 91.41 8.6
95.0 90.40 42.53 9.1
95.0 90.40 86.17 8.3
95.0 90.31 121.16 8.8
95.0 90.36 73.64 8.4
95.0 90.37 85.49 8.3
95.0 90.20 146.74 8.2
95.0 90.26 76.73 8.6
95.0 90.32 72.84 8.5
95.0 90.32 84.65 8.4
95.0 90.37 69.16 8.2
95.0 90.63 5.50 8.2
95.0 90.53 119.96 7.7
95.0 90.43 122.89 8.2
95.0 90.43 93.88 7.8
95.0 90.46 75.40 8.5
95.0 90.46 87.35 8.1
95.0 90.49 71.58 7.9
95.0 90.52 80.56 8.3
95.0 90.51 88.43 8.0
95.0 90.50 91.54 7.9
95.0 90.70 7.76 7.6
95.0 90.80 44.27 7.6
95.0 90.71 110.75 7.3
95.0 90.85 34.31 7.3
95.0 90.76 111.63 7.2
95.0 90.77 84.22 7.3
95.0 90.73 95.66 7.3
95.0 90.57 137.96 7.4
95.0 90.51 109.72 7.7
95.0 90.58 66.54 8.2
95.0 90.96 -58.81 7.7
95.0 90.99 72.59 8.0
95.0 91.01 69.33 8.2
95.0 91.08 54.50 8.3
95.0 90.97 114.18 7.6
95.0 90.83 127.92 7.4
95.0 90.82 88.37 8.0
95.0 90.95 30.33 8.4
95.0 90.98 68.73 8.0
95.0 90.88 113.66 7.5
95.0 90.87 85.76 8.2
95.0 90.82 94.91 7.8
95.0 90.58 169.20 7.8
95.0 90.60 85.59 8.8
95.0 90.49 120.50 8.7
95.0 90.53 80.62 8.6
95.0 90.91 -59.88 8.6
95.0 90.58 194.39 8.6
95.0 90.60 81.74 9.3
95.0 90.66 58.46 9.5
95.0 90.59 110.95 9.2
95.0 90.61 78.08 8.8
95.0 90.59 93.24 9.0
95.0 90.49 120.38 9.0
95.0 90.44 108.61 9.0
95.0 90.35 121.67 8.4
95.0 90.31 103.65 9.3
95.0 90.24 119.99 9.3
95.0 90.42 33.65 8.8
95.0 90.29 133.54 9.1
95.0 90.35 73.33 9.3
95.0 90.31 103.60 8.9
95.0 90.53 19.74 8.9
95.0 90.64 41.15 8.5
95.0 90.66 78.88 8.3
95.0 90.63 93.96 8.3
95.0 90.69 63.67 8.2
95.0 90.66 91.60 8.1
95.0 90.68 75.41 7.7
95.0 90.69 83.05 8.0
95.0 90.62 106.95 8.0
95.0 90.28 203.25 8.0
95.0 90.29 91.80 8.8
95.0 90.05 173.17 8.6
95.0 90.30 8.22 8.4
95.0 90.19 128.74 8.6
95.0 90.13 121.26 8.8
95.0 90.19 70.64 8.5
95.0 90.25 71.71 8.9
95.0 90.31 67.85 8.7
95.0 90.32 88.38 8.6
95.0 90.32 88.50 8.5
95.0 90.33 84.75 8.4
95.0 90.46 43.64 7.9
95.0 90.50 75.99 8.0
95.0 90.44 106.00 7.9
95.0 90.40 105.16 8.2
95.0 90.39 93.43 8.2
95.0 90.35 104.38 8.2
95.0 90.19 146.53 8.3
95.0 90.30 62.27 8.7
95.0 90.30 88.18 8.4
95.0 90.44 43.25 8.0
95.0 90.39 102.35 8.2
95.0 90.48 59.87 7.8
95.0 90.55 66.08 8.0
95.0 90.80 -7.87 7.8
95.0 90.84 66.27 8.0
95.0 90.75 111.44 7.6
95.0 90.72 98.20 7.5
95.0 90.52 152.56 8.0
95.0 90.59 61.87 8.2
95.0 90.74 38.41 8.5
95.0 90.75 76.89 8.0
95.0 90.71 95.34 7.8
95.0 90.85 28.23 7.8
95.0 90.89 67.12 7.5
95.0 90.84 97.57 7.6
95.0 90.75 109.71 7.4
95.0 90.63 127.50 7.3
95.0 90.65 78.67 7.9
95.0 90.66 78.94 8.4
95.0 90.64 91.08 7.8
95.0 90.65 78.74 8.0
95.0 90.71 63.99 7.8
95.0 90.64 107.35 7.8
95.0 90.57 110.58 7.6
95.0 90.59 81.62 8.0
95.0 90.70 42.29 8.0
95.0 90.71 79.76 7.6
95.0 90.47 167.13 7.5
95.0 90.34 137.43 8.2
95.0 90.43 59.07 8.5
95.0 90.30 133.69 8.5
95.0 90.27 106.13 7.9
95.0 90.37 57.92 8.6
95.0 90.50 44.23 8.6
95.0 90.48 87.95 8.3
95.0 90.52 80.49 8.0
95.0 90.55 72.72 7.9
95.0 90.70 31.64 8.1
95.0 90.71 76.13 7.4
95.0 90.85 34.27 7.6
95.0 90.80 96.96 7.4
95.0 90.76 93.65 7.3
95.0 90.89 40.70 7.6
95.0 90.84 95.35 7.0
95.0 90.80 94.41 7.3
95.0 90.84 66.29 7.9
95.0 90.59 168.21 7.6
95.0 90.61 81.93 7.8
95.0 90.51 120.79 8.0
95.0 90.62 52.00 8.4
95.0 90.60 93.37 8.0
95.0 90.75 26.17 7.8
95.0 90.80 65.53 7.8
95.0 90.71 108.97 6.9
95.0 90.72 87.13 7.5
95.0 90.82 44.71 7.7
95.0 90.73 111.08 7.5
95.0 90.78 69.50 7.4
95.0 90.83 61.83 7.6
95.0 90.82 81.77 7.3
95.0 90.86 62.62 8.2
95.0 90.78 113.65 7.2
95.0 90.74 95.78 7.3
95.0 90.74 76.79 7.4
95.0 90.79 65.42 7.5
95.0 90.71 110.68 7.6
95.0 90.47 165.63 7.4
95.0 90.34 134.37 8.1
95.0 90.35 96.49 8.6
95.0 90.31 100.60 8.4
95.0 90.58 -3.60 8.6
95.0 90.64 62.79 8.5
95.0 90.66 78.84 8.2
95.0 90.63 93.92 8.1
95.0 90.73 42.99 7.8
95.0 90.78 65.28 7.7
95.0 90.70 110.55 7.7
95.0 90.63 109.25 7.7
95.0 90.48 137.85 8.0
95.0 90.51 80.44 8.2
95.0 90.42 120.72 8.7
95.0 90.41 90.11 8.8
95.0 90.37 104.70 8.4
95.0 90.37 93.07 8.4
95.0 90.29 116.29 8.6
95.0 90.34 77.88 8.6
95.0 90.52 21.38 8.8
95.0 90.55 80.92 8.2
95.0 90.49 104.30 8.0
95.0 90.65 30.73 8.1
95.0 90.62 96.81 8.0
95.0 90.64 74.69 7.8
95.0 90.61 93.65 7.8
95.0 90.94 -40.80 7.8
95.0 90.89 103.17 7.1
95.0 90.80 112.21 8.2
95.0 90.75 96.11 8.2
95.0 90.72 95.46 8.2
95.0 90.60 123.96 8.3
95.0 90.34 177.30 8.6
95.0 90.39 74.03 8.9
95.0 90.56 35.66 9.3
95.0 90.62 57.64 8.7
95.0 90.60 90.33 8.0
95.0 90.71 47.93 8.6
95.0 90.76 64.83 8.1
95.0 90.72 95.51 7.9
95.0 90.33 224.30 7.8
95.0 90.25 120.27 8.7
95.0 90.39 48.60 9.4
95.0 90.39 86.08 8.8
95.0 90.31 118.82 8.8
95.0 90.28 103.04 8.6
95.0 90.16 135.22 8.6
95.0 90.14 100.71 9.5
95.0 90.21 75.93 9.3
95.0 90.10 130.18 9.1
95.0 90.30 24.65 9.1
95.0 90.07 173.46 9.1
95.0 90.14 69.77 9.3
95.0 89.97 158.05 9.1
95.0 90.31 -25.11 9.5
95.0 90.28 106.26 9.1
95.0 90.29 91.86 9.5
95.0 90.34 68.51 9.5
95.0 90.39 74.06 8.9
95.0 90.43 70.32 9.0
95.0 90.51 65.43 8.6
95.0 90.58 56.76 8.6
95.0 90.65 58.10 8.4
95.0 90.50 137.09 8.2
95.0 90.57 66.34 8.5
95.0 90.55 92.52 8.4
95.0 90.53 88.98 8.2
95.0 90.87 -32.38 8.2
95.0 90.78 113.75 8.0
95.0 90.87 50.82 8.4
95.0 90.91 67.43 8.4
95.0 90.85 97.85 8.2
95.0 90.85 82.19 8.0
95.0 90.80 94.49 8.1
95.0 90.72 110.84 8.0
95.0 90.64 111.69 8.2
95.0 90.53 122.78 8.2
95.0 90.52 95.29 8.4
95.0 90.55 72.78 8.7
95.0 90.62 67.04 8.6
95.0 90.64 74.57 8.2
95.0 90.69 59.10 8.3
95.0 90.54 138.73 7.8
95.0 90.74 15.93 6.7
95.0 90.66 109.87 8.0
95.0 90.72 64.16 7.6
95.0 90.64 111.71 8.1
95.0 90.66 78.89 8.0
95.0 90.67 75.40 8.0
95.0 90.52 137.56 8.0
95.0 90.64 52.20 8.0
95.0 90.74 48.52 8.2
95.0 90.79 61.03 7.8
95.0 90.96 26.17 7.8
95.0 90.95 81.02 7.4
95.0 90.89 96.34 7.3
95.0 90.80 112.26 7.3
95.0 90.80 84.70 7.6
95.0 90.76 96.17 7.7
95.0 90.94 12.64 7.6
95.0 90.84 111.54 7.1
95.0 90.79 102.01 5.8
95.0 90.75 96.08 7.3
95.0 90.76 80.60 7.5
95.0 90.72 92.81 7.5
95.0 90.73 83.65 7.7
95.0 90.69 92.28 7.4
95.0 90.83 27.92 7.4
95.0 90.87 70.87 7.4
95.0 90.87 79.36 7.3
95.0 90.78 111.88 7.3
95.0 90.66 124.90 7.4
95.0 90.76 58.96 7.7
95.0 90.85 45.31 7.4
95.0 90.60 169.66 7.5
95.0 90.66 67.70 7.7
95.0 90.89 2.00 8.1
95.0 90.93 63.90 7.6
95.0 91.00 48.50 7.3
95.0 90.86 128.46 7.1
95.0 90.89 71.17 7.3
95.0 91.06 15.16 7.4
95.0 91.03 85.45 7.2
95.0 90.93 114.51 7.1
95.0 90.91 86.41 7.3
95.0 90.86 95.72 7.3
95.0 91.03 14.55 7.3
95.0 90.88 129.62 7.4
95.0 90.83 97.48 6.9
95.0 90.87 66.84 7.4
95.0 91.18 -36.03 7.5
95.0 90.74 219.94 7.3
95.0 90.88 34.75 8.2
95.0 90.91 63.58 8.0
95.0 90.94 71.91 8.4
95.0 90.89 96.26 7.8
95.0 90.92 67.72 7.8
95.0 90.95 64.42 7.9
95.0 91.34 -59.05 8.0
95.0 91.33 77.68 8.0
95.0 91.59 -27.51 7.8
95.0 91.43 123.35 7.8
95.0 91.32 107.24 8.5
95.0 91.63 -28.34 8.1
95.0 91.59 79.47 8.1
95.0 91.47 108.69 8.2
95.0 91.40 93.66 8.2
95.0 91.30 104.76 8.2
95.0 91.29 77.10 8.3
95.0 91.29 74.15 8.4
95.0 91.11 132.99 8.2
95.0 91.13 71.30 8.5
95.0 91.09 84.01 8.4
95.0 91.37 -15.67 8.4
95.0 91.36 75.45 8.4
95.0 91.39 60.00 8.4
95.0 91.29 105.54 8.2
95.0 91.33 62.47 8.0
95.0 91.32 71.93 7.8
95.0 91.31 71.75 8.0
95.0 91.30 77.22 7.9
95.0 91.29 71.44 7.3
95.0 91.42 27.88 7.6
95.0 91.15 165.60 7.3
95.0 91.07 103.55 7.3
95.0 90.84 157.26 6.9
95.0 90.88 67.01 8.0
95.0 90.55 194.00 8.4
95.0 90.53 92.23 8.9
95.0 90.65 46.90 9.3
95.0 90.50 136.45 8.8
95.0 90.61 51.87 8.9
95.0 90.85 1.26 9.1
95.0 90.98 24.88 8.3
95.0 91.00 69.13 7.8
95.0 90.98 84.55 7.6
95.0 90.96 84.24 7.0
95.0 90.95 81.03 7.6
95.0 90.98 64.91 8.2
95.0 90.96 87.08 7.4
95.0 90.90 96.55 7.6
95.0 91.02 37.30 7.5
95.0 91.00 84.86 7.6
95.0 90.98 81.68 7.6
95.0 91.00 69.19 7.3
95.0 90.86 128.04 7.4
95.0 90.94 61.23 7.6
95.0 90.80 126.84 7.6
95.0 90.84 70.44 7.6
95.0 90.80 94.43 7.8
95.0 90.88 51.09 8.0
95.0 91.14 -10.51 7.8
95.0 90.98 130.68 7.4
95.0 90.80 143.07 7.6
95.0 90.60 153.64 8.0
95.0 90.66 67.67 8.6
95.0 90.72 59.54 8.4
95.0 90.64 109.48 8.2
95.0 90.70 68.28 8.4
95.0 90.75 60.31 8.2
95.0 90.89 34.94 8.2
95.0 90.96 52.50 7.8
95.0 90.91 96.66 7.7
95.0 90.90 83.04 7.4
95.0 90.97 47.92 7.7
95.0 90.91 101.15 7.6
95.0 90.95 68.14 7.5
95.0 90.97 68.64 7.5
95.0 90.91 98.94 7.4
95.0 91.03 32.01 7.4
95.0 90.89 128.97 7.3
95.0 90.84 97.54 7.6
95.0 90.87 70.88 7.4
95.0 91.37 -107.19 7.8
95.0 91.36 80.74 8.2
95.0 91.34 72.48 8.0
95.0 91.65 -36.07 8.0
95.0 91.44 137.89 8.0
95.0 91.64 -1.74 8.4
95.0 91.23 204.14 8.2
95.0 91.23 73.21 8.4
95.0 91.32 42.56 9.3
95.0 91.31 71.80 8.8
95.0 91.30 74.43 8.4
95.0 91.17 118.79 8.4
95.0 91.26 41.54 8.2
95.0 91.26 73.66 7.8
95.0 91.26 73.61 8.1
95.0 91.17 102.06 8.0
95.0 91.54 -46.38 7.9
95.0 91.46 94.59 8.2
95.0 91.27 135.80 8.2
95.0 91.27 73.84 8.6
95.0 91.26 73.77 8.6
95.0 91.26 73.71 8.3
95.0 91.09 132.80 8.1
95.0 91.10 74.31 8.6
95.0 91.12 67.82 8.4
95.0 90.88 157.83 8.5
95.0 90.87 82.63 8.8
95.0 90.87 82.51 8.7
95.0 90.82 97.23 8.5
95.0 90.82 78.32 8.7
95.0 90.86 66.59 8.6
95.0 90.90 63.24 7.9
95.0 90.97 57.19 8.4
95.0 90.87 112.20 7.9
95.0 90.99 36.82 7.9
95.0 91.10 38.77 7.9
95.0 91.20 40.52 7.4
95.0 91.21 72.74 7.3
95.0 91.00 146.82 7.1
95.0 91.07 58.61 7.8
95.0 91.31 -7.62 7.4
95.0 91.34 55.50 6.7
95.0 91.29 89.93 7.2
95.0 91.46 11.94 7.3
95.0 91.52 46.12 7.3
95.0 91.37 122.40 6.7
95.0 91.44 44.67 6.7
95.0 91.29 121.35 6.5
95.0 91.20 103.99 6.8
95.0 91.20 75.79 7.1
95.0 91.29 37.38 7.3
95.0 91.46 17.85 6.4
95.0 91.44 74.47 6.7
95.0 91.42 74.03 6.6
95.0 91.27 121.07 6.5
95.0 91.40 27.57 6.7
95.0 91.02 204.46 6.7
95.0 90.83 143.02 7.1
95.0 90.79 101.93 7.6
95.0 90.87 50.91 8.1
95.0 90.87 79.37 7.7
95.0 90.95 52.19 8.1
95.0 91.06 38.02 7.7
95.0 91.26 8.37 7.5
95.0 91.21 84.39 7.2
95.0 91.25 53.74 6.9
95.0 91.25 76.51 7.0
95.0 91.25 70.56 6.7
95.0 91.00 160.79 6.7
95.0 90.90 115.47 7.3
95.0 90.97 57.22 7.7
95.0 90.96 81.20 8.4
95.0 91.03 49.04 7.3
95.0 91.18 29.37 7.4
95.0 91.02 131.26 7.5
95.0 91.00 87.62 7.5
95.0 90.77 157.76 7.6
95.0 90.57 153.55 7.7
95.0 90.51 107.15 8.2
95.0 90.71 15.44 8.2
95.0 90.81 54.74 8.3
95.0 90.81 78.12 7.8
95.0 90.98 20.17 7.9
95.0 91.01 65.51 7.6
95.0 91.07 58.66 7.4
95.0 90.92 129.27 7.3
95.0 91.04 37.59 7.3
95.0 91.32 -24.39 7.2
95.0 91.40 48.25 7.3
95.0 91.61 -2.31 7.1
95.0 91.61 61.09 6.9
95.0 91.75 11.79 7.0
95.0 91.83 39.06 6.5
95.0 91.77 81.25 6.1
95.0 91.63 111.56 6.3
95.0 91.81 7.05 6.7
95.0 91.80 64.91 6.4
95.0 91.83 48.38 6.1
95.0 91.64 128.07 6.0
95.0 91.52 110.91 6.2
95.0 91.62 31.41 6.5
95.0 91.62 64.10 6.5
95.0 91.63 61.39 6.3
95.0 91.38 152.66 6.5
95.0 91.36 78.17 6.3
95.0 91.35 72.63 7.0
95.0 91.34 77.78 7.4
95.0 91.33 72.15 6.9
95.0 91.28 89.72 6.9
95.0 91.19 102.42 7.0
95.0 91.11 104.01 7.2
95.0 91.12 74.50 7.3
95.0 91.17 52.03 7.6
95.0 91.18 72.24 7.3
95.0 91.23 57.11 7.1
95.0 91.31 42.46 6.9
95.0 91.26 87.51 6.7
95.0 91.26 70.74 6.9
95.0 91.48 2.08 6.9
95.0 91.45 72.45 6.6
95.0 91.39 91.72 6.0
95.0 91.33 90.69 6.6
95.0 91.28 87.81 7.1
95.0 91.45 11.78 6.4
95.0 91.38 90.01 6.3
95.0 91.33 92.54 6.0
95.0 91.32 71.92 7.1
95.0 91.35 55.71 6.8
95.0 91.47 28.80 6.1
95.0 91.49 61.74 6.3
95.0 91.46 77.27 6.0
95.0 91.75 -42.48 6.1
95.0 92.06 -38.53 6.3
95.0 91.85 129.72 6.4
95.0 91.79 83.07 6.9
95.0 91.82 51.44 7.1
95.0 91.72 97.58 7.3
95.0 91.46 154.16 6.8
95.0 91.44 76.87 7.4
95.0 91.55 30.23 8.0
95.0 91.61 47.61 7.7
95.0 91.61 61.08 6.9
95.0 91.49 109.05 7.0
95.0 91.46 77.26 7.5
95.0 91.44 79.28 7.2
95.0 91.42 74.02 7.5
95.0 91.40 73.63 7.1
95.0 91.38 75.84 7.2
95.0 91.45 44.93 7.3
95.0 91.56 30.43 7.0
95.0 91.53 76.31 6.7
95.0 91.50 80.18 6.8
95.0 91.52 59.11 6.7
95.0 91.49 75.44 6.7
95.0 91.64 15.11 7.2
95.0 91.60 79.62 6.4
95.0 91.52 93.99 6.3
95.0 91.16 196.60 6.5
95.0 91.17 72.08 6.5
95.0 91.63 -79.04 7.4
95.0 91.59 79.58 8.2
95.0 91.73 16.81 7.8
95.0 91.91 2.96 7.6
95.0 91.88 66.64 7.0
95.0 91.86 66.18 6.9
95.0 91.75 97.63 6.9
95.0 91.79 53.99 6.9
95.0 91.91 15.05 7.3
95.0 91.88 68.70 6.5
95.0 91.69 129.12 6.8
95.0 91.69 67.86 6.3
95.0 91.69 65.22 6.9
95.0 91.68 62.57 6.6
95.0 91.72 49.71 6.8
95.0 91.63 96.03 6.5
95.0 91.34 166.86 6.5
95.0 91.25 104.83 7.4
95.0 91.16 104.85 8.4
95.0 91.17 75.26 7.5
95.0 91.54 -65.60 7.7
95.0 91.46 94.60 7.8
95.0 91.95 -102.76 8.0
95.0 91.84 100.84 8.7
95.0 91.86 52.12 8.6
95.0 91.67 128.71 8.6
95.0 91.63 84.09 8.4
95.0 91.50 108.96 8.7
95.0 91.74 -10.17 8.0
95.0 91.74 68.56 8.3
95.0 91.82 34.91 8.4
95.0 91.67 112.46 8.1
95.0 91.72 49.54 8.1
95.0 91.75 53.49 8.0
95.0 91.74 63.83 7.8
95.0 91.65 96.34 7.7
95.0 91.83 -4.42 7.7
95.0 91.73 98.52 7.4
95.0 91.59 110.80 7.6
95.0 91.51 93.93 7.8
95.0 91.44 94.28 8.2
95.0 91.51 41.82 7.8
95.0 91.57 46.93 8.1
95.0 91.62 44.13 7.8
95.0 91.58 79.36 7.2
95.0 91.55 78.74 7.4
95.0 91.47 91.83 7.1
95.0 91.45 77.00 7.3
95.0 91.43 76.61 7.1
95.0 91.41 73.78 7.5
95.0 91.43 60.74 7.3
95.0 91.45 57.85 7.4
95.0 91.39 93.49 7.8
95.0 91.42 57.07 7.3
95.0 91.44 60.90 7.1
95.0 91.38 91.52 7.1
95.0 91.41 56.85 6.8
95.0 91.43 60.73 7.1
95.0 91.37 89.69 7.1
95.0 91.40 63.53 7.1
95.0 91.42 57.22 6.9
95.0 91.45 57.71 7.0
95.0 91.43 76.61 6.5
95.0 91.32 106.11 7.1
95.0 91.36 62.91 7.2
95.0 91.14 149.59 6.9
95.0 91.14 74.90 7.5
95.0 91.11 86.82 7.1
95.0 91.12 67.93 7.3
95.0 91.01 115.94 7.1
95.0 91.07 58.69 7.4
95.0 91.09 70.66 7.6
95.0 91.19 35.23 7.4
95.0 91.19 72.51 7.1
95.0 91.28 41.93 7.1
95.0 91.37 38.86 6.8
95.0 91.35 75.30 6.8
95.0 91.25 103.84 6.3
95.0 91.25 79.46 6.7
95.0 91.34 38.28 6.4
95.0 91.24 103.56 6.5
95.0 91.28 65.46 6.9
95.0 91.45 5.70 7.1
95.0 91.61 8.87 6.4
95.0 91.49 108.48 6.1
95.0 91.46 82.02 6.1
95.0 91.44 74.41 6.4
95.0 91.50 41.70 6.5
95.0 91.39 107.33 6.3
95.0 91.42 63.83 6.5
95.0 91.53 29.86 6.5
95.0 91.54 59.68 6.0
95.0 91.56 59.92 6.2
95.0 91.48 94.83 6.3
95.0 91.45 74.78 6.2
95.0 91.39 91.75 6.4
95.0 91.74 -61.50 6.5
95.0 91.64 98.47 7.0
95.0 91.78 12.37 7.4
95.0 91.68 96.12 6.8
95.0 91.64 82.20 6.5
95.0 91.64 61.63 6.7
95.0 91.64 64.41 6.8
95.0 91.27 198.88 6.9
95.0 91.40 32.67 7.4
95.0 91.43 60.63 7.0
95.0 91.32 105.22 7.3
95.0 91.19 119.77 7.3
95.0 90.94 158.75 7.6
95.0 91.06 43.14 7.9
95.0 91.25 1.53 8.1
95.0 91.16 101.99 7.4
95.0 91.17 75.30 7.4
95.0 91.05 115.91 7.5
95.0 91.16 44.59 7.8
95.0 91.21 56.76 7.4
95.0 91.25 57.56 7.3
95.0 91.29 54.51 7.6
95.0 91.24 87.13 7.1
95.0 91.33 47.17 7.2
95.0 91.15 134.06 6.5
95.0 91.34 15.96 7.1
95.0 91.28 89.86 7.6
95.0 91.28 71.12 6.9
95.0 91.45 11.78 7.1
95.0 91.60 8.77 6.7
95.0 91.61 63.86 6.2
95.0 91.61 61.14 6.4
95.0 91.62 61.23 6.0
95.0 91.58 79.32 6.3
95.0 91.54 78.71 6.1
95.0 91.51 78.15 6.3
95.0 91.62 26.65 5.9
95.0 91.53 94.30 6.5
95.0 91.46 93.01 6.3
95.0 91.80 -60.17 6.7
95.0 91.66 112.25 6.7
95.0 91.66 67.42 7.3
95.0 91.66 64.75 6.9
95.0 91.57 93.93 7.2
95.0 91.50 93.63 7.1
95.0 91.43 92.41 7.3
95.0 91.41 73.81 7.4
95.0 91.39 75.98 7.3
95.0 91.46 40.83 7.3
95.0 91.44 79.26 7.0
95.0 91.46 57.96 6.9
95.0 91.57 25.66 7.1
95.0 91.45 108.37 6.7
95.0 91.60 19.94 6.8
95.0 91.32 166.40 6.7
95.0 91.35 59.35 6.9
95.0 91.38 63.32 7.1
95.0 91.16 150.11 6.9
95.0 91.21 56.84 7.4
95.0 91.26 57.63 7.4
95.0 91.25 73.57 7.1
95.0 91.38 27.25 7.2
95.0 91.00 208.42 7.1
95.0 91.11 38.90 7.7
95.0 91.08 88.89 7.4
95.0 91.14 51.35 7.4
95.0 91.02 116.20 7.4
95.0 91.04 69.85 7.4
95.0 91.42 -48.07 7.2
95.0 91.12 177.47 7.4
95.0 91.13 71.37 8.7
95.0 91.14 74.81 8.4
95.0 91.15 68.44 8.1
95.0 91.20 56.63 8.2
95.0 91.42 -12.80 7.9
95.0 91.32 108.50 7.8
95.0 91.31 74.58 8.0
95.0 90.90 221.25 8.0
95.0 90.89 86.05 8.4
95.0 90.92 67.76 8.9
95.0 90.91 83.32 8.6
95.0 90.99 48.21 8.4
95.0 90.97 87.22 8.9
95.0 90.99 65.29 7.9
95.0 91.24 -16.59 8.2
95.0 91.24 76.31 8.3
95.0 91.28 58.08 8.2
95.0 91.45 11.84 8.1
95.0 91.30 121.11 6.7
95.0 91.43 28.05 7.4
95.0 91.41 78.82 7.3
95.0 91.43 57.41 7.0
95.0 91.41 76.38 7.1
95.0 91.53 29.78 6.7
95.0 91.54 62.63 7.2
95.0 91.55 59.84 6.5
95.0 91.79 -23.43 6.4
95.0 91.69 99.04 6.9
95.0 91.52 125.51 6.7
95.0 91.71 5.53 7.2
95.0 91.66 77.43 6.9
95.0 91.66 64.79 6.5
95.0 91.66 64.79 6.8
95.0 91.66 62.11 6.5
95.0 91.89 -14.48 6.4
95.0 92.14 -20.79 6.5
95.0 92.13 59.11 6.5
95.0 92.04 86.87 6.7
95.0 91.88 115.88 6.5
95.0 91.77 99.13 6.9
95.0 91.67 95.95 6.9
95.0 91.63 80.17 7.3
95.0 91.76 17.34 7.7
95.0 91.67 96.65 7.3
95.0 91.71 45.99 7.3
95.0 91.75 46.79 7.3
95.0 91.74 68.64 6.4
95.0 91.73 63.59 6.5
95.0 91.73 65.92 6.7
95.0 91.81 30.59 6.5
95.0 91.58 141.25 6.4
95.0 91.72 21.72 6.7
95.0 91.80 30.55 6.7
95.0 91.75 83.87 6.5
95.0 91.78 47.47 6.3
95.0 92.00 -19.14 6.5
95.0 91.88 100.73 6.2
95.0 91.90 55.64 6.1
95.0 91.83 83.76 6.1
95.0 91.77 81.30 6.6
95.0 91.76 66.53 6.5
95.0 91.62 111.42 6.5
95.0 91.54 94.40 6.7
95.0 91.47 93.10 6.4
95.0 91.40 91.93 6.9
95.0 91.26 120.35 7.3
95.0 91.25 73.59 7.4
95.0 91.25 73.54 7.6
95.0 91.25 73.51 7.3
95.0 91.38 21.76 7.4
95.0 91.24 120.01 7.1
95.0 91.24 73.28 7.2
95.0 91.11 118.64 7.3
95.0 91.17 56.03 7.0
95.0 91.05 116.61 7.5
95.0 91.02 88.01 7.5
95.0 91.36 -50.67 7.8
95.0 91.18 134.01 8.0
95.0 91.14 87.33 8.4
95.0 91.24 45.78 8.2
95.0 91.15 101.68 8.0
95.0 91.07 103.53 7.6
95.0 91.09 70.68 8.3
95.0 91.10 70.92 8.0
95.0 91.16 55.93 8.0
95.0 91.17 68.83 7.8
95.0 91.17 72.14 7.5
95.0 91.31 25.97 7.5
95.0 91.34 55.58 7.3
95.0 91.33 74.97 7.1
95.0 91.68 -53.01 7.1
95.0 91.60 96.57 7.4
95.0 91.74 11.51 7.4
95.0 91.73 65.97 7.3
95.0 91.81 34.79 6.7
95.0 91.80 64.87 6.7
95.0 91.91 20.00 6.6
95.0 91.93 50.57 6.4
95.0 91.95 56.40 7.0
95.0 91.92 67.46 6.3
95.0 91.77 114.39 6.4
95.0 91.76 71.30 6.5
95.0 91.66 95.73 6.3
95.0 91.75 33.72 6.7
95.0 91.65 95.59 6.7
95.0 91.70 52.67 6.5
95.0 91.65 78.84 6.4
95.0 91.61 77.97 6.5
95.0 91.79 0.99 6.5
95.0 91.82 48.32 6.1
95.0 91.76 82.58 6.3
95.0 91.75 64.03 6.1
95.0 91.79 47.59 6.2
95.0 91.78 69.16 5.4
95.0 91.68 96.08 6.0
95.0 91.55 110.12 6.4
95.0 91.52 78.22 6.5
95.0 91.49 80.02 6.7
95.0 91.46 74.93 6.3
95.0 91.31 121.31 6.7
95.0 91.39 52.22 6.9
95.0 91.33 88.96 7.2
95.0 91.28 89.81 7.4
95.0 91.23 86.89 7.3
95.0 91.50 -21.30 7.3
95.0 91.52 65.29 7.1
95.0 91.53 59.41 6.9
95.0 91.50 77.93 6.7
95.0 91.47 77.45 6.9
95.0 91.45 77.02 7.0
95.0 91.47 58.17 7.1
95.0 91.40 91.99 6.9
95.0 91.75 -51.89 6.9
95.0 91.70 81.38 7.2
95.0 91.52 125.05 7.4
95.0 91.58 50.92 7.5
95.0 91.42 123.51 7.3
95.0 91.40 78.71 7.3
95.0 91.43 57.28 7.6
95.0 91.20 148.54 7.4
95.0 91.20 72.67 8.4
95.0 91.16 87.74 8.2
95.0 91.21 52.86 7.5
95.0 91.35 26.60 7.8
95.0 91.25 104.83 7.6
95.0 91.47 -4.73 7.6
95.0 91.40 93.68 7.2
95.0 91.30 104.78 6.9
95.0 91.34 62.62 7.4
95.0 91.20 118.97 7.1
95.0 91.25 61.27 7.4
95.0 91.29 58.19 7.6
95.0 91.32 55.17 7.4
95.0 91.36 59.44 7.3
95.0 91.26 105.04 7.2
95.0 91.26 73.65 7.2
95.0 91.21 88.61 7.7
95.0 91.17 87.90 7.5
95.0 91.31 25.95 7.3
95.0 91.39 39.32 7.2
95.0 91.37 75.65 6.7
95.0 91.36 75.40 6.7
95.0 91.34 72.50 7.0
95.0 91.38 59.76 7.2
95.0 91.54 7.42 6.8
95.0 91.55 62.82 6.1
95.0 91.56 60.05 6.1
95.0 91.75 -6.08 6.5
95.0 91.70 81.40 6.3
95.0 91.69 65.36 6.3
95.0 91.56 110.37 6.3
95.0 91.49 93.46 6.8
95.0 91.50 65.12 6.7
95.0 91.43 91.05 7.1
95.0 91.59 8.50 6.7
95.0 91.55 76.82 6.5
95.0 91.52 78.30 6.5
95.0 91.54 62.56 6.5
95.0 91.38 122.66 6.7
95.0 91.32 90.53 6.8
95.0 91.31 77.39 7.1
95.0 91.26 87.48 6.9
95.0 91.43 11.53 7.0
95.0 91.29 120.79 6.7
95.0 91.32 65.98 6.9
95.0 91.40 39.63 6.9
95.0 91.38 73.34 6.7
95.0 91.28 106.68 6.7
95.0 91.28 74.03 6.9
95.0 91.32 58.72 7.4
95.0 91.44 23.02 6.8
95.0 91.42 76.49 6.5
95.0 91.40 76.15 6.3
95.0 91.34 89.11 6.3
95.0 91.37 59.69 6.9
95.0 91.32 90.43 6.5
95.0 91.35 59.29 6.5
95.0 91.34 72.37 6.7
95.0 91.33 72.14 6.5
95.0 91.36 62.97 6.4
95.0 91.30 88.38 6.9
95.0 91.34 59.12 6.9
95.0 91.37 59.69 6.5
95.0 91.27 104.22 7.0
95.0 91.31 62.26 6.7
95.0 91.30 71.67 6.7
95.0 91.13 133.30 6.9
95.0 90.97 130.50 7.1
95.0 90.91 101.15 7.5
95.0 90.78 127.07 7.8
95.0 90.87 55.62 8.3
95.0 90.86 82.40 7.9
95.0 90.94 47.25 8.6
95.0 90.97 72.29 7.6
95.0 90.95 81.12 7.5
95.0 90.94 83.77 8.1
95.0 91.01 48.69 8.0
95.0 90.99 84.68 7.4
95.0 91.14 23.06 7.3
95.0 91.20 52.53 7.1
95.0 91.20 72.62 6.8
95.0 91.20 72.67 7.2
95.0 91.25 53.60 7.4
95.0 91.29 58.23 6.8
95.0 91.20 102.68 6.5
95.0 91.08 119.32 7.4
95.0 91.09 70.71 7.4
95.0 91.15 55.73 7.3
95.0 91.16 71.86 7.3
95.0 91.16 68.78 7.0
95.0 91.30 25.83 6.9
95.0 91.25 87.29 6.7
95.0 91.25 76.46 6.6
95.0 91.33 38.23 6.4
95.0 91.32 72.08 6.8
95.0 91.36 59.43 6.6
95.0 91.26 105.03 6.5
95.0 91.30 62.08 6.7
95.0 91.09 148.56 6.7
95.0 91.14 59.74 6.9
95.0 91.28 25.50 6.9
95.0 91.28 71.12 6.9
95.0 91.27 73.91 7.2
95.0 91.40 27.56 6.7
95.0 91.38 75.85 6.7
95.0 91.41 56.94 6.3
95.0 91.44 57.46 6.2
95.0 91.37 93.23 6.3
95.0 91.23 119.64 6.6
95.0 91.50 -13.81 6.7
95.0 91.56 46.79 6.9
95.0 91.48 94.89 6.7
95.0 91.68 -7.51 7.3
95.0 91.68 62.46 6.7
95.0 91.59 96.48 6.9
95.0 91.55 76.83 6.1
95.0 91.57 63.09 6.8
95.0 91.62 44.09 7.1
95.0 91.58 81.38 6.9
95.0 91.68 27.89 6.6
95.0 91.59 94.23 6.1
95.0 91.60 63.63 6.5
95.0 91.56 78.96 6.7
95.0 91.66 32.11 7.2
95.0 91.66 62.04 6.4
95.0 91.66 62.05 6.1
95.0 91.49 124.28 6.3
95.0 91.46 77.27 6.7
95.0 91.48 61.64 6.7
95.0 91.54 46.53 6.6
95.0 91.51 75.98 6.5
95.0 91.53 62.43 6.5
95.0 91.58 43.39 6.7
95.0 91.59 66.43 6.1
95.0 91.60 60.84 6.1
95.0 91.61 63.80 6.4
95.0 91.57 77.11 6.3
95.0 91.49 93.54 6.8
95.0 91.38 107.15 6.7
95.0 91.41 60.33 6.6
95.0 91.35 91.01 6.5
95.0 91.13 148.24 6.8
95.0 91.36 0.33 7.2
95.0 91.43 35.81 6.9
95.0 91.37 91.42 6.5
95.0 91.36 75.40 6.5
95.0 91.26 103.93 8.2
95.0 91.21 90.88 7.3
95.0 91.22 72.90 6.7
95.0 91.30 37.60 7.2
95.0 91.34 59.11 6.7
95.0 91.42 39.90 6.7
95.0 91.66 -11.35 6.5
95.0 91.62 80.05 6.2
95.0 91.71 33.09 6.3
95.0 91.71 63.08 6.2
95.0 91.70 65.52 6.7
95.0 91.79 34.39 5.9
95.0 91.77 64.45 6.1
95.0 91.68 97.77 6.3
95.0 91.68 62.41 6.3
95.0 91.67 62.38 6.1
95.0 91.55 110.05 6.1
95.0 91.83 -25.36 6.5
95.0 91.99 9.71 6.7
95.0 91.91 83.45 6.3
95.0 91.93 50.56 6.6
95.0 91.91 71.09 6.3
95.0 91.88 66.64 6.2
95.0 91.95 37.21 6.6
95.0 91.96 51.17 5.8
95.0 91.93 71.48 6.0
95.0 92.27 -69.37 6.0
95.0 92.21 74.48 6.3
95.0 92.52 -48.63 6.6
95.0 92.31 123.53 6.7
95.0 92.12 119.07 7.3
95.0 92.12 56.59 7.4
95.0 92.07 73.53 7.2
95.0 92.07 53.44 7.2
95.0 91.95 101.59 6.7
95.0 91.83 100.07 7.1
95.0 91.81 69.73 7.6
95.0 91.84 51.79 7.6
95.0 91.78 81.51 7.3
95.0 91.68 97.86 7.4
95.0 91.55 109.99 7.3
95.0 91.56 63.07 7.8
95.0 91.57 63.24 7.4
95.0 91.54 78.62 7.8
95.0 91.73 -0.12 7.3
95.0 91.81 30.68 7.2
95.0 91.80 64.90 6.7
95.0 91.66 112.19 6.7
95.0 91.70 49.26 7.0
95.0 91.87 2.41 7.0
95.0 91.90 46.84 6.6
95.0 91.92 55.91 6.3
95.0 91.93 50.60 6.3
95.0 92.13 -16.31 6.1
95.0 92.04 89.20 6.0
95.0 92.09 36.46 6.1
95.0 92.05 71.62 6.2
95.0 92.05 53.06 6.7
95.0 92.01 71.01 6.0
95.0 91.89 100.63 6.1
95.0 91.78 98.70 6.3
95.0 91.60 126.44 6.5
95.0 91.61 66.67 6.9
95.0 91.49 109.01 6.9
95.0 91.55 46.58 7.0
95.0 91.43 108.04 7.1
95.0 91.45 64.36 6.8
95.0 91.43 74.29 7.2
95.0 91.45 61.13 7.1
95.0 91.43 76.72 6.8
95.0 91.45 61.14 7.1
95.0 91.35 105.75 7.1
95.0 91.47 28.75 6.9
95.0 91.53 50.16 6.9
95.0 91.54 59.68 6.7
95.0 91.64 31.86 6.7
95.0 91.69 45.53 6.7
95.0 91.77 34.16 6.0
95.0 91.99 -12.70 6.0
95.0 91.95 69.96 6.0
95.0 91.80 114.31 5.9
95.0 91.83 51.52 6.1
95.0 91.81 67.42 6.2
95.0 92.26 -108.29 6.7
95.0 92.25 62.76 6.2
95.0 92.06 119.12 6.9
95.0 91.98 86.32 7.1
95.0 92.08 22.88 7.1
95.0 92.08 55.97 6.7
95.0 92.08 56.00 6.7
95.0 92.08 53.67 6.9
95.0 92.04 71.48 6.6
95.0 92.05 55.39 6.7
95.0 91.92 101.12 6.3
95.0 91.90 70.95 6.6
95.0 91.83 83.73 6.7
95.0 91.86 48.99 6.7
95.0 91.84 67.88 6.6
95.0 91.65 128.26 6.5
95.0 91.36 163.31 6.9
95.0 91.39 60.01 7.4
95.0 91.51 29.43 7.8
95.0 91.52 62.31 7.0
95.0 91.67 10.11 7.2
95.0 91.67 64.89 6.8
95.0 91.89 -21.27 6.4
95.0 91.91 58.64 6.3
95.0 91.84 82.80 6.6
95.0 91.78 82.90 6.8
95.0 91.77 64.36 6.5
95.0 91.76 66.51 6.7
95.0 91.71 81.56 6.8
95.0 91.62 94.80 6.0
95.0 91.62 64.06 6.5
95.0 91.80 1.16 7.0
95.0 91.83 45.31 6.5
95.0 91.82 67.50 6.2
95.0 91.80 64.97 6.1
95.0 91.87 39.73 6.1
95.0 91.48 203.23 6.1
95.0 91.63 15.06 6.7
95.0 91.68 52.40 6.9
95.0 91.81 13.07 6.5
95.0 91.84 51.75 6.0
95.0 92.05 -18.06 6.0
95.0 92.05 60.37 5.5
95.0 92.01 69.37 5.9
95.0 91.98 68.64 5.9
95.0 91.82 114.87 6.2
95.0 92.22 -70.34 6.2
95.0 92.21 60.24 6.7
95.0 92.15 72.24 6.6
95.0 92.10 74.03 6.7
95.0 92.15 37.60 6.9
95.0 91.65 236.77 6.6
95.0 91.74 37.75 7.2
95.0 91.69 81.27 7.1
95.0 91.69 65.24 8.0
95.0 91.77 29.88 7.4
95.0 91.89 14.78 7.4
95.0 92.05 10.59 6.8
95.0 92.19 2.99 6.5
95.0 92.22 39.20 6.0
95.0 92.13 88.59 5.8
95.0 92.12 58.98 5.8
95.0 92.03 86.70 5.8
95.0 91.71 177.01 5.8
95.0 91.70 70.61 6.7
95.0 91.83 13.44 7.1
95.0 91.86 52.03 6.8
95.0 91.75 97.58 6.2
95.0 91.83 35.15 6.4
95.0 91.86 52.04 6.3
95.0 91.93 33.03 6.4
95.0 92.03 22.07 6.2
95.0 92.04 55.24 5.8
95.0 91.79 147.23 5.5
95.0 91.82 54.50 6.1
95.0 91.64 127.97 6.3
95.0 91.55 97.36 6.5
95.0 91.84 -40.81 7.1
95.0 91.82 69.78 6.5
95.0 91.80 67.27 6.9
95.0 91.83 48.48 6.9
95.0 91.69 112.55 6.8
95.0 91.77 34.13 6.8
95.0 92.13 -54.50 7.0
95.0 92.08 72.20 7.0
95.0 92.04 71.46 7.5
95.0 92.05 52.89 6.7
95.0 91.92 101.12 7.0
95.0 91.73 127.81 6.9
95.0 91.72 65.81 7.3
95.0 92.18 -88.37 7.1
95.0 91.96 132.72 7.2
95.0 91.93 71.44 8.3
95.0 91.90 67.08 8.1
95.0 91.67 142.77 8.0
95.0 92.03 -55.91 8.0
95.0 91.83 130.41 8.2
95.0 91.99 9.70 9.0
95.0 92.04 35.49 8.4
95.0 91.96 86.09 8.0
95.0 92.02 35.01 7.9
95.0 92.12 23.59 8.0
95.0 91.99 102.27 7.3
95.0 92.00 54.52 7.3
95.0 91.63 186.58 7.7
95.0 91.59 81.58 7.3
95.0 91.47 108.32 8.1
95.0 91.76 -26.33 8.6
95.0 91.84 35.34 8.0
95.0 91.82 69.86 8.2
95.0 91.72 96.96 7.8
95.0 91.59 110.80 7.7
95.0 91.55 80.96 8.1
95.0 91.61 43.83 8.0
95.0 91.61 63.90 7.5
95.0 91.57 77.22 7.9
95.0 91.67 36.69 7.6
95.0 91.67 62.28 7.6
95.0 91.67 64.91 7.3
95.0 91.85 -4.09 6.7
95.0 91.78 82.94 6.9
95.0 91.77 66.74 7.1
95.0 91.76 64.17 7.4
95.0 91.71 81.58 6.5
95.0 91.75 50.10 7.1
95.0 91.83 30.99 6.9
95.0 92.13 -45.17 6.4
95.0 92.04 88.22 7.1
95.0 92.00 70.78 6.9
95.0 91.92 84.45 6.7
95.0 91.90 68.95 7.0
95.0 91.92 53.11 6.8
95.0 91.85 82.90 6.9
95.0 92.01 4.79 6.9
95.0 92.44 -116.18 6.1
95.0 92.36 79.76 6.7
95.0 92.34 58.87 7.1
95.0 92.10 137.51 6.9
95.0 91.76 168.29 7.3
95.0 91.75 66.42 7.8
95.0 91.79 50.83 8.6
95.0 91.73 80.51 7.8
95.0 91.90 8.42 7.7
95.0 91.84 81.60 7.4
95.0 91.82 65.37 7.1
95.0 91.59 141.44 7.3
95.0 91.92 -40.69 7.4
95.0 91.89 70.90 8.0
95.0 91.87 66.41 8.1
95.0 91.89 49.74 7.7
95.0 91.87 70.55 7.4
95.0 91.89 49.73 7.2
95.0 91.87 68.45 7.3
95.0 91.89 52.66 7.3
95.0 91.91 53.02 7.3
95.0 91.89 66.78 6.8
95.0 91.86 66.31 6.7
95.0 91.76 98.98 6.1
95.0 91.79 47.68 6.9
95.0 91.87 35.82 6.9
95.0 91.93 33.23 7.1
95.0 91.82 99.37 6.0
95.0 91.89 36.27 6.3
95.0 91.91 50.18 6.9
95.0 91.89 68.80 6.3
95.0 91.74 113.46 6.5
95.0 91.69 82.98 6.4
95.0 91.73 46.35 6.6
95.0 91.99 -29.95 6.6
95.0 91.96 71.90 6.5
95.0 91.93 67.66 6.5
95.0 91.73 128.76 6.5
95.0 91.73 68.43 6.5
95.0 91.51 139.98 6.5
95.0 91.53 62.38 6.9
95.0 91.67 10.18 7.2
95.0 91.67 67.59 7.1
95.0 91.63 78.32 6.8
95.0 91.63 64.23 7.0
95.0 91.59 77.56 6.8
95.0 91.60 63.65 6.8
95.0 91.60 63.76 6.1
95.0 91.57 77.07 6.7
95.0 91.45 109.10 7.1
95.0 91.47 61.39 6.9
95.0 91.36 106.80 6.6
95.0 91.35 75.23 7.1
95.0 91.38 59.80 7.1
95.0 91.41 60.30 6.9
95.0 91.48 41.15 7.1
95.0 91.54 46.42 6.5
95.0 91.51 78.05 6.7
95.0 91.48 75.29 6.6
95.0 91.54 46.48 6.6
95.0 91.51 75.92 6.9
95.0 91.53 65.43 6.5
95.0 91.58 43.34 6.7
95.0 91.55 78.75 6.5
95.0 91.60 47.55 6.4
95.0 91.61 61.02 6.3
95.0 91.61 63.94 6.0
95.0 91.75 11.82 6.3
95.0 91.74 68.66 6.3
95.0 91.78 47.37 6.0
95.0 91.81 48.03 5.8
95.0 91.67 112.21 5.7
95.0 91.58 96.33 6.0
95.0 91.68 32.45 6.5
95.0 91.68 62.40 6.2
95.0 91.46 138.28 6.6
95.0 91.36 106.71 6.6
95.0 91.39 59.93 6.9
95.0 91.29 105.48 7.1
95.0 91.28 76.92 6.9
95.0 91.41 27.68 6.9
95.0 91.48 41.13 6.7
95.0 91.58 25.95 6.5
95.0 91.59 66.39 6.1
95.0 91.39 138.90 6.1
95.0 91.33 92.58 6.5
95.0 91.28 87.79 6.3
95.0 91.45 17.62 7.0
95.0 91.47 58.15 6.9
95.0 91.58 25.83 6.3
95.0 91.58 66.31 6.3
95.0 91.55 76.72 6.2
95.0 91.60 47.58 6.3
95.0 91.83 -22.45 6.1
95.0 91.77 85.90 6.3
95.0 91.94 -2.13 6.4
95.0 91.91 67.31 6.5
95.0 91.89 68.78 6.2
95.0 91.82 83.60 6.2
95.0 91.76 82.55 6.1
95.0 91.75 64.00 6.6
95.0 92.06 -54.77 6.3
95.0 91.85 128.91 6.8
95.0 91.88 52.40 7.1
95.0 91.73 113.28 7.0
95.0 91.68 82.85 7.1
95.0 92.09 -81.82 7.6
95.0 92.23 8.66 7.5
95.0 92.26 37.04 7.3
95.0 92.42 -0.04 6.9
95.0 92.57 -7.22 6.7
95.0 92.44 94.47 6.5
95.0 92.40 60.29 6.0
95.0 92.37 61.16 6.5
95.0 92.17 121.16 7.1
95.0 92.12 72.94 6.7
95.0 92.30 -1.86 6.2
95.0 92.28 57.75 6.8
95.0 92.26 59.20 6.7
95.0 92.16 89.31 7.0
95.0 92.15 57.27 6.9
95.0 92.19 41.54 6.6
95.0 92.10 88.00 6.6
95.0 92.10 56.26 5.9
95.0 92.19 24.78 6.4
95.0 92.05 103.70 6.3
95.0 92.01 72.63 6.3
95.0 91.85 116.03 6.1
95.0 91.87 58.14 7.3
95.0 91.98 16.61 7.1
95.0 91.91 85.12 6.5
95.0 91.76 113.77 6.0
95.0 91.58 125.98 6.7
95.0 91.63 51.63 7.2
95.0 91.63 61.51 7.1
95.0 91.64 67.06 7.1
95.0 91.68 45.38 6.9
95.0 91.72 49.68 7.1
95.0 91.63 95.11 6.7
95.0 91.55 94.54 6.6
95.0 91.69 16.09 6.9
95.0 91.69 62.69 6.4
95.0 91.82 18.33 6.0
95.0 91.89 36.24 6.5
95.0 91.74 113.86 6.1
95.0 91.73 68.52 6.3
95.0 91.73 65.92 6.3
95.0 91.68 81.02 6.3
95.0 91.51 125.27 6.2
95.0 91.15 189.40 6.7
95.0 91.12 89.43 7.3
95.0 91.30 2.60 7.8
95.0 91.34 55.49 7.5
95.0 91.33 72.18 6.7
95.0 91.45 33.42 7.1
95.0 91.56 25.48 6.3
95.0 91.57 60.22 6.5
95.0 91.58 63.33 6.5
95.0 92.00 -83.40 6.1
95.0 91.80 128.90 6.7
95.0 91.79 66.98 7.1
95.0 91.52 153.35 7.3
95.0 91.58 47.16 7.8
95.0 91.55 76.64 7.7
95.0 91.51 78.16 7.8
95.0 91.57 47.01 7.6
95.0 91.67 32.31 7.3
95.0 91.71 46.01 6.9
95.0 91.62 94.90 6.8
95.0 91.58 81.41 6.9
95.0 91.59 60.64 7.0
95.0 91.51 93.89 6.7
95.0 91.36 122.10 6.9
95.0 91.57 3.39 7.6
95.0 91.62 40.22 7.0
95.0 91.62 61.33 6.9
95.0 91.81 6.96 6.5
95.0 92.26 -120.54 6.1
95.0 92.33 34.06 6.7
95.0 92.26 74.53 6.5
95.0 92.25 60.83 7.2
95.0 92.19 72.98 6.8
95.0 92.05 103.74 6.7
95.0 92.05 57.97 6.7
95.0 92.19 8.05 6.9
95.0 92.23 39.28 6.7
95.0 92.17 72.64 6.1
95.0 92.12 72.89 6.1
95.0 92.16 41.02 6.3
95.0 92.16 55.17 5.6
95.0 92.19 41.58 6.1
95.0 92.10 88.47 6.0
95.0 92.14 37.51 5.9
95.0 92.05 87.64 6.0
95.0 92.10 36.63 5.5
95.0 92.01 87.83 6.1
95.0 92.07 35.93 6.0
95.0 91.94 101.45 6.0
95.0 91.91 69.21 6.1
95.0 91.68 142.92 6.2
95.0 91.59 96.46 6.7
95.0 91.60 60.78 6.9
95.0 91.60 66.58 6.7
95.0 91.79 -5.30 6.9
95.0 91.91 15.04 6.9
95.0 91.80 98.93 6.3
95.0 91.92 20.04 6.2
95.0 92.02 21.93 6.1
95.0 91.99 68.84 6.3
95.0 92.04 38.91 6.1
95.0 91.92 101.08 5.9
95.0 91.94 53.45 5.6
95.0 91.95 53.74 6.0
95.0 91.92 67.53 5.8
95.0 91.65 155.21 5.8
95.0 91.74 33.50 6.4
95.0 91.69 81.19 6.0
95.0 91.68 65.17 5.9
95.0 91.77 29.81 6.6
95.0 91.67 96.73 6.4
95.0 91.72 46.07 6.3
95.0 91.75 53.48 6.3
95.0 91.70 79.85 5.6
95.0 91.74 46.60 6.1
95.0 92.05 -46.53 6.3
95.0 91.80 143.32 6.4
95.0 91.88 39.77 6.5
95.0 91.81 82.14 6.5
95.0 91.88 39.89 7.0
95.0 91.91 50.01 6.8
95.0 91.97 33.94 6.3
95.0 92.12 6.70 6.4
95.0 92.07 70.57 6.0
95.0 92.03 71.30 6.0
95.0 92.04 52.72 5.9
95.0 91.91 100.94 5.8
95.0 91.89 72.93 6.0
95.0 91.66 144.44 6.1
95.0 91.66 67.38 6.9
95.0 91.79 12.61 6.5
95.0 91.78 69.17 6.9
95.0 91.77 64.25 6.5
95.0 91.71 80.07 5.8
95.0 91.75 53.44 6.2
95.0 91.41 186.43 6.0
95.0 91.44 64.10 7.0
95.0 91.42 73.97 8.4
95.0 91.53 29.82 7.1
95.0 91.67 15.77 6.9
95.0 91.72 46.11 6.1
95.0 91.67 80.88 6.1
95.0 91.62 80.11 6.5
95.0 91.67 48.77 6.5
95.0 91.71 46.06 6.5
95.0 91.84 13.69 6.1
95.0 91.82 69.87 5.9
95.0 91.81 65.13 6.1
95.0 91.84 51.68 5.6
95.0 91.95 20.66 6.0
95.0 91.92 67.51 5.5
95.0 91.98 37.88 5.9
95.0 91.95 68.11 5.7
95.0 91.97 56.66 5.8
95.0 92.02 35.07 5.5
95.0 92.03 55.12 5.2
95.0 92.04 52.74 5.5
95.0 92.23 -8.50 5.1
95.0 92.08 103.97 5.4
95.0 92.04 71.48 5.9
95.0 91.83 130.51 5.8
95.0 91.86 55.07 6.3
95.0 91.80 81.83 6.3
95.0 91.78 66.94 6.1
95.0 91.77 66.72 6.2
95.0 91.76 66.53 6.3
95.0 91.75 63.95 5.9
95.0 91.79 50.77 6.3
95.0 91.77 66.75 6.1
95.0 91.85 31.47 6.0
95.0 91.92 36.71 6.0
95.0 91.98 34.18 5.8
95.0 91.86 100.54 5.2
95.0 91.67 127.69 5.8
95.0 91.90 -14.29 6.3
95.0 91.83 86.59 6.5
95.0 91.90 32.54 5.8
95.0 91.88 68.60 5.8
95.0 91.90 49.88 6.1
95.0 91.92 55.96 6.1
95.0 91.98 34.19 5.4
95.0 91.86 99.91 5.9
95.0 91.93 36.94 6.1
95.0 91.65 157.50 5.9
95.0 91.70 52.66 6.4
95.0 91.65 78.83 7.1
95.0 91.79 12.52 6.5
95.0 91.60 125.98 6.0
95.0 91.61 63.87 6.1
95.0 91.06 255.00 6.5
95.0 91.21 29.78 7.1
95.0 91.52 -38.26 7.3
95.0 91.67 15.67 7.4
95.0 91.58 94.11 6.4
95.0 91.63 51.71 7.0
95.0 91.35 169.61 7.1
95.0 91.38 63.24 7.3
95.0 91.41 56.85 8.0
95.0 91.43 64.03 7.4
95.0 91.50 41.61 7.3
95.0 91.56 42.84 6.7
95.0 91.53 78.37 6.8
95.0 91.63 31.57 7.0
95.0 91.63 64.24 6.4
95.0 91.68 45.29 6.6
95.0 91.76 33.98 6.4
95.0 92.02 -29.40 6.3
95.0 92.08 39.50 6.2
95.0 92.08 55.95 6.2
95.0 91.95 101.65 6.1
95.0 92.06 26.66 6.5
95.0 92.06 53.18 5.9
95.0 92.06 53.25 6.0
95.0 92.02 72.84 5.8
e 59.426753759384155