95.0  255.00 0.0
95.0 69.53 255.00 0.0
95.0 69.48 255.00 0.0
95.0 69.48 255.00 0.0
95.0 
95.0 69.41 255.00 0.0
95.0 69.33 255.00 0.0
95.0 69.30 229.91 0.2
95.0 69.27 224.05 0.2
95.0 69.27 193.63 2.4
95.0 69.18 255.00 3.2
95.0 69.32 255.00 5.0
95.0 69.36 255.00 7.0
95.0 69.35 255.00 8.3
95.0 69.32 255.00 9.9
95.0 69.22 255.00 11.0
95.0 69.22 255.00 12.3
95.0 69.20 255.00 13.6
95.0 69.30 255.00 15.6
95.0 69.27 255.00 15.7
95.0 69.27 255.00 16.8
95.0 69.03 255.00 17.6
95.0 69.05 255.00 17.9
95.0 69.05 255.00 19.0
95.0 69.05 255.00 19.5
95.0 69.16 255.00 20.9
95.0 69.12 255.00 20.8
95.0 69.09 255.00 21.1
95.0 69.11 255.00 21.5
95.0 69.01 255.00 21.4
95.0 69.01 255.00 22.6
95.0 69.10 255.00 22.6
95.0 69.25 255.00 22.8
95.0 69.21 255.00 23.4
95.0 69.17 255.00 23.2
95.0 69.16 255.00 23.5
95.0 69.08 255.00 23.1
95.0 69.07 255.00 23.7
95.0 69.09 255.00 24.1
95.0 69.06 255.00 24.3
95.0 69.04 255.00 24.2
95.0 68.91 255.00 24.0
95.0 68.94 255.00 24.5
95.0 68.88 255.00 24.7
95.0 68.92 255.00 24.8
95.0 68.95 255.00 25.0
95.0 68.96 255.00 24.9
95.0 68.86 255.00 24.0
95.0 68.79 255.00 24.7
95.0 68.84 255.00 24.7
95.0 69.03 255.00 25.0
95.0 68.99 255.00 24.7
95.0 68.97 255.00 24.5
95.0 68.96 255.00 24.8
95.0 69.10 255.00 25.7
95.0 69.25 255.00 25.0
95.0 69.20 255.00 25.0
95.0 69.37 255.00 25.0
95.0 69.31 255.00 24.5
95.0 69.26 255.00 24.6
95.0 69.24 255.00 25.0
95.0 69.17 255.00 24.0
95.0 69.14 255.00 24.8
95.0 69.13 255.00 24.9
95.0 68.90 255.00 25.1
95.0 68.94 255.00 24.8
95.0 68.97 255.00 24.9
95.0 69.00 255.00 24.8
95.0 69.02 255.00 25.4
95.0 69.11 255.00 24.5
95.0 69.10 255.00 24.5
95.0 69.21 255.00 24.5
95.0 69.10 255.00 24.7
95.0 69.16 255.00 24.7
95.0 69.15 255.00 24.5
95.0 69.18 255.00 24.1
95.0 69.16 255.00 24.5
95.0 69.20 255.00 24.5
95.0 69.20 255.00 24.3
95.0 69.12 255.00 25.0
95.0 69.18 255.00 24.5
95.0 69.18 255.00 24.4
95.0 69.30 255.00 24.0
95.0 69.27 255.00 23.9
95.0 69.10 255.00 24.1
95.0 69.11 255.00 24.5
95.0 69.15 255.00 24.3
95.0 69.20 255.00 24.1
95.0 69.19 255.00 23.6
95.0 69.30 255.00 24.5
95.0 69.34 255.00 23.8
95.0 69.49 255.00 23.8
95.0 69.42 255.00 23.7
95.0 69.47 255.00 23.8
95.0 69.63 255.00 24.5
95.0 69.44 255.00 23.5
95.0 69.47 255.00 23.7
95.0 69.45 255.00 23.6
95.0 69.63 255.00 23.7
95.0 69.68 255.00 23.7
95.0 69.68 255.00 23.5
95.0 69.68 255.00 23.6
95.0 69.75 255.00 23.5
95.0 70.03 255.00 23.5
95.0 69.99 255.00 23.7
95.0 70.03 255.00 23.4
95.0 70.04 255.00 23.4
95.0 70.05 255.00 23.7
95.0 70.08 255.00 23.0
95.0 70.11 255.00 23.4
95.0 70.11 255.00 23.9
95.0 70.21 255.00 23.2
95.0 70.25 255.00 23.2
95.0 70.38 255.00 22.6
95.0 70.38 255.00 23.4
95.0 70.44 255.00 23.0
95.0 70.39 255.00 23.4
95.0 70.43 255.00 22.7
95.0 70.47 255.00 22.8
95.0 70.49 255.00 23.2
95.0 70.54 255.00 22.6
95.0 70.62 255.00 22.8
95.0 70.66 255.00 23.0
95.0 70.70 255.00 23.2
95.0 70.74 255.00 22.9
95.0 70.84 255.00 22.8
95.0 70.84 255.00 22.8
95.0 70.91 255.00 22.6
95.0 70.99 255.00 22.6
95.0 71.10 255.00 23.1
95.0 71.14 255.00 22.8
95.0 71.18 255.00 22.7
95.0 71.17 255.00 22.8
95.0 71.25 255.00 22.6
95.0 71.23 255.00 23.0
95.0 71.41 255.00 22.1
95.0 71.47 255.00 22.6
95.0 71.59 255.00 21.9
95.0 71.63 255.00 22.4
95.0 71.67 255.00 22.4
95.0 71.73 255.00 22.4
95.0 71.80 255.00 22.6
95.0 71.90 255.00 22.3
95.0 71.91 255.00 22.8
95.0 71.99 255.00 22.2
95.0 72.09 255.00 22.2
95.0 72.06 255.00 22.6
95.0 72.15 255.00 22.2
95.0 72.13 255.00 22.4
95.0 72.27 255.00 21.9
95.0 72.31 255.00 22.3
95.0 72.56 255.00 22.1
95.0 72.65 255.00 21.9
95.0 72.68 255.00 22.3
95.0 72.99 255.00 22.2
95.0 72.92 255.00 21.9
95.0 72.92 255.00 22.2
95.0 73.16 255.00 21.5
95.0 73.19 255.00 21.8
95.0 73.09 255.00 22.1
95.0 73.31 255.00 21.0
95.0 73.23 255.00 22.2
95.0 73.25 255.00 22.0
95.0 73.43 255.00 21.5
95.0 73.56 255.00 21.9
95.0 73.58 255.00 21.9
95.0 73.69 255.00 21.4
95.0 73.75 255.00 21.9
95.0 73.77 255.00 21.8
95.0 73.79 255.00 21.7
95.0 73.81 255.00 21.5
95.0 73.82 255.00 21.8
95.0 73.84 255.00 22.0
95.0 73.90 255.00 21.5
95.0 73.74 255.00 21.8
95.0 73.86 255.00 21.9
95.0 73.95 255.00 21.8
95.0 73.88 255.00 21.7
95.0 73.99 255.00 21.9
95.0 74.07 255.00 21.7
95.0 74.29 255.00 21.3
95.0 74.31 255.00 21.3
95.0 74.38 255.00 21.6
95.0 74.55 255.00 21.1
95.0 74.57 255.00 21.1
95.0 74.64 255.00 21.6
95.0 74.73 255.00 21.7
95.0 74.84 255.00 21.3
95.0 74.70 255.00 21.5
95.0 74.73 255.00 21.7
95.0 74.86 255.00 21.3
95.0 74.93 255.00 21.3
95.0 75.10 255.00 21.5
95.0 75.17 255.00 21.3
95.0 75.40 255.00 20.9
95.0 75.44 255.00 21.9
95.0 75.42 255.00 21.4
95.0 75.62 255.00 21.6
95.0 75.72 255.00 21.1
95.0 75.78 255.00 21.2
95.0 75.81 255.00 21.1
95.0 75.89 255.00 21.3
95.0 76.16 255.00 21.3
95.0 76.29 255.00 21.3
95.0 76.35 255.00 21.2
95.0 76.19 255.00 21.9
95.0 76.15 255.00 21.4
95.0 76.25 255.00 21.1
95.0 76.43 255.00 20.7
95.0 76.47 255.00 21.5
95.0 76.57 255.00 21.2
95.0 76.60 255.00 21.5
95.0 76.74 255.00 20.9
95.0 76.87 255.00 21.1
95.0 76.99 255.00 20.8
95.0 77.03 255.00 21.2
95.0 77.34 255.00 21.1
95.0 77.46 255.00 21.1
95.0 77.55 255.00 20.9
95.0 77.65 255.00 20.3
95.0 77.66 255.00 21.3
95.0 77.72 255.00 20.9
95.0 77.69 255.00 21.0
95.0 77.81 255.00 21.3
95.0 78.01 255.00 20.9
95.0 78.19 255.00 21.1
95.0 78.23 255.00 21.1
95.0 78.47 255.00 20.5
95.0 78.57 255.00 20.5
95.0 78.61 255.00 20.9
95.0 78.66 255.00 20.4
95.0 78.71 255.00 20.9
95.0 78.67 255.00 20.9
95.0 78.75 255.00 21.1
95.0 78.77 255.00 20.8
95.0 79.05 255.00 21.5
95.0 79.22 255.00 20.6
95.0 79.27 255.00 20.7
95.0 79.45 255.00 20.5
95.0 79.54 255.00 20.6
95.0 79.57 255.00 20.7
95.0 79.62 255.00 20.5
95.0 79.66 255.00 20.6
95.0 79.47 255.00 20.9
95.0 79.41 255.00 20.9
95.0 79.51 255.00 20.7
95.0 79.63 255.00 21.2
95.0 79.77 255.00 20.3
95.0 79.83 255.00 20.7
95.0 79.95 255.00 20.4
95.0 80.08 255.00 20.4
95.0 79.91 255.00 20.6
95.0 79.98 255.00 20.5
95.0 80.03 255.00 20.6
95.0 80.00 255.00 21.2
95.0 80.16 255.00 20.6
95.0 80.31 255.00 20.3
95.0 80.38 255.00 20.8
95.0 80.48 255.00 20.7
95.0 80.63 255.00 20.9
95.0 80.45 255.00 20.6
95.0 80.57 255.00 20.6
95.0 80.84 243.13 21.1
95.0 80.99 255.00 20.3
95.0 81.05 255.00 20.5
95.0 81.08 255.00 20.7
95.0 81.17 255.00 20.5
95.0 81.38 243.78 21.3
95.0 81.57 231.27 20.0
95.0 81.61 255.00 20.4
95.0 81.64 255.00 19.9
95.0 81.71 254.94 20.4
95.0 81.58 255.00 20.2
95.0 81.75 231.83 20.0
95.0 81.80 255.00 20.1
95.0 81.75 255.00 19.5
95.0 81.77 255.00 20.5
95.0 81.86 247.75 20.2
95.0 81.87 255.00 20.2
95.0 81.91 255.00 20.3
95.0 82.08 237.14 20.5
95.0 82.34 201.62 20.0
95.0 82.40 255.00 19.8
95.0 82.52 226.41 20.0
95.0 82.63 226.76 19.7
95.0 82.53 255.00 19.6
95.0 82.81 199.30 19.2
95.0 83.03 207.48 19.4
95.0 82.99 251.37 19.0
95.0 83.05 248.48 19.1
95.0 83.32 179.77 19.9
95.0 83.22 255.00 18.7
95.0 83.26 238.58 19.0
95.0 83.16 255.00 18.8
95.0 83.24 220.72 18.9
95.0 83.28 238.60 19.4
95.0 83.42 215.78 18.8
95.0 83.57 197.33 18.7
95.0 83.48 255.00 18.8
95.0 83.49 238.86 18.5
95.0 83.61 216.01 18.3
95.0 83.71 206.01 18.5
95.0 84.14 155.71 18.3
95.0 84.26 191.19 18.1
95.0 84.41 193.25 17.4
95.0 84.36 224.30 17.8
95.0 84.43 218.25 16.9
95.0 84.56 183.71 17.6
95.0 84.43 247.51 17.6
95.0 84.63 177.25 17.1
95.0 84.74 184.30 17.4
95.0 84.87 185.73 17.0
95.0 84.92 193.30 17.0
95.0 85.00 202.73 16.3
95.0 85.11 176.97 16.6
95.0 85.14 202.14 16.7
95.0 85.12 210.03 16.3
95.0 85.22 186.15 16.0
95.0 85.27 185.98 16.3
95.0 85.58 146.53 16.3
95.0 85.67 170.12 16.1
95.0 85.60 210.62 16.1
95.0 85.65 178.68 16.3
95.0 85.80 170.87 15.6
95.0 85.94 153.49 15.5
95.0 85.99 171.17 15.6
95.0 86.08 178.67 15.0
95.0 86.12 171.56 15.6
95.0 86.15 179.10 15.1
95.0 86.14 187.28 15.3
95.0 86.14 187.27 15.1
95.0 86.10 188.62 14.9
95.0 86.13 179.08 15.1
95.0 86.39 128.28 15.1
95.0 86.40 179.41 14.9
95.0 86.48 155.20 13.8
95.0 86.83 111.68 14.1
95.0 86.98 129.75 14.6
95.0 87.00 156.87 13.8
95.0 87.06 155.11 14.0
95.0 87.08 163.59 13.4
95.0 86.98 188.30 13.4
95.0 87.04 148.07 13.4
95.0 87.05 170.08 13.9
95.0 87.18 130.39 13.4
95.0 87.30 138.16 13.1
95.0 87.61 93.56 12.8
95.0 87.65 140.99 12.6
95.0 87.56 167.47 12.5
95.0 87.68 129.85 12.9
95.0 87.71 147.33 12.8
95.0 87.74 141.28 12.3
95.0 87.84 130.04 12.5
95.0 87.89 138.88 12.1
95.0 88.14 94.21 12.2
95.0 88.20 118.24 11.5
95.0 88.18 153.14 11.4
95.0 88.24 124.51 11.7
95.0 88.33 121.76 12.3
95.0 88.37 124.94 11.4
95.0 88.49 119.30 11.2
95.0 88.52 125.40 11.4
95.0 88.83 66.66 11.2
95.0 88.82 126.38 11.1
95.0 88.90 107.80 11.0
95.0 88.92 122.48 9.9
95.0 88.91 121.97 10.4
95.0 88.93 127.59 10.9
95.0 88.99 108.11 10.4
95.0 88.97 131.42 10.7
95.0 89.03 113.62 10.5
95.0 89.29 67.22 10.3
95.0 89.24 123.73 8.7
95.0 89.23 118.33 9.6
95.0 89.56 40.15 10.1
95.0 89.64 85.64 9.4
95.0 89.68 96.06 9.3
95.0 89.83 65.75 9.1
95.0 89.72 126.29 8.9
95.0 89.79 86.42 8.9
95.0 89.98 49.40 8.5
95.0 89.89 120.45 8.5
95.0 89.90 97.26 8.3
95.0 89.95 87.27 8.6
95.0 89.75 144.22 8.6
95.0 89.81 96.25 8.7
95.0 89.87 82.01 8.4
95.0 90.01 60.91 8.5
95.0 90.13 72.65 8.9
95.0 90.16 84.15 8.0
95.0 90.14 98.50 8.1
95.0 90.04 115.41 7.8
95.0 90.11 87.28 7.9
95.0 90.06 104.98 8.4
95.0 90.13 77.86 7.8
95.0 90.16 88.37 8.2
95.0 90.18 88.49 8.2
95.0 90.24 78.44 8.4
95.0 90.22 95.45 8.0
95.0 90.32 63.25 8.1
95.0 90.24 112.10 7.8
95.0 90.17 108.82 8.6
95.0 90.28 73.13 8.0
95.0 90.46 47.63 7.6
95.0 90.67 37.79 7.4
95.0 90.64 87.81 7.3
95.0 90.70 66.13 7.2
95.0 90.75 74.64 7.1
95.0 90.84 55.94 7.3
95.0 90.88 71.31 6.9
95.0 90.87 78.58 7.0
95.0 90.91 71.45 6.8
95.0 90.82 102.10 6.7
95.0 90.86 71.18 6.7
95.0 90.85 84.92 7.1
95.0 90.89 67.57 6.7
95.0 91.01 50.54 6.6
95.0 90.82 121.34 6.6
95.0 90.91 65.05 6.4
95.0 91.03 50.63 6.9
95.0 91.09 57.80 6.7
95.0 91.19 51.50 6.5
95.0 90.95 132.78 6.5
95.0 90.98 75.35 5.4
95.0 91.13 35.10 6.7
95.0 91.19 58.52 6.6
95.0 91.23 66.08 6.3
95.0 91.15 91.64 6.3
95.0 91.29 41.06 6.4
95.0 91.41 41.72 6.3
95.0 91.48 49.32 6.0
95.0 91.59 42.65 5.8
95.0 91.47 94.04 5.8
95.0 91.57 46.58 6.3
95.0 91.58 61.52 5.7
95.0 91.59 61.58 5.7
95.0 91.64 53.88 5.5
95.0 91.69 54.12 5.6
95.0 91.77 43.63 5.8
95.0 91.85 40.51 5.7
95.0 91.87 55.11 5.7
95.0 91.60 126.37 5.2
95.0 91.61 64.50 5.6
95.0 91.44 105.42 5.7
95.0 91.51 56.74 5.6
95.0 91.61 42.78 6.2
95.0 91.66 50.68 6.2
95.0 91.79 32.65 5.4
95.0 91.78 65.41 5.4
95.0 91.73 73.88 5.4
95.0 91.90 21.95 6.2
95.0 91.96 41.36 5.4
95.0 91.98 58.23 4.8
95.0 92.17 7.18 5.2
95.0 92.49 -34.40 5.0
95.0 92.45 59.73 5.0
95.0 92.41 57.96 4.5
95.0 92.42 47.08 5.1
95.0 92.44 44.94 5.1
95.0 92.54 28.48 5.3
95.0 92.45 68.06 5.0
95.0 92.60 10.40 4.8
95.0 92.59 47.95 4.8
95.0 92.63 37.07 4.6
95.0 92.62 48.12 4.7
95.0 92.53 68.63 4.5
95.0 92.53 45.62 4.6
95.0 92.62 28.74 4.8
95.0 92.61 46.26 4.6
95.0 92.65 37.17 4.3
95.0 92.68 35.05 4.3
95.0 92.58 69.65 4.2
95.0 92.67 26.02 4.3
95.0 92.70 35.18 4.3
95.0 92.64 60.35 4.3
95.0 92.50 79.71 4.2
95.0 92.50 47.49 4.5
95.0 92.64 10.76 4.3
95.0 92.68 37.33 4.3
95.0 92.66 48.35 4.4
95.0 92.70 35.16 4.2
95.0 92.73 37.58 3.7
95.0 92.71 48.58 4.3
95.0 92.69 46.86 4.1
95.0 92.68 48.41 4.2
95.0 92.71 35.24 4.3
95.0 92.52 90.23 4.5
95.0 92.56 34.16 4.4
95.0 92.65 25.94 4.2
95.0 92.55 69.50 4.1
95.0 92.60 34.40 4.4
95.0 92.64 37.11 4.2
95.0 92.58 57.63 4.0
95.0 92.58 49.78 4.0
95.0 92.62 34.58 4.0
95.0 92.57 57.52 4.1
95.0 92.48 69.10 3.8
95.0 92.40 68.66 4.4
95.0 92.28 78.70 4.5
95.0 92.40 20.97 4.6
95.0 92.46 33.33 4.6
95.0 92.60 17.88 4.5
95.0 92.38 100.92 4.0
95.0 92.31 69.51 4.3
95.0 92.38 35.73 4.5
95.0 92.48 25.04 4.5
95.0 92.49 45.33 4.4
95.0 92.49 45.37 4.3
95.0 92.54 39.16 4.5
95.0 92.54 45.74 4.3
95.0 92.37 89.69 4.1
95.0 92.39 44.56 4.5
95.0 92.63 -8.88 4.5
95.0 92.62 48.13 4.6
95.0 92.66 34.88 3.9
95.0 92.74 26.40 4.6
95.0 92.81 26.77 4.3
95.0 92.87 27.11 3.9
95.0 93.12 -22.94 4.0
95.0 92.97 71.64 4.3
95.0 92.93 49.76 4.8
95.0 92.89 48.37 4.6
95.0 92.95 27.50 4.6
95.0 92.86 60.34 4.5
95.0 92.74 70.26 4.3
95.0 92.55 90.64 4.7
95.0 92.88 -37.59 4.6
95.0 92.75 71.46 4.8
95.0 92.73 47.17 5.1
95.0 92.76 37.75 4.9
95.0 93.02 -23.72 5.0
95.0 93.20 -2.30 4.8
95.0 93.09 61.54 5.4
95.0 93.13 26.48 4.8
95.0 93.07 51.34 4.8
95.0 92.93 71.65 4.8
95.0 92.93 36.94 4.9
95.0 92.85 60.27 4.9
95.0 92.82 49.16 5.0
95.0 92.84 38.16 4.9
95.0 92.72 70.08 4.5
95.0 92.66 59.25 4.7
95.0 92.56 69.52 5.0
95.0 92.51 57.09 5.1
95.0 92.70 3.20 5.1
95.0 92.73 33.13 4.7
95.0 92.80 29.32 4.7
95.0 92.73 58.73 4.6
95.0 92.85 12.30 4.6
95.0 92.77 59.86 4.5
95.0 92.84 26.93 4.3
95.0 92.72 70.39 4.0
95.0 92.66 58.20 4.2
95.0 92.78 18.46 4.5
95.0 92.80 35.97 4.5
95.0 92.82 36.11 4.2
95.0 92.75 59.75 4.1
95.0 92.73 48.69 4.4
95.0 92.54 90.58 4.1
95.0 92.72 -0.90 4.6
95.0 92.57 80.26 4.5
95.0 92.52 59.98 4.6
95.0 92.48 56.87 4.8
95.0 92.49 47.41 4.8
95.0 92.45 56.62 5.0
95.0 92.46 47.26 4.9
95.0 92.47 47.30 5.0
95.0 92.34 78.53 4.6
95.0 92.36 49.09 4.9
95.0 92.29 66.87 4.9
95.0 92.23 67.78 5.0
95.0 92.26 43.61 5.2
95.0 92.07 98.50 5.0
95.0 92.03 66.74 5.3
95.0 91.95 75.58 5.2
95.0 91.97 55.60 5.4
95.0 91.94 66.23 5.3
95.0 91.95 52.87 5.5
95.0 91.75 107.06 5.6
95.0 91.66 85.93 5.9
95.0 91.66 67.44 6.3
95.0 91.62 73.05 6.0
95.0 91.49 95.43 5.9
95.0 91.64 31.85 6.3
95.0 91.60 72.94 6.1
95.0 91.36 125.07 6.1
95.0 91.30 84.04 6.5
95.0 91.38 56.33 6.4
95.0 91.41 60.20 6.7
95.0 91.43 60.40 6.5
95.0 91.54 42.42 6.3
95.0 91.69 32.09 6.3
95.0 91.69 64.91 6.0
95.0 91.68 62.28 5.8
95.0 91.73 54.32 6.2
95.0 91.68 75.51 6.0
95.0 91.63 73.16 5.8
95.0 91.55 85.35 6.0
95.0 91.52 74.67 6.1
95.0 91.53 64.09 6.3
95.0 91.54 61.22 6.2
95.0 91.60 50.21 6.2
95.0 91.52 87.05 6.1
95.0 91.53 61.15 6.1
95.0 91.50 74.60 6.1
95.0 91.48 71.99 6.3
95.0 91.45 76.87 6.1
95.0 91.39 82.45 6.2
95.0 91.24 103.22 6.3
95.0 91.51 14.40 6.4
95.0 91.48 74.49 6.3
95.0 91.46 74.35 6.3
95.0 91.19 134.53 6.0
95.0 91.15 85.87 6.7
95.0 90.91 132.57 6.9
95.0 90.54 168.92 7.0
95.0 90.48 103.28 7.4
95.0 90.47 93.54 8.0
95.0 90.42 100.01 8.1
95.0 90.50 69.30 8.3
95.0 90.45 97.22 8.5
95.0 90.70 33.29 7.9
95.0 90.76 66.56 8.0
95.0 90.72 91.34 7.3
95.0 90.77 70.72 7.9
95.0 90.73 91.40 7.7
95.0 90.70 88.23 7.4
95.0 90.84 44.46 7.5
95.0 90.79 94.56 7.5
95.0 90.79 77.96 7.1
95.0 90.79 81.36 7.5
95.0 90.84 67.17 7.5
95.0 91.14 6.55 7.5
95.0 91.07 91.04 7.3
95.0 90.92 111.46 7.3
95.0 90.86 94.79 7.3
95.0 90.82 91.85 7.6
95.0 90.86 71.18 7.4
95.0 90.61 140.47 7.4
95.0 90.30 158.50 7.3
95.0 90.40 73.51 8.2
95.0 90.23 127.33 8.1
95.0 90.33 73.30 8.4
95.0 90.17 128.69 8.6
95.0 90.03 130.25 8.6
95.0 89.90 127.26 9.4
95.0 89.91 97.31 9.1
95.0 89.88 110.93 9.1
95.0 89.97 76.99 9.1
95.0 90.32 13.58 8.6
95.0 90.37 79.09 8.6
95.0 90.41 75.07 8.3
95.0 90.32 109.61 8.4
95.0 90.29 99.31 8.2
95.0 90.26 102.56 8.5
95.0 90.31 78.80 8.3
95.0 90.16 128.58 8.2
95.0 90.18 88.48 8.7
95.0 90.16 98.61 8.8
95.0 89.82 174.44 8.8
95.0 89.88 86.90 9.1
95.0 89.89 101.39 9.1
95.0 89.98 77.05 9.1
95.0 89.86 127.01 9.1
95.0 89.79 116.77 9.2
95.0 89.89 81.85 9.3
95.0 89.82 116.91 9.3
95.0 89.91 76.70 8.6
95.0 89.92 97.36 9.2
95.0 89.92 97.38 9.0
95.0 89.85 117.08 9.2
95.0 89.99 66.57 9.3
95.0 90.07 77.51 9.0
95.0 90.10 88.06 8.9
95.0 90.05 104.88 9.1
95.0 90.12 82.59 8.8
95.0 89.79 174.27 8.8
95.0 89.65 138.26 8.6
95.0 89.81 65.62 9.5
95.0 89.86 81.95 9.6
95.0 89.87 101.34 9.2
95.0 89.84 107.07 9.3
95.0 89.29 231.96 9.4
95.0 88.79 230.37 9.9
95.0 88.91 98.25 10.4
95.0 89.01 92.57 10.8
95.0 88.95 131.95 11.0
95.0 88.97 127.56 10.9
95.0 88.99 117.56 10.9
95.0 89.04 113.64 11.1
95.0 89.10 113.70 10.8
95.0 89.18 104.70 11.0
95.0 89.10 136.51 10.7
95.0 89.07 131.54 11.0
95.0 88.96 148.85 11.3
95.0 88.94 131.38 11.2
95.0 88.96 117.47 11.2
95.0 88.86 152.71 11.4
95.0 88.89 117.24 11.1
95.0 89.04 88.96 11.4
95.0 89.21 86.18 11.2
95.0 89.42 63.55 11.0
95.0 89.51 90.48 10.8
95.0 89.48 115.12 11.6
95.0 89.40 135.74 10.4
95.0 89.22 155.04 10.3
95.0 89.18 131.68 10.5
95.0 89.21 113.85 11.0
95.0 89.25 113.89 10.7
95.0 89.28 109.03 10.8
95.0 89.31 109.11 10.4
95.0 89.63 55.45 10.8
95.0 89.46 144.31 10.3
95.0 89.39 131.94 10.7
95.0 89.37 123.03 10.6
95.0 89.69 48.14 10.4
95.0 89.71 96.27 10.2
95.0 89.74 100.91 10.1
95.0 89.72 114.47 10.1
95.0 89.59 140.95 9.9
95.0 89.24 189.61 10.2
95.0 89.23 122.86 10.5
95.0 89.22 122.85 10.6
95.0 89.42 70.39 10.6
95.0 89.43 114.12 10.3
95.0 89.37 128.12 10.4
95.0 89.39 114.06 11.0
95.0 89.28 137.09 10.7
95.0 89.44 92.35 11.0
95.0 89.45 104.97 10.9
95.0 89.34 140.65 10.3
95.0 89.32 122.97 10.9
95.0 89.43 90.20 10.6
95.0 89.36 128.10 10.3
95.0 89.42 99.89 10.3
95.0 89.39 123.06 10.5
95.0 89.29 137.11 10.4
95.0 89.28 122.92 10.6
95.0 89.15 149.09 10.8
95.0 89.19 113.81 10.8
95.0 89.18 118.19 10.8
95.0 89.14 135.91 11.1
95.0 89.18 108.72 10.9
95.0 89.14 131.63 10.8
95.0 89.14 118.05 11.0
95.0 89.31 86.29 10.8
95.0 89.29 118.53 10.6
95.0 89.24 127.71 10.6
95.0 89.39 92.38 10.6
95.0 89.29 133.76 10.7
95.0 89.32 113.97 10.5
95.0 89.22 136.89 10.7
95.0 89.18 135.89 11.0
95.0 89.13 127.37 10.8
95.0 89.14 122.74 11.0
95.0 89.14 122.75 11.0
95.0 89.39 67.34 10.9
95.0 89.29 133.73 10.6
95.0 89.31 113.97 11.0
95.0 89.06 174.39 10.6
95.0 89.07 117.83 10.8
95.0 88.89 165.81 11.0
95.0 88.91 122.47 10.8
95.0 88.86 140.06 11.2
95.0 88.89 117.24 11.6
95.0 89.00 110.31 11.3
95.0 89.44 18.60 11.0
95.0 89.29 146.25 10.5
95.0 89.24 131.76 10.3
95.0 89.27 109.00 10.7
95.0 89.18 140.46 9.9
95.0 89.26 93.86 10.6
95.0 89.25 122.88 11.1
95.0 89.28 109.03 10.6
95.0 89.11 157.61 10.6
95.0 89.11 122.72 11.0
95.0 89.41 57.66 10.5
95.0 89.39 114.65 10.9
95.0 89.36 123.02 10.8
95.0 89.73 38.21 10.3
95.0 89.51 154.08 9.8
95.0 89.48 119.12 10.3
95.0 89.57 95.95 10.6
95.0 89.45 137.61 10.3
95.0 89.38 128.15 10.2
95.0 89.35 123.01 10.4
95.0 89.26 140.55 10.4
95.0 89.25 122.88 10.6
95.0 89.24 118.35 10.6
95.0 89.19 135.88 10.8
95.0 89.31 89.82 10.7
95.0 89.37 94.47 10.6
95.0 89.27 140.57 10.3
95.0 89.26 118.43 10.9
95.0 89.05 166.01 10.2
95.0 89.06 117.81 10.6
95.0 89.07 127.50 10.9
95.0 89.25 79.79 11.0
95.0 89.20 127.58 10.8
95.0 89.15 131.65 10.8
95.0 89.36 76.90 10.6
95.0 89.50 74.54 10.7
95.0 89.47 115.09 10.5
95.0 89.48 118.67 10.3
95.0 89.45 119.02 10.4
95.0 89.38 131.92 10.6
95.0 89.35 123.01 10.4
95.0 89.42 104.99 10.4
95.0 89.39 118.84 10.6
95.0 89.25 152.46 10.0
95.0 89.20 127.58 10.6
95.0 89.15 131.65 10.7
95.0 89.11 127.31 11.2
95.0 89.20 110.18 10.8
95.0 89.24 108.88 10.9
95.0 89.31 104.86 10.6
95.0 89.42 95.77 10.6
95.0 89.35 124.32 10.3
95.0 89.37 114.04 10.3
95.0 89.35 118.71 10.5
95.0 89.37 118.74 10.8
95.0 89.31 127.93 10.5
95.0 89.42 95.77 10.8
95.0 89.47 100.05 10.7
95.0 89.48 114.17 10.0
95.0 89.45 119.03 10.6
95.0 89.46 118.69 10.3
95.0 89.47 109.63 10.4
95.0 89.48 109.66 10.4
95.0 89.70 67.72 9.7
95.0 89.72 96.32 10.0
95.0 90.10 20.69 9.8
95.0 89.88 145.21 9.5
95.0 89.77 132.40 9.5
95.0 89.67 126.01 9.6
95.0 89.46 155.80 9.9
95.0 89.51 95.19 10.0
95.0 89.48 119.11 10.1
95.0 89.57 95.95 10.2
95.0 89.61 95.70 10.0
95.0 89.64 100.60 9.7
95.0 89.67 100.70 10.1
95.0 89.70 105.34 9.8
95.0 89.73 96.36 9.7
95.0 89.80 91.38 9.8
95.0 89.61 143.18 9.7
95.0 89.49 134.80 9.7
95.0 89.54 100.26 10.0
95.0 89.54 114.24 10.0
95.0 89.58 105.19 9.9
95.0 89.58 105.67 10.1
95.0 89.62 109.91 9.8
95.0 89.61 105.84 10.4
95.0 89.65 105.27 9.7
95.0 89.68 96.08 9.7
95.0 89.75 86.21 10.0
95.0 89.77 101.01 9.7
95.0 89.75 106.58 9.9
95.0 89.73 114.48 9.5
95.0 89.48 163.31 9.5
95.0 89.57 90.66 10.4
95.0 89.61 95.71 10.1
95.0 89.60 110.06 9.5
95.0 89.60 110.05 9.4
95.0 89.64 95.86 9.3
95.0 89.71 91.11 9.5
95.0 89.74 91.84 9.5
95.0 89.84 76.33 9.3
95.0 89.94 71.53 9.1
95.0 90.16 46.01 8.8
95.0 90.22 78.32 8.8
95.0 90.24 84.76 8.2
95.0 90.29 78.71 8.0
95.0 90.22 109.06 8.4
95.0 89.96 157.38 8.4
95.0 90.08 67.08 9.4
95.0 90.11 83.83 8.7
95.0 90.18 82.78 8.8
95.0 90.20 84.51 8.6
95.0 90.18 98.73 8.7
95.0 90.12 108.52 7.7
95.0 90.14 88.29 8.4
95.0 90.17 88.42 8.6
95.0 90.27 62.92 8.6
95.0 90.12 130.53 8.2
95.0 90.19 78.16 8.8
95.0 90.21 88.64 8.4
95.0 90.14 105.63 8.2
95.0 90.21 82.87 8.4
95.0 90.67 -19.25 8.6
95.0 90.56 110.88 8.2
95.0 90.50 106.32 8.4
95.0 90.62 59.26 8.4
95.0 90.72 59.82 8.4
95.0 90.53 129.54 8.2
95.0 90.51 93.67 8.2
95.0 90.58 69.73 8.3
95.0 90.56 87.23 8.3
95.0 90.63 69.98 8.3
95.0 90.61 90.74 8.0
95.0 90.63 76.71 8.0
95.0 90.69 70.27 9.1
95.0 90.70 77.25 7.8
95.0 90.58 113.19 8.0
95.0 90.44 120.22 7.8
95.0 90.27 131.01 8.1
95.0 90.33 83.24 9.2
95.0 90.29 96.01 8.6
95.0 90.26 99.14 8.3
95.0 90.40 52.58 8.8
95.0 90.48 73.78 8.2
95.0 90.64 42.99 8.1
95.0 90.62 90.80 8.2
95.0 90.51 108.40 7.4
95.0 90.63 64.15 7.8
95.0 90.48 120.42 7.6
95.0 90.43 100.04 8.1
95.0 90.34 115.22 8.2
95.0 90.47 58.49 8.2
95.0 90.55 69.54 8.0
95.0 90.57 76.32 8.0
95.0 90.60 80.31 8.3
95.0 90.62 80.42 7.5
95.0 90.64 76.79 7.4
95.0 90.87 27.77 7.6
95.0 90.82 91.89 7.5
95.0 90.70 109.79 7.3
95.0 90.71 84.46 7.6
95.0 90.67 91.11 7.6
95.0 91.05 -5.55 7.6
95.0 91.02 79.69 7.7
95.0 91.00 82.44 7.6
95.0 91.02 72.05 8.0
95.0 91.00 79.53 7.6
95.0 90.98 82.34 7.8
95.0 90.88 100.46 7.4
95.0 90.63 142.23 7.4
95.0 90.69 70.28 7.4
95.0 90.74 66.45 7.9
95.0 90.79 70.83 8.0
95.0 90.79 81.35 7.6
95.0 90.75 91.51 8.2
95.0 90.71 88.37 7.6
95.0 90.90 44.41 7.6
95.0 91.02 45.82 7.6
95.0 91.04 68.69 7.3
95.0 90.97 92.68 7.3
95.0 90.96 82.21 7.2
95.0 91.07 50.86 7.3
95.0 91.00 90.53 7.2
95.0 91.07 57.63 7.1
95.0 91.13 65.74 7.0
95.0 91.01 101.45 7.1
95.0 90.95 95.06 7.0
95.0 90.98 68.22 7.4
95.0 91.04 65.48 7.1
95.0 91.06 68.88 7.1
95.0 90.87 121.70 7.1
95.0 90.82 97.49 7.4
95.0 90.82 78.18 7.3
95.0 90.86 71.20 7.4
95.0 91.03 34.33 7.3
95.0 90.97 92.64 7.8
95.0 91.04 61.46 7.1
95.0 90.81 131.66 6.7
95.0 90.81 84.78 7.3
95.0 90.72 101.61 7.4
95.0 91.14 -8.88 7.1
95.0 91.06 90.98 7.1
95.0 90.91 112.71 7.3
95.0 90.94 75.25 7.3
95.0 90.97 68.18 7.6
95.0 90.83 112.29 7.6
95.0 90.87 75.02 7.6
95.0 90.91 71.43 7.6
95.0 90.90 78.74 7.5
95.0 90.89 78.67 7.4
95.0 90.79 104.28 7.4
95.0 90.75 91.52 8.2
95.0 90.93 39.18 7.6
95.0 90.96 68.11 7.4
95.0 91.03 61.45 7.3
95.0 91.01 82.49 6.9
95.0 91.07 57.68 7.1
95.0 91.13 65.76 7.4
95.0 91.19 58.52 6.9
95.0 91.15 83.23 6.9
95.0 91.62 -47.10 7.1
95.0 91.45 106.37 7.1
95.0 91.34 96.32 7.1
95.0 91.46 37.60 7.0
95.0 91.48 63.84 7.1
95.0 91.54 53.37 6.9
95.0 91.47 83.08 7.6
95.0 91.40 84.58 7.1
95.0 91.34 82.13 6.7
95.0 91.21 105.59 7.1
95.0 91.43 19.48 7.3
95.0 91.41 74.10 7.3
95.0 91.48 53.02 6.7
95.0 91.45 71.83 6.5
95.0 91.47 63.79 6.8
95.0 91.49 60.84 6.5
95.0 91.51 66.97 6.9
95.0 91.44 82.85 6.7
95.0 91.42 71.56 6.6
95.0 91.36 84.33 6.6
95.0 91.57 20.19 6.8
95.0 91.41 105.22 6.7
95.0 91.26 104.46 6.5
95.0 91.30 69.68 7.1
95.0 91.21 92.11 6.7
95.0 91.26 59.05 6.9
95.0 91.25 73.27 7.3
95.0 91.21 83.55 6.4
95.0 91.25 62.62 6.9
95.0 91.21 81.10 6.9
95.0 91.25 59.03 6.7
95.0 91.52 14.43 6.9
95.0 91.58 50.04 5.9
95.0 91.42 105.27 6.4
95.0 91.44 63.61 6.5
95.0 91.38 86.60 6.7
95.0 91.36 71.13 6.7
95.0 91.39 60.08 6.8
95.0 91.38 76.63 6.5
95.0 91.45 49.07 6.1
95.0 91.47 63.76 6.7
95.0 91.45 71.76 6.3
95.0 91.38 84.46 6.3
95.0 91.54 31.32 6.3
95.0 91.51 72.25 6.2
95.0 91.36 104.96 6.2
95.0 91.52 35.89 6.4
95.0 91.49 74.53 6.9
95.0 91.51 60.95 5.8
95.0 91.44 82.83 6.5
95.0 91.55 46.49 5.9
95.0 91.56 61.34 6.1
95.0 91.53 74.72 6.3
95.0 91.50 74.56 6.2
95.0 91.47 71.95 6.1
95.0 91.40 84.58 6.3
95.0 91.65 3.30 6.3
95.0 91.65 64.74 6.1
95.0 91.70 50.96 6.0
95.0 91.70 64.96 5.5
95.0 91.48 115.72 5.9
95.0 91.41 86.71 6.0
95.0 91.40 74.03 4.8
95.0 91.38 71.26 6.7
95.0 91.41 63.43 6.1
95.0 91.70 -2.06 6.3
95.0 91.70 62.40 6.3
95.0 91.74 54.40 6.2
95.0 91.73 65.15 6.3
95.0 91.72 65.11 6.1
95.0 91.63 84.30 6.1
95.0 91.72 43.37 5.8
95.0 91.67 75.50 6.0
95.0 91.76 39.84 6.0
95.0 91.84 43.98 6.2
95.0 91.78 74.27 5.8
95.0 91.81 57.70 5.8
95.0 91.79 63.12 5.5
95.0 91.61 105.99 6.0
95.0 91.80 26.12 6.0
95.0 91.78 65.42 6.0
95.0 91.95 22.22 6.0
95.0 91.92 64.06 5.5
95.0 91.72 107.25 5.8
95.0 91.68 75.51 5.6
95.0 91.67 62.20 5.8
95.0 91.54 95.71 6.0
95.0 91.51 74.65 6.2
95.0 91.48 74.50 6.2
95.0 91.68 15.58 6.2
95.0 91.64 73.20 6.1
95.0 91.60 77.33 6.0
95.0 91.60 61.66 5.5
95.0 91.56 74.92 6.0
95.0 91.62 50.35 6.2
95.0 91.37 125.17 6.1
95.0 91.44 52.83 6.3
95.0 91.47 60.64 6.6
95.0 91.40 86.67 5.8
95.0 91.38 71.29 6.9
95.0 91.50 42.18 6.1
95.0 91.56 49.90 6.1
95.0 91.70 32.16 6.2
95.0 91.65 75.40 6.1
95.0 91.70 50.96 6.0
95.0 91.53 105.85 5.9
95.0 91.50 77.01 6.1
95.0 91.51 63.99 6.2
95.0 91.48 72.06 6.4
95.0 91.50 60.91 6.3
95.0 91.39 96.47 6.2
95.0 91.37 71.22 6.5
95.0 91.49 42.14 6.1
95.0 91.51 63.97 6.0
95.0 91.57 49.97 6.2
95.0 91.71 32.20 6.1
95.0 91.75 51.33 5.3
95.0 91.70 77.65 5.8
95.0 91.69 62.35 6.0
95.0 91.82 32.80 6.0
95.0 91.81 63.20 5.7
95.0 91.71 86.18 5.6
95.0 91.66 75.42 5.6
95.0 91.66 62.09 6.2
95.0 91.57 85.48 6.0
95.0 91.90 -12.75 6.1
95.0 91.79 86.63 6.1
95.0 91.78 65.40 6.2
95.0 91.72 75.76 6.2
95.0 91.72 65.07 6.3
95.0 91.98 -6.47 5.2
95.0 91.87 87.03 6.4
95.0 91.84 65.75 6.4
95.0 91.91 41.00 6.9
95.0 91.85 76.41 6.0
95.0 91.58 127.01 6.1
95.0 91.59 70.03 6.7
95.0 91.68 39.24 6.7
95.0 91.68 62.24 6.5
95.0 91.63 75.29 6.3
95.0 91.12 190.47 6.5
95.0 91.17 65.88 6.8
95.0 91.05 101.75 7.3
95.0 91.07 78.98 7.5
95.0 91.22 35.73 7.6
95.0 91.22 70.03 7.3
95.0 91.09 103.56 7.3
95.0 91.06 85.59 7.1
95.0 91.00 92.80 7.4
95.0 90.93 90.02 7.3
95.0 91.23 0.11 7.4
95.0 91.27 62.73 7.0
95.0 91.27 70.44 7.1
95.0 91.31 62.91 6.9
95.0 91.39 48.62 6.9
95.0 91.29 96.14 6.5
95.0 91.28 70.53 6.6
95.0 91.23 81.30 6.6
95.0 91.28 66.22 6.8
95.0 91.27 70.45 7.1
95.0 91.27 73.35 6.7
95.0 91.67 -33.85 6.7
95.0 91.50 106.54 6.7
95.0 91.27 124.84 6.9
95.0 91.31 62.91 7.3
95.0 91.52 19.96 7.4
95.0 91.54 64.11 7.1
95.0 91.51 74.61 6.3
95.0 91.43 82.81 7.1
95.0 91.55 42.43 6.5
95.0 91.60 53.66 6.6
95.0 91.61 61.70 6.7
95.0 91.75 32.39 6.5
95.0 91.69 75.60 6.1
95.0 91.73 51.23 6.5
95.0 91.68 75.55 5.8
95.0 91.68 62.26 6.5
95.0 91.59 87.29 6.7
95.0 91.43 104.62 6.4
95.0 90.97 178.35 6.5
95.0 91.00 71.92 7.0
95.0 90.89 102.51 7.4
95.0 91.01 55.16 7.4
95.0 91.17 35.36 7.1
95.0 91.17 75.98 6.9
95.0 91.40 13.47 7.3
95.0 91.43 63.54 6.8
95.0 91.32 92.95 6.5
95.0 91.40 52.60 6.2
95.0 91.26 104.43 6.8
95.0 91.30 62.85 6.7
95.0 91.25 83.76 6.7
95.0 91.12 103.71 6.7
95.0 91.22 51.63 6.9
95.0 91.22 73.09 7.1
95.0 91.26 59.10 7.0
95.0 91.22 86.08 6.9
95.0 91.01 122.75 6.9
95.0 90.95 95.06 7.2
95.0 90.89 92.25 7.4
95.0 90.93 67.84 7.4
95.0 90.87 92.14 7.3
95.0 90.86 78.51 7.3
95.0 90.86 84.94 7.2
95.0 90.77 99.63 7.3
95.0 90.73 88.49 7.8
95.0 90.87 49.78 7.6
95.0 90.95 61.00 7.4
95.0 90.85 102.27 7.1
95.0 91.02 39.64 7.4
95.0 90.95 95.08 7.2
95.0 90.98 68.27 7.3
95.0 90.96 79.26 7.0
95.0 90.82 112.26 7.0
95.0 91.09 23.85 7.0
95.0 91.02 92.91 7.4
95.0 90.99 79.49 7.3
95.0 91.02 68.54 7.5
95.0 91.04 75.56 7.2
95.0 91.02 79.65 7.1
95.0 90.95 92.57 7.2
95.0 90.90 89.73 7.2
95.0 90.80 104.30 7.3
95.0 90.80 81.40 7.4
95.0 90.89 56.28 7.4
95.0 90.80 104.28 7.4
95.0 90.71 101.56 7.1
95.0 90.81 64.73 7.8
95.0 90.94 45.22 7.6
95.0 91.01 65.37 7.4
95.0 91.12 46.58 7.5
95.0 91.13 69.38 7.2
95.0 91.14 72.67 7.0
95.0 91.32 30.17 6.9
95.0 91.32 73.60 6.3
95.0 91.35 59.76 7.0
95.0 91.34 70.95 6.3
95.0 91.33 76.48 6.4
95.0 91.32 70.79 6.8
95.0 91.22 94.01 5.8
95.0 91.22 73.12 6.7
95.0 91.18 83.41 6.9
95.0 91.02 112.23 7.0
95.0 91.04 72.15 7.1
95.0 91.02 85.45 6.5
95.0 91.04 68.69 7.3
95.0 91.01 82.52 7.1
95.0 91.26 12.39 6.9
95.0 91.30 62.86 6.9
95.0 91.25 83.76 6.5
95.0 91.20 81.07 6.9
95.0 91.16 83.32 6.5
95.0 91.26 51.85 6.8
95.0 91.30 62.86 7.2
95.0 91.25 81.41 6.2
95.0 91.20 83.53 6.7
95.0 91.04 113.40 6.7
95.0 91.02 82.53 7.3
95.0 91.04 72.13 7.0
95.0 90.97 92.68 7.3
95.0 90.96 79.19 7.8
95.0 91.03 61.42 7.2
95.0 91.00 79.56 7.1
95.0 91.11 55.47 6.7
95.0 91.17 58.38 7.1
95.0 91.13 80.52 6.9
95.0 91.14 72.68 7.2
95.0 91.19 62.30 6.5
95.0 91.15 83.26 6.9
95.0 91.12 80.43 7.4
95.0 90.92 123.74 6.9
95.0 90.63 150.46 7.1
95.0 90.60 90.72 7.4
95.0 90.67 70.16 7.9
95.0 90.68 80.75 7.7
95.0 90.57 110.90 8.0
95.0 90.63 69.99 7.8
95.0 90.74 59.88 8.0
95.0 90.74 81.09 7.8
95.0 90.79 66.83 7.6
95.0 90.84 71.06 8.0
95.0 90.83 81.56 7.5
95.0 90.83 81.54 7.8
95.0 90.83 78.23 7.6
95.0 90.78 88.88 7.6
95.0 90.87 64.93 7.5
95.0 90.86 78.50 7.3
95.0 90.90 71.41 7.4
95.0 90.93 67.90 7.4
95.0 91.42 -30.71 7.4
95.0 91.53 42.37 7.3
95.0 91.46 83.01 6.8
95.0 91.44 74.25 6.9
95.0 91.59 31.58 7.2
95.0 91.56 74.88 6.8
95.0 91.44 93.84 7.1
95.0 91.42 74.15 7.2
95.0 91.36 84.34 6.5
95.0 91.26 92.48 6.9
95.0 91.43 30.74 7.1
95.0 91.33 94.56 6.9
95.0 91.32 73.62 6.9
95.0 91.18 102.75 7.1
95.0 91.19 72.93 6.9
95.0 91.19 76.04 7.2
95.0 91.15 80.69 6.9
95.0 91.16 72.78 7.2
95.0 91.58 -34.57 7.1
95.0 91.63 57.12 7.3
95.0 91.63 64.63 7.1
95.0 91.55 83.68 6.9
95.0 91.52 77.08 6.8
95.0 91.36 104.11 6.9
95.0 91.48 46.28 7.0
95.0 91.09 164.41 7.1
95.0 91.15 65.81 7.4
95.0 91.11 83.05 7.5
95.0 91.21 47.29 7.6
95.0 91.09 103.54 7.3
95.0 91.06 85.58 7.3
95.0 91.03 82.63 7.1
95.0 91.14 46.75 7.7
95.0 91.15 69.53 7.8
95.0 91.16 75.93 7.8
95.0 91.12 80.45 7.3
95.0 91.01 103.11 7.3
95.0 91.07 65.57 7.4
95.0 90.84 131.91 7.3
95.0 90.59 141.27 7.7
95.0 90.45 120.26 8.0
95.0 90.53 78.32 8.2
95.0 90.60 65.36 8.1
95.0 90.88 16.57 8.4
95.0 90.96 56.82 7.6
95.0 90.86 102.33 7.4
95.0 90.85 84.93 7.5
95.0 90.61 140.46 7.6
95.0 90.75 59.29 8.1
95.0 90.80 66.91 7.9
95.0 90.76 91.56 7.8
95.0 90.98 22.23 7.9
95.0 91.01 71.98 7.8
95.0 90.99 82.38 7.0
95.0 90.93 89.97 7.4
95.0 90.83 102.18 7.4
95.0 90.87 75.02 7.1
95.0 90.95 56.74 7.6
95.0 90.94 82.10 7.4
95.0 90.76 121.90 7.3
95.0 90.80 74.81 7.9
95.0 90.80 78.06 7.7
95.0 90.80 81.41 7.6
95.0 90.98 39.43 7.6
95.0 91.13 35.11 7.5
95.0 91.32 30.14 7.0
95.0 91.35 59.79 6.9
95.0 91.43 56.48 7.1
95.0 91.37 82.29 6.5
95.0 91.40 60.10 6.3
95.0 91.21 114.31 6.8
95.0 91.09 105.21 6.9
95.0 91.10 75.76 6.9
95.0 91.11 69.26 7.1
95.0 91.08 85.66 7.4
95.0 91.06 79.95 7.1
95.0 90.95 100.97 7.2
95.0 90.93 85.18 7.6
95.0 91.05 50.74 7.3
95.0 91.02 82.58 7.3
95.0 91.18 35.43 7.2
95.0 91.31 36.46 7.2
95.0 91.30 76.40 6.6
95.0 91.30 70.64 7.3
95.0 91.25 83.76 6.7
95.0 91.20 81.06 6.7
95.0 91.12 95.61 6.7
95.0 91.13 69.40 7.0
95.0 91.10 80.28 6.9
95.0 90.63 185.98 6.9
95.0 90.57 100.79 7.5
95.0 90.59 84.09 7.7
95.0 91.16 -63.49 7.8
95.0 91.09 97.81 7.9
95.0 90.97 101.18 7.8
95.0 90.83 112.31 8.1
95.0 90.67 122.91 8.0
95.0 90.64 94.06 8.4
95.0 90.70 70.33 8.6
95.0 90.66 87.99 8.4
95.0 90.68 84.37 8.5
95.0 90.65 87.87 8.4
95.0 90.79 44.13 8.6
95.0 90.92 50.09 7.8
95.0 90.83 102.17 8.0
95.0 90.83 84.84 7.8
95.0 90.78 88.88 7.8
95.0 90.87 56.14 8.0
95.0 90.99 55.09 7.8
95.0 90.97 79.34 8.1
95.0 90.96 82.22 7.8
95.0 90.94 79.09 7.7
95.0 91.06 55.29 8.1
95.0 91.07 68.96 7.4
95.0 91.09 69.08 7.3
95.0 91.19 55.72 7.8
95.0 91.24 58.91 7.2
95.0 91.28 62.76 7.0
95.0 91.32 59.52 5.7
95.0 91.22 94.01 6.8
95.0 91.18 83.41 6.9
95.0 91.14 80.62 7.7
95.0 91.20 62.32 7.1
95.0 91.07 103.46 7.1
95.0 91.09 75.72 7.1
95.0 91.06 79.99 7.2
95.0 90.87 122.49 7.2
95.0 90.91 75.13 7.2
95.0 91.03 45.88 7.4
95.0 91.09 61.75 7.2
95.0 91.42 -3.57 6.9
95.0 91.36 82.22 7.1
95.0 91.30 84.04 6.9
95.0 91.21 92.10 7.0
95.0 91.13 95.63 7.1
95.0 91.14 69.43 7.2
95.0 91.10 83.00 7.3
95.0 91.07 80.09 7.4
95.0 91.05 82.69 7.3
95.0 91.15 51.29 6.9
95.0 91.03 101.62 7.1
95.0 91.01 88.38 7.1
95.0 90.99 79.45 7.3
95.0 91.14 35.20 7.6
95.0 91.15 72.75 7.9
95.0 91.12 83.07 6.7
95.0 91.17 62.19 6.9
95.0 91.31 36.44 7.1
95.0 91.34 59.72 7.0
95.0 91.13 124.38 6.3
95.0 91.18 62.23 6.9
95.0 91.06 103.38 7.0
95.0 91.12 61.91 7.5
95.0 91.17 65.89 7.1
95.0 91.27 47.69 7.0
95.0 91.35 48.32 6.9
95.0 91.34 76.51 6.5
95.0 91.41 48.80 6.5
95.0 91.35 84.31 6.7
95.0 91.30 81.77 6.7
95.0 91.33 66.40 6.7
95.0 91.37 59.88 6.8
95.0 91.27 92.54 6.7
95.0 91.26 73.33 6.6
95.0 90.90 161.40 6.9
95.0 90.97 65.25 7.0
95.0 91.27 0.37 7.3
95.0 91.35 44.18 6.9
95.0 91.34 76.51 6.7
95.0 91.33 70.86 6.5
95.0 91.63 -2.44 6.3
95.0 91.63 64.64 6.5
95.0 91.77 32.52 6.3
95.0 91.76 62.85 6.0
95.0 91.75 62.77 6.1
95.0 91.74 67.70 6.1
95.0 91.73 62.65 6.0
95.0 91.68 75.54 5.4
95.0 91.72 51.15 5.8
95.0 91.72 65.08 6.1
95.0 91.71 65.05 5.8
95.0 91.66 73.41 6.0
95.0 91.80 32.66 6.3
95.0 91.66 96.29 6.0
95.0 91.66 62.07 6.1
95.0 91.61 75.18 6.1
95.0 91.57 72.73 6.1
95.0 91.63 57.11 6.1
95.0 91.59 72.83 6.2
95.0 91.55 74.85 6.2
95.0 91.56 64.26 6.2
95.0 91.53 72.39 5.9
95.0 91.59 53.58 5.9
95.0 91.55 72.55 6.2
95.0 91.43 96.61 6.5
95.0 91.59 26.80 6.3
95.0 91.55 72.57 5.8
95.0 91.31 124.84 6.3
95.0 91.26 86.23 6.3
95.0 91.39 41.61 6.7
95.0 91.37 71.22 6.9
95.0 91.45 52.85 6.5
95.0 91.47 63.76 6.2
95.0 91.40 82.56 6.3
95.0 91.38 73.97 6.4
95.0 91.08 143.24 6.4
95.0 91.01 95.26 7.4
95.0 91.08 57.70 7.2
95.0 91.14 58.14 7.1
95.0 91.10 85.72 7.1
95.0 91.20 47.21 7.4
95.0 91.20 73.02 6.7
95.0 91.29 47.91 6.9
95.0 91.60 3.73 6.5
95.0 91.70 35.33 6.2
95.0 91.65 73.30 6.0
95.0 91.36 134.96 5.7
95.0 91.39 66.58 5.9
95.0 91.33 84.20 6.7
95.0 91.28 81.63 6.7
95.0 91.32 62.96 6.7
95.0 91.22 94.01 6.2
95.0 91.14 91.58 6.9
95.0 91.28 41.02 6.8
95.0 90.99 142.73 6.6
95.0 90.97 85.29 7.0
95.0 90.87 100.38 7.3
95.0 91.04 39.73 7.3
95.0 91.19 45.34 7.4
95.0 91.19 69.84 6.3
95.0 91.24 62.54 6.7
95.0 91.41 30.63 7.4
95.0 91.35 82.19 6.1
95.0 91.38 63.31 6.6
95.0 91.20 113.60 6.5
95.0 91.25 69.61 7.1
95.0 91.25 70.25 7.0
95.0 91.29 62.80 6.7
95.0 91.32 59.57 6.4
95.0 91.31 73.60 6.6
95.0 91.26 83.84 6.6
95.0 91.13 102.38 6.6
95.0 91.10 85.71 6.9
95.0 91.03 92.98 7.2
95.0 91.01 79.58 7.2
95.0 90.86 112.46 7.2
95.0 90.94 65.15 7.3
95.0 91.01 61.35 7.3
95.0 90.91 100.69 7.1
95.0 90.94 75.24 7.3
95.0 91.10 40.08 7.3
95.0 90.95 111.68 7.1
95.0 90.98 75.35 7.2
95.0 91.04 57.45 7.1
95.0 91.24 34.99 7.4
95.0 91.28 59.24 7.1
95.0 91.36 52.40 7.0
95.0 91.35 71.03 6.5
95.0 91.38 63.29 6.6
95.0 91.50 42.17 6.4
95.0 91.69 15.66 7.1
95.0 91.65 77.49 6.2
95.0 91.69 50.90 6.0
95.0 91.78 39.95 6.3
95.0 91.90 33.19 5.7
95.0 92.05 22.76 5.8
95.0 92.06 56.07 5.6
95.0 92.02 64.79 5.6
95.0 91.94 75.48 5.3
95.0 91.95 58.16 6.0
95.0 91.97 53.00 5.6
95.0 91.85 86.96 6.0
95.0 91.79 74.36 5.6
95.0 91.78 67.82 5.8
95.0 91.77 62.90 5.8
95.0 91.67 84.58 5.8
95.0 91.76 47.16 5.8
95.0 91.70 73.71 6.0
95.0 91.61 85.69 5.9
95.0 91.58 72.74 6.3
95.0 91.90 -12.74 6.2
95.0 91.88 68.14 5.9
95.0 91.73 96.02 5.6
95.0 91.77 54.54 6.2
95.0 91.55 116.08 6.3
95.0 91.51 77.07 6.4
95.0 91.36 104.08 6.5
95.0 91.39 66.58 6.7
95.0 91.33 84.20 7.1
95.0 91.41 48.76 6.8
95.0 91.57 31.44 6.6
95.0 91.62 53.76 6.3
95.0 91.45 105.48 6.4
95.0 91.61 31.66 6.3
95.0 91.57 72.70 6.2
95.0 91.71 36.51 6.4
95.0 91.75 51.35 6.1
95.0 91.74 65.20 6.1
95.0 91.69 73.61 6.5
95.0 91.78 43.64 6.1
95.0 91.72 75.75 5.6
95.0 91.46 126.17 6.2
95.0 91.48 69.90 6.5
95.0 91.59 38.55 6.7
95.0 91.47 95.31 6.3
95.0 91.53 49.70 6.5
95.0 91.63 42.89 6.5
95.0 91.59 75.07 6.2
95.0 91.51 83.41 6.2
95.0 91.49 74.50 5.6
95.0 91.50 63.94 6.7
95.0 91.52 61.03 6.4
95.0 91.80 -1.53 6.4
95.0 91.83 51.98 6.2
95.0 91.82 67.95 6.3
95.0 91.98 17.83 6.3
95.0 91.95 66.30 5.8
95.0 91.83 86.86 5.8
95.0 91.99 17.95 6.1
95.0 92.09 34.24 5.8
95.0 92.05 65.05 5.9
95.0 91.76 126.41 5.5
95.0 91.67 85.97 5.6
95.0 91.89 5.08 5.9
95.0 91.91 52.56 6.3
95.0 91.89 65.96 5.7
95.0 91.86 65.85 5.8
95.0 91.84 63.48 5.8
95.0 91.82 63.34 5.7
95.0 91.85 57.83 5.7
95.0 91.66 106.38 5.8
95.0 91.75 47.14 6.0
95.0 91.79 54.64 5.8
95.0 91.77 65.37 6.1
95.0 91.76 62.87 5.8
95.0 91.80 51.69 5.8
95.0 91.87 47.52 6.0
95.0 91.85 63.53 6.2
95.0 91.92 44.40 5.5
95.0 91.94 52.76 5.8
95.0 92.09 22.95 5.6
95.0 92.04 66.81 5.1
95.0 91.92 86.48 5.6
95.0 91.85 76.44 5.2
95.0 91.83 65.69 5.7
95.0 91.82 65.59 5.7
95.0 92.07 -5.80 5.8
95.0 91.82 118.27 5.3
95.0 91.89 50.84 5.9
95.0 91.96 41.32 6.2
95.0 91.93 66.19 5.8
95.0 91.99 44.77 5.3
95.0 91.96 64.33 5.6
95.0 91.93 66.18 5.8
95.0 91.61 137.71 5.8
95.0 91.53 89.01 6.1
95.0 91.59 50.11 6.6
95.0 91.51 85.13 6.5
95.0 91.48 72.02 6.8
95.0 91.41 84.63 6.4
95.0 91.39 74.02 6.5
95.0 91.25 103.27 6.7
95.0 91.29 69.67 6.9
95.0 91.42 37.25 6.7
95.0 91.44 60.45 6.7
95.0 91.46 63.73 6.6
95.0 91.48 63.84 6.9
95.0 91.50 63.93 6.3
95.0 91.52 61.02 6.4
95.0 91.62 42.82 6.8
95.0 91.90 -1.04 6.3
95.0 91.87 63.70 6.1
95.0 91.85 65.78 6.3
95.0 91.79 74.35 6.1
95.0 91.78 67.82 6.1
95.0 92.18 -42.83 6.2
95.0 92.31 24.12 6.3
95.0 92.29 59.22 6.3
95.0 92.22 66.35 6.0
95.0 92.26 46.19 6.1
95.0 92.20 66.14 6.0
95.0 92.10 78.94 6.0
95.0 92.06 65.08 6.1
95.0 92.10 42.43 6.8
95.0 92.02 77.31 6.1
95.0 91.94 76.90 5.9
95.0 91.78 96.97 6.2
95.0 91.77 62.93 6.2
95.0 91.67 84.61 6.5
95.0 91.63 77.44 6.5
95.0 91.68 50.79 6.3
95.0 91.67 64.85 6.4
95.0 91.76 43.57 6.3
95.0 91.71 75.68 6.1
95.0 91.70 62.43 6.4
95.0 91.70 62.40 6.2
95.0 91.61 87.34 6.2
95.0 91.40 115.13 6.1
95.0 91.43 66.71 6.6
95.0 91.50 49.44 6.9
95.0 91.56 53.43 6.5
95.0 91.57 64.28 6.3
95.0 91.62 50.37 6.6
95.0 91.54 85.30 6.3
95.0 91.51 74.62 6.3
95.0 91.52 64.05 5.5
95.0 91.54 61.17 6.6
95.0 91.51 74.61 6.3
95.0 91.08 171.76 6.5
95.0 91.27 29.86 6.8
95.0 91.53 8.60 6.3
95.0 91.82 -7.73 6.6
95.0 91.80 63.16 6.5
95.0 91.79 65.44 6.5
95.0 91.77 62.96 6.2
95.0 91.63 97.25 6.4
95.0 91.68 50.83 6.3
95.0 91.86 21.74 6.7
95.0 91.79 74.40 6.2
95.0 91.78 65.42 6.2
95.0 91.81 54.79 6.3
95.0 91.75 74.10 6.0
95.0 91.79 54.66 6.2
95.0 91.73 75.81 6.0
95.0 91.73 62.60 6.0
95.0 91.72 65.09 6.1
95.0 91.80 43.78 5.8
95.0 91.62 106.35 6.1
95.0 91.67 54.01 6.0
95.0 91.62 73.10 6.1
95.0 91.71 47.02 6.4
95.0 91.80 40.12 6.4
95.0 91.78 65.43 6.0
95.0 91.90 29.18 5.5
95.0 91.84 78.10 5.8
95.0 91.73 85.07 5.8
95.0 91.90 17.27 6.0
95.0 91.92 55.37 5.8
95.0 91.94 55.47 5.6
95.0 91.96 55.55 5.6
95.0 92.20 -4.84 5.4
95.0 92.15 67.34 5.7
95.0 92.10 67.08 5.7
95.0 92.10 53.96 6.1
95.0 92.05 66.85 5.7
95.0 92.01 66.65 5.6
95.0 91.98 66.46 5.8
95.0 91.95 64.26 5.8
95.0 91.92 64.05 5.4
95.0 91.94 58.10 5.8
95.0 91.95 52.87 5.8
95.0 91.67 126.74 5.7
95.0 91.67 64.83 5.9
95.0 91.85 21.69 6.3
95.0 92.10 0.05 6.2
95.0 92.01 74.95 5.7
95.0 91.94 78.42 5.5
95.0 92.13 6.92 5.6
95.0 92.09 63.68 5.2
95.0 92.00 77.23 5.4
95.0 91.97 66.39 5.7
95.0 91.98 55.67 5.4
95.0 91.78 107.24 5.7
95.0 91.95 26.59 6.1
95.0 91.71 116.93 5.8
95.0 91.62 85.71 5.6
95.0 91.66 54.00 6.4
95.0 91.62 73.09 6.0
95.0 91.54 87.11 6.1
95.0 91.55 61.28 6.2
95.0 91.61 53.69 6.2
95.0 91.70 43.24 5.8
95.0 91.70 62.37 6.0
95.0 91.61 85.66 6.1
95.0 91.44 104.71 6.1
95.0 91.38 88.82 6.4
95.0 91.73 -20.84 6.6
95.0 91.59 95.96 6.7
95.0 91.60 64.45 6.7
95.0 91.61 64.48 6.6
95.0 91.57 74.94 6.0
95.0 91.53 72.43 6.4
95.0 91.68 32.04 6.7
95.0 91.86 21.73 6.3
95.0 91.88 52.33 6.3
95.0 91.90 55.26 5.7
95.0 91.83 76.35 6.1
95.0 92.09 -0.02 5.7
95.0 91.92 97.45 5.8
95.0 91.85 74.81 5.7
95.0 91.79 77.95 6.2
95.0 91.77 62.97 6.2
95.0 91.55 116.12 6.3
95.0 91.61 53.70 6.5
95.0 91.66 57.21 6.7
95.0 91.70 50.98 6.3
95.0 91.49 115.75 5.9
95.0 91.50 69.93 6.1
95.0 91.79 -7.92 7.1
95.0 92.00 11.10 6.4
95.0 91.97 64.43 6.1
95.0 91.94 66.25 6.3
95.0 91.91 66.10 6.5
95.0 91.84 74.75 6.1
95.0 91.74 86.35 6.0
95.0 91.82 43.87 6.2
95.0 91.80 65.53 6.1
95.0 91.88 40.72 6.5
95.0 91.86 63.57 6.0
95.0 91.79 77.96 6.0
95.0 91.41 156.73 6.0
95.0 91.48 56.64 6.5
95.0 91.72 9.61 6.8
95.0 91.89 12.17 6.5
95.0 91.83 76.32 5.8
95.0 91.85 52.14 6.0
95.0 92.06 16.15 5.9
95.0 91.81 118.19 5.4
95.0 91.75 77.83 5.8
95.0 91.70 73.68 6.0
95.0 91.74 54.40 6.1
95.0 91.65 85.87 5.9
95.0 91.65 62.01 6.2
95.0 91.83 21.58 6.1
95.0 91.85 55.01 6.1
95.0 91.75 85.19 5.9
95.0 91.87 33.07 5.9
95.0 91.77 85.31 6.4
95.0 91.80 57.66 5.8
95.0 91.79 63.05 5.9
95.0 91.60 105.93 6.0
95.0 91.52 89.00 6.1
95.0 91.29 124.83 6.2
95.0 91.20 95.85 6.3
95.0 91.47 1.90 6.9
95.0 91.40 84.57 6.5
95.0 91.43 60.34 6.5
95.0 91.45 60.52 6.2
95.0 91.52 53.21 6.8
95.0 91.57 53.52 6.3
95.0 91.63 53.80 6.3
95.0 91.63 61.87 6.4
95.0 91.68 50.79 6.1
95.0 91.63 77.45 5.6
95.0 91.59 72.86 6.1
95.0 91.56 74.87 6.1
95.0 91.32 124.85 6.1
95.0 91.35 66.45 6.3
95.0 91.38 59.99 6.7
95.0 91.37 71.16 6.6
95.0 91.48 46.29 6.6
95.0 91.50 60.90 6.3
95.0 91.47 74.44 6.5
95.0 91.49 60.84 6.3
95.0 91.55 56.88 6.3
95.0 91.56 61.37 6.3
95.0 91.40 104.42 5.9
95.0 91.52 50.38 5.9
95.0 91.53 61.14 6.3
95.0 91.59 53.60 6.1
95.0 91.64 50.52 6.3
95.0 91.60 75.10 5.6
95.0 91.65 53.92 5.9
95.0 91.65 62.02 6.2
95.0 91.57 85.44 6.1
95.0 91.62 53.76 6.7
95.0 91.50 94.26 6.4
95.0 91.56 53.42 6.5
95.0 91.52 72.34 6.2
95.0 91.54 67.05 6.2
95.0 91.42 93.70 6.5
95.0 91.53 42.36 6.6
95.0 91.59 50.14 6.5
95.0 91.60 64.44 6.3
95.0 91.65 53.91 6.1
95.0 91.61 72.97 6.1
95.0 91.84 15.44 6.4
95.0 91.91 40.94 5.8
95.0 91.84 74.72 5.8
95.0 91.91 44.35 6.0
95.0 91.88 65.96 5.8
95.0 91.91 55.27 5.7
95.0 92.06 18.44 5.6
95.0 92.02 66.68 5.4
95.0 91.81 107.38 5.2
95.0 91.71 86.22 5.6
95.0 91.62 85.74 5.8
95.0 91.54 83.61 6.0
95.0 91.55 67.10 6.1
95.0 91.31 125.02 6.1
95.0 91.35 63.12 6.2
95.0 91.42 56.46 6.5
95.0 91.36 82.25 6.2
95.0 91.35 73.77 6.7
95.0 91.51 26.22 6.3
95.0 91.66 36.34 6.5
95.0 91.66 62.10 6.3
95.0 91.66 62.10 6.0
95.0 91.53 95.64 6.5
95.0 91.59 53.60 6.1
95.0 91.35 125.01 6.1
95.0 91.42 52.71 6.5
95.0 91.67 9.33 6.3
95.0 91.80 28.40 6.0
95.0 91.88 40.71 5.8
95.0 92.08 11.50 5.9
95.0 92.08 56.20 5.3
95.0 92.04 66.78 5.2
95.0 91.96 75.63 5.4
95.0 91.84 85.89 5.8
95.0 91.78 77.92 5.7
95.0 91.77 62.92 5.7
95.0 91.80 54.73 5.7
95.0 91.74 74.02 5.6
95.0 91.69 75.60 5.8
95.0 91.65 75.36 5.8
95.0 91.69 50.91 6.7
95.0 91.60 85.64 6.0
95.0 91.70 43.23 5.9
95.0 91.69 64.95 6.0
95.0 91.73 51.22 5.6
95.0 91.77 54.56 6.1
95.0 92.13 -23.47 5.8
95.0 92.12 56.43 6.0
95.0 92.08 66.98 6.0
95.0 92.31 1.13 6.1
95.0 92.20 76.80 5.6
95.0 92.15 67.34 5.8
95.0 92.05 76.35 5.5
95.0 91.93 88.36 5.7
95.0 91.95 52.83 6.0
95.0 91.87 75.00 6.1
95.0 91.85 65.79 6.1
95.0 91.88 55.13 5.8
95.0 91.99 33.68 6.0
95.0 91.91 75.29 5.8
95.0 91.76 97.65 5.8
95.0 91.93 17.45 6.5
95.0 91.86 74.88 6.0
95.0 91.67 106.62 5.5
95.0 91.67 67.47 6.0
95.0 91.76 43.54 6.2
95.0 91.75 62.75 6.2
95.0 91.69 73.64 6.0
95.0 92.16 -39.99 6.0
95.0 92.02 87.86 6.1
95.0 91.99 66.50 6.2
95.0 91.87 86.08 6.3
95.0 91.89 57.95 6.3
95.0 91.87 63.67 6.5
95.0 91.85 63.51 6.5
95.0 91.79 77.94 5.7
95.0 91.60 105.93 6.5
95.0 91.65 57.20 6.9
95.0 91.61 73.01 6.7
95.0 91.75 36.62 6.5
95.0 91.65 84.47 6.6
95.0 91.70 50.96 6.5
95.0 91.78 43.68 6.1
95.0 91.77 65.36 6.0
95.0 91.80 54.74 6.1
95.0 91.79 63.08 6.1
95.0 91.78 62.98 5.7
95.0 91.68 87.56 6.2
95.0 91.68 62.23 6.0
95.0 91.72 54.29 6.6
95.0 91.76 54.49 6.2
95.0 91.75 62.76 6.3
95.0 91.70 75.61 5.9
95.0 91.69 62.34 6.5
95.0 91.60 87.32 6.1
95.0 91.65 50.61 6.1
95.0 91.65 64.74 6.5
95.0 91.74 39.70 6.3
95.0 91.82 43.89 6.2
95.0 91.76 75.97 5.9
95.0 91.89 29.04 6.0
95.0 91.86 65.85 6.0
95.0 91.84 65.74 6.0
95.0 91.82 63.34 5.8
95.0 91.77 75.98 5.3
95.0 91.67 85.99 5.7
95.0 91.58 85.53 6.0
95.0 91.59 61.58 6.6
95.0 91.55 74.87 6.0
95.0 91.52 74.70 6.4
95.0 92.00 -57.18 6.1
95.0 91.76 116.93 6.5
95.0 91.70 75.66 6.9
95.0 91.45 125.42 6.9
95.0 91.34 94.64 6.9
95.0 91.37 59.95 7.5
95.0 91.36 73.84 7.3
95.0 91.39 63.34 7.1
95.0 91.42 63.49 7.4
95.0 91.44 60.45 7.1
95.0 91.25 115.33 7.2
95.0 91.21 83.55 6.9
95.0 91.13 91.47 7.3
95.0 91.18 62.23 7.3
95.0 91.41 19.35 7.3
95.0 91.43 63.57 7.2
95.0 91.45 60.55 6.8
95.0 91.52 49.60 6.9
95.0 91.53 67.04 6.1
95.0 91.50 72.19 6.7
95.0 91.52 64.02 6.5
95.0 91.45 82.90 6.4
95.0 91.51 56.75 6.7
95.0 91.57 49.99 6.7
95.0 91.62 50.39 6.5
95.0 91.67 57.25 6.5
95.0 91.67 62.17 6.2
95.0 91.85 21.68 6.4
95.0 91.87 52.27 6.1
95.0 91.77 86.50 5.6
95.0 91.84 44.00 6.1
95.0 91.83 63.34 5.6
95.0 91.81 65.56 5.9
95.0 91.71 86.19 5.8
95.0 91.75 54.44 5.8
95.0 91.78 51.59 5.8
95.0 91.73 73.89 5.9
95.0 91.72 67.64 5.9
95.0 91.76 51.41 6.0
95.0 91.79 54.68 5.8
95.0 91.82 54.84 5.8
95.0 91.85 52.10 5.6
95.0 91.75 86.39 5.2
95.0 91.74 62.68 5.8
95.0 91.73 67.67 6.1
95.0 91.72 62.57 5.4
95.0 91.72 62.52 6.1
95.0 91.80 43.77 6.0
95.0 91.53 126.01 5.6
95.0 91.50 77.04 6.3
95.0 91.43 82.81 5.9
95.0 91.46 63.70 6.3
95.0 91.27 114.60 6.3
95.0 91.26 73.33 6.4
95.0 91.01 133.12 6.6
95.0 90.87 114.09 7.1
95.0 90.95 65.17 7.4
95.0 91.02 57.25 7.0
95.0 91.08 61.71 7.3
95.0 91.18 51.46 7.1
95.0 91.10 91.30 7.1
95.0 91.16 62.12 7.0
95.0 91.21 58.70 6.9
95.0 91.72 -41.39 7.0
95.0 91.71 65.06 6.9
95.0 91.71 62.47 7.4
95.0 91.75 57.50 6.8
95.0 91.87 28.94 6.9
95.0 91.72 96.65 7.1
95.0 91.67 73.49 6.7
95.0 91.81 36.81 6.6
95.0 91.66 95.53 6.4
95.0 91.75 39.77 6.5
95.0 91.61 96.08 6.4
95.0 91.89 -1.07 6.3
95.0 91.91 55.31 6.4
95.0 91.84 74.76 6.5
95.0 91.91 40.99 6.7
95.0 91.76 97.65 6.1
95.0 91.75 62.78 6.5
95.0 91.74 65.20 6.3
95.0 91.78 54.59 6.3
95.0 91.72 75.75 6.5
95.0 91.76 51.42 6.3
95.0 91.84 40.42 6.1
95.0 91.73 87.74 6.1
95.0 91.68 73.56 6.1
95.0 91.77 43.61 6.3
95.0 91.98 5.79 6.1
95.0 91.87 86.06 5.9
95.0 91.89 55.19 5.8
95.0 92.04 18.32 5.6
95.0 92.14 34.47 5.9
95.0 92.18 45.78 5.6
95.0 92.22 43.27 5.6
95.0 92.34 24.28 5.4
95.0 92.19 88.47 5.0
95.0 92.18 58.87 4.5
95.0 92.08 76.56 5.5
95.0 91.95 87.49 5.6
95.0 91.97 55.61 6.0
95.0 91.94 64.19 5.6
95.0 92.00 44.82 5.6
95.0 92.14 19.07 5.3
95.0 92.09 68.83 5.2
95.0 92.05 65.05 5.5
95.0 92.01 64.76 5.8
95.0 91.98 66.45 5.2
95.0 91.95 66.28 5.5
95.0 91.96 55.57 6.0
95.0 92.02 41.79 5.4
95.0 92.12 34.35 5.6
95.0 91.90 107.84 5.3
95.0 91.79 86.64 5.6
95.0 91.82 54.83 5.7
95.0 91.85 54.98 5.9
95.0 91.87 55.11 6.0
95.0 91.90 52.45 5.7
95.0 91.87 63.71 5.8
95.0 91.94 47.74 5.9
95.0 91.91 64.00 5.6
95.0 91.93 55.41 5.7
95.0 91.78 96.38 5.4
95.0 91.81 57.69 5.6
95.0 91.71 84.87 6.0
95.0 91.66 73.38 6.1
95.0 91.75 43.50 6.0
95.0 91.83 43.92 6.2
95.0 91.77 76.00 6.0
95.0 91.85 40.48 6.1
95.0 91.70 96.52 5.6
95.0 91.61 85.67 5.9
95.0 91.61 61.76 6.0
95.0 91.71 43.28 6.1
95.0 91.66 75.42 5.7
95.0 91.70 54.21 6.3
95.0 91.70 62.40 6.3
95.0 91.70 62.37 6.1
95.0 91.74 57.46 6.0
95.0 91.77 51.51 6.1
95.0 91.76 65.31 5.4
95.0 91.71 73.74 5.8
95.0 91.66 75.42 6.0
95.0 91.70 54.21 6.1
95.0 91.70 62.40 6.0
95.0 91.70 64.96 5.9
95.0 91.83 32.81 6.2
95.0 91.90 40.87 5.8
95.0 91.87 65.90 5.9
95.0 91.81 76.21 5.8
95.0 91.88 44.21 5.8
95.0 91.95 41.25 5.4
95.0 91.92 66.14 5.1
95.0 92.03 33.88 5.6
95.0 91.86 97.02 5.4
95.0 91.63 116.53 5.6
95.0 91.34 134.87 6.1
95.0 91.55 30.32 6.3
95.0 92.18 -96.03 6.4
95.0 92.13 68.95 7.0
95.0 92.04 77.45 6.8
95.0 92.05 53.59 6.9
95.0 92.48 -46.00 6.8
95.0 92.48 47.38 6.9
95.0 92.36 79.76 6.9
95.0 92.08 120.21 6.5
95.0 92.17 34.63 7.0
95.0 92.12 67.19 7.0
95.0 92.03 77.38 7.6
95.0 91.95 76.95 6.8
95.0 91.96 52.96 6.9
95.0 91.93 66.22 7.4
95.0 92.08 22.94 6.7
95.0 91.96 86.75 6.6
95.0 92.06 34.06 7.1
95.0 92.06 56.11 6.7
95.0 91.98 77.12 6.3
95.0 91.99 53.17 6.0
95.0 92.14 19.03 6.2
95.0 92.00 88.60 6.1
95.0 92.06 42.08 6.1
95.0 91.89 97.54 6.1
95.0 91.91 52.56 6.0
95.0 91.93 58.08 6.2
95.0 91.90 63.93 6.3
95.0 91.97 41.40 6.0
95.0 91.94 66.23 6.1
95.0 91.95 55.52 6.0
95.0 91.80 97.04 5.9
95.0 91.70 84.79 5.9
95.0 91.92 10.65 6.3
95.0 91.94 55.43 6.0
95.0 91.91 63.97 6.1
95.0 92.02 33.83 6.0
95.0 91.94 76.89 5.8
95.0 91.87 74.94 6.3
95.0 91.76 86.47 5.8
95.0 91.79 51.68 6.0
95.0 91.87 47.52 6.3
95.0 91.98 29.76 5.9
95.0 92.04 45.03 5.8
95.0 92.09 42.31 5.6
95.0 92.04 66.81 5.2
95.0 92.09 45.33 5.5
95.0 92.09 53.95 5.4
95.0 92.14 48.38 5.3
95.0 92.18 43.00 5.3
95.0 91.96 108.60 5.3
95.0 91.93 68.30 5.5
95.0 91.95 55.49 5.5
95.0 91.92 66.13 5.6
95.0 91.98 41.49 5.7
95.0 92.17 11.99 5.2
95.0 92.08 77.64 5.4
95.0 92.04 64.94 5.4
95.0 91.71 136.80 5.5
95.0 91.58 95.87 6.1
95.0 91.67 46.89 6.1
95.0 91.67 62.18 6.3
95.0 91.67 62.18 6.3
95.0 91.58 87.25 6.7
95.0 91.59 61.58 6.0
95.0 91.60 64.45 6.7
95.0 91.65 50.58 6.1
95.0 91.78 36.73 6.1
95.0 91.81 51.83 6.1
95.0 91.84 52.04 6.1
95.0 91.91 44.37 5.8
95.0 91.93 55.41 5.7
95.0 91.95 55.50 5.2
95.0 91.92 64.05 5.4
95.0 91.98 41.50 5.5
95.0 92.13 27.18 6.0
95.0 92.04 76.23 5.4
95.0 92.00 66.57 5.4
95.0 92.01 55.83 6.5
95.0 92.02 55.87 5.5
95.0 91.86 96.97 5.3
95.0 91.92 41.07 5.1
95.0 91.94 58.12 5.4
95.0 91.83 85.77 5.7
95.0 91.77 76.00 5.8
95.0 91.76 62.83 5.8
95.0 91.75 65.24 5.6
95.0 91.78 54.62 6.0
95.0 91.81 51.83 5.8
95.0 91.84 54.94 6.0
95.0 91.91 44.37 5.9
95.0 91.93 52.71 5.9
95.0 91.99 44.79 5.6
95.0 91.92 76.78 5.6
95.0 91.93 55.43 5.6
95.0 91.91 63.96 5.4
95.0 91.75 96.82 5.7
95.0 91.79 54.66 5.8
95.0 91.82 51.87 5.8
95.0 91.98 22.40 5.7
95.0 91.95 64.29 5.6
95.0 91.88 78.24 5.3
95.0 91.81 74.54 5.6
95.0 91.75 74.10 5.7
95.0 91.83 43.95 5.8
95.0 91.65 106.50 5.8
95.0 91.48 106.46 6.0
95.0 91.41 84.62 6.0
95.0 91.48 56.64 6.5
95.0 91.50 60.88 6.3
95.0 91.69 15.67 6.5
95.0 91.69 64.93 6.1
95.0 91.69 64.91 6.1
95.0 91.73 54.34 5.7
95.0 91.81 40.21 6.1
95.0 91.84 52.01 5.6
95.0 91.82 67.96 5.4
95.0 91.89 40.84 6.1
95.0 92.05 22.74 5.6
95.0 92.01 64.73 5.0
95.0 91.97 68.45 6.0
95.0 91.86 86.00 5.4
95.0 91.79 74.39 5.6
95.0 91.87 47.52 5.6
95.0 91.85 63.52 5.7
95.0 91.74 86.38 5.7
95.0 91.65 84.43 6.1
95.0 91.48 105.62 6.2
95.0 91.54 56.85 5.8
95.0 91.56 61.31 6.1
95.0 91.48 84.99 6.1
95.0 91.45 74.34 6.7
95.0 91.52 53.23 6.3
95.0 91.62 38.79 6.1
95.0 91.63 61.84 6.1
95.0 91.72 47.03 6.0
95.0 91.67 73.44 6.5
95.0 91.71 54.25 6.1
95.0 91.75 51.35 6.0
95.0 91.97 10.90 5.8
95.0 91.98 55.66 5.6
95.0 91.99 53.16 5.4
95.0 91.96 68.40 5.8
95.0 92.06 30.36 5.4
95.0 91.98 77.11 5.6
95.0 91.95 64.26 5.0
95.0 91.92 66.14 5.4
95.0 91.85 76.43 5.6
95.0 91.87 52.28 6.0
95.0 91.90 55.23 5.6
95.0 91.92 55.33 5.7
95.0 91.85 74.80 6.1
95.0 91.87 55.10 5.6
95.0 91.98 29.78 5.9
95.0 92.13 27.19 5.4
95.0 92.13 54.19 5.2
95.0 91.95 97.71 4.9
95.0 92.01 47.97 5.3
95.0 92.34 -28.79 5.6
95.0 92.28 69.41 5.2
95.0 92.26 55.18 5.6
95.0 92.24 59.08 5.6
95.0 92.32 32.29 5.6
95.0 92.25 66.56 5.3
95.0 92.15 78.02 5.2
95.0 92.42 -10.01 5.7
95.0 92.62 6.96 5.8
95.0 92.70 20.19 5.5
95.0 92.64 58.05 4.5
95.0 92.54 70.26 5.0
95.0 92.54 45.72 5.2
95.0 92.41 79.39 5.3
95.0 92.42 47.07 5.0
95.0 92.35 68.40 5.2
95.0 92.37 44.41 5.0
95.0 92.25 77.85 5.1
95.0 92.24 59.06 5.0
95.0 92.22 54.92 4.7
95.0 92.17 67.45 5.4
95.0 92.16 54.44 5.2
95.0 91.94 108.05 5.4
95.0 92.00 47.94 5.9
95.0 91.97 64.41 5.7
95.0 91.94 66.24 5.7
95.0 91.95 55.52 5.7
95.0 91.92 66.17 6.2
95.0 91.94 52.79 5.6
95.0 91.70 116.91 5.6
95.0 91.61 87.35 6.0
95.0 91.66 50.68 6.2
95.0 91.70 54.21 6.2
95.0 91.74 54.42 6.2
95.0 91.82 40.32 6.1
95.0 91.76 75.98 5.8
95.0 91.71 73.76 5.8
95.0 91.75 57.50 6.0
95.0 91.78 51.61 6.0
95.0 91.86 44.09 6.1
95.0 91.97 29.70 6.2
95.0 92.12 23.13 5.5
95.0 92.07 66.97 5.3
95.0 92.40 -28.37 5.4
95.0 92.04 135.17 6.0
95.0 92.13 34.44 6.0
95.0 91.75 146.79 6.0
95.0 91.74 65.22 6.0
95.0 91.61 96.05 6.7
95.0 91.61 64.53 6.6
95.0 91.71 39.43 6.7
95.0 91.75 54.43 6.3
95.0 91.78 54.62 6.7
95.0 91.68 84.69 5.9
95.0 91.72 54.32 6.6
95.0 91.90 21.94 6.3
95.0 91.92 55.34 6.3
95.0 91.94 52.74 5.8
95.0 91.78 96.95 5.8
95.0 91.90 33.22 6.0
95.0 91.92 52.63 6.0
95.0 91.89 66.01 5.8
95.0 91.96 41.34 6.1
95.0 91.84 88.09 5.7
95.0 91.87 52.25 5.8
95.0 91.56 137.32 5.8
95.0 91.52 77.11 6.5
95.0 91.45 84.84 6.3
95.0 91.47 63.79 6.5
95.0 91.49 60.83 6.6
95.0 91.51 66.96 6.4
95.0 91.52 61.08 6.6
95.0 91.58 50.08 6.4
95.0 91.34 124.98 6.3
95.0 91.50 35.84 6.2
95.0 91.61 42.76 6.3
95.0 91.61 61.74 6.5
95.0 91.45 104.76 6.1
95.0 91.60 40.50 6.3
95.0 91.65 50.61 6.3
95.0 91.70 54.17 6.2
95.0 91.74 51.25 5.7
95.0 91.69 77.62 6.2
95.0 91.43 125.93 6.0
95.0 91.50 53.13 6.3
95.0 91.60 46.67 7.1
95.0 91.40 115.09 6.3
95.0 91.51 46.38 6.7
95.0 91.40 93.54 6.5
95.0 91.70 -2.09 6.5
95.0 91.74 54.39 6.5
95.0 91.82 40.28 6.7
95.0 91.85 54.96 6.5
95.0 91.87 55.10 6.3
95.0 91.85 65.78 6.3
95.0 91.83 63.39 6.1
95.0 92.09 -5.69 6.1
95.0 92.04 68.67 6.0
95.0 92.14 30.94 5.8
95.0 92.13 56.49 5.8
95.0 92.31 12.73 5.7
95.0 92.25 66.53 5.4
95.0 92.32 35.44 5.3
95.0 92.39 32.83 5.4
95.0 92.32 69.54 5.2
95.0 92.25 66.55 5.4
95.0 92.37 24.44 5.4
95.0 92.34 55.82 5.2
95.0 92.27 68.02 5.3
95.0 92.39 24.56 5.3
95.0 92.28 78.02 5.6
95.0 92.30 46.43 5.2
95.0 92.33 46.56 5.2
95.0 92.22 77.58 5.2
95.0 91.95 118.22 5.2
95.0 91.92 68.28 5.6
95.0 92.03 33.89 5.8
95.0 91.78 117.98 5.6
95.0 91.81 57.71 5.3
95.0 91.80 65.50 5.9
95.0 91.78 63.04 6.0
95.0 91.77 65.36 6.3
95.0 91.80 51.76 5.9
95.0 91.83 57.77 6.0
95.0 91.86 52.18 5.8
95.0 91.88 52.36 5.8
95.0 91.86 65.84 5.8
95.0 91.89 55.17 5.8
95.0 91.91 55.28 5.6
95.0 91.88 63.77 6.0
95.0 91.90 58.00 5.9
95.0 91.97 41.40 5.6
95.0 91.98 53.09 5.6
95.0 91.91 76.72 5.2
95.0 91.80 86.65 5.3
95.0 91.53 125.99 5.8
95.0 91.59 53.60 6.1
95.0 91.68 39.26 6.3
95.0 91.81 36.83 6.2
95.0 92.07 -5.81 6.1
95.0 91.94 87.44 5.4
95.0 92.05 30.26 6.1
95.0 92.01 68.56 5.6
95.0 91.89 86.24 5.6
95.0 92.00 29.89 5.8
95.0 92.01 58.33 5.6
95.0 91.97 64.47 5.2
95.0 91.86 86.98 6.0
95.0 91.93 41.08 5.9
95.0 91.90 66.04 5.8
95.0 91.96 44.64 5.7
95.0 92.11 18.83 5.6
95.0 92.11 56.36 5.6
95.0 92.20 34.79 5.7
95.0 92.10 76.71 5.3
95.0 92.19 34.74 5.4
95.0 92.23 43.35 5.4
95.0 92.21 58.98 5.1
95.0 92.29 32.09 5.5
95.0 92.27 57.21 5.2
95.0 92.21 67.68 5.2
95.0 92.24 43.48 5.0
95.0 92.36 24.41 5.1
95.0 92.38 44.52 4.8
95.0 92.35 59.43 4.9
95.0 92.28 66.81 4.7
95.0 92.01 119.71 5.0
95.0 91.98 68.45 5.6
95.0 91.90 76.70 5.6
95.0 91.83 76.35 6.1
95.0 91.86 52.18 6.1
95.0 91.93 44.45 5.8
95.0 92.04 33.92 5.8
95.0 91.95 75.60 5.2
95.0 92.20 0.55 6.0
95.0 92.14 65.74 5.2
95.0 92.14 56.51 5.1
95.0 92.18 43.00 5.2
95.0 92.13 65.62 5.0
95.0 91.91 107.84 5.3
95.0 91.89 65.97 5.5
95.0 92.00 33.72 6.1
95.0 92.01 53.28 5.7
95.0 91.97 68.44 5.3
95.0 91.90 75.18 5.4
95.0 91.87 63.72 5.4
95.0 91.85 65.79 5.5
95.0 91.88 55.13 5.6
95.0 91.90 55.24 5.6
95.0 92.01 29.96 5.7
95.0 92.06 45.16 5.2
95.0 92.07 56.12 5.4
95.0 92.16 31.09 5.6
95.0 92.07 77.57 5.2
95.0 92.11 45.43 5.4
95.0 92.20 34.80 5.2
95.0 92.15 65.77 5.0
95.0 92.14 54.30 5.4
95.0 92.14 58.74 5.1
95.0 92.22 31.58 5.3
95.0 92.30 35.32 5.1
95.0 92.32 44.09 5.0
95.0 92.26 67.94 4.1
95.0 91.99 118.42 4.4
95.0 92.09 34.21 6.1
95.0 92.32 6.01 5.6
95.0 92.25 65.32 4.8
95.0 92.24 55.01 5.0
95.0 92.22 56.95 5.1
95.0 92.17 67.45 5.1
95.0 92.07 77.61 5.1
95.0 92.12 42.54 5.4
95.0 92.16 45.69 5.4
95.0 92.11 67.16 5.6
95.0 92.20 31.40 5.1
95.0 92.15 67.34 4.8
95.0 92.19 43.04 5.4
95.0 92.36 17.10 5.3
95.0 92.29 66.84 5.0
95.0 92.23 66.36 5.0
95.0 92.63 -45.16 5.2
95.0 92.58 60.16 5.4
95.0 92.58 47.89 5.1
95.0 92.44 79.28 5.2
95.0 92.41 59.60 5.4
95.0 92.29 78.13 6.2
95.0 92.36 32.62 5.3
95.0 92.33 57.54 5.4
95.0 92.45 24.84 4.9
95.0 92.50 36.38 5.2
95.0 92.33 89.57 5.0
95.0 92.35 44.30 5.3
95.0 92.28 69.43 5.7
95.0 92.54 -14.71 5.1
95.0 92.50 59.88 5.4
95.0 92.41 68.75 5.4
95.0 92.34 68.35 5.5
95.0 92.23 77.65 5.6
95.0 92.49 -15.09 5.5
95.0 92.24 108.44 5.7
95.0 92.27 46.25 5.9
95.0 92.25 57.10 6.2
95.0 92.19 66.11 5.8
95.0 92.27 35.17 5.8
95.0 92.21 67.68 6.1
95.0 92.20 54.73 5.7
95.0 92.19 56.78 5.8
95.0 92.46 -9.82 5.2
95.0 92.46 47.29 5.4
95.0 92.43 56.46 5.4
95.0 92.26 89.14 5.4
95.0 92.08 98.52 5.0
95.0 92.08 53.83 6.0
95.0 92.26 12.47 5.8
95.0 92.20 67.64 5.7
95.0 92.19 54.68 5.8
95.0 92.10 77.73 5.2
95.0 92.10 53.95 5.4
95.0 92.10 58.61 5.8
95.0 92.10 53.96 5.9
95.0 92.10 56.29 6.0
95.0 92.10 53.96 5.8
95.0 92.10 56.29 5.7
95.0 92.05 66.85 5.2
95.0 92.06 53.67 5.6
95.0 91.97 78.54 5.6
95.0 92.03 41.88 6.0
95.0 91.99 64.62 5.3
95.0 91.79 107.26 5.7
95.0 91.87 47.51 5.7
95.0 91.89 55.19 6.0
95.0 91.91 52.56 6.0
95.0 91.97 44.69 5.7
95.0 92.26 -10.85 5.7
95.0 92.25 57.07 5.6
95.0 92.19 67.56 5.6
95.0 92.27 31.92 5.8
95.0 92.34 38.51 5.3
95.0 92.40 32.95 5.4
95.0 92.33 67.15 4.5
95.0 92.54 6.71 5.2
95.0 92.32 101.50 5.0
95.0 92.25 69.34 5.2
95.0 92.11 87.90 5.1
95.0 92.11 58.65 5.7
95.0 92.11 54.04 5.5
95.0 92.06 65.13 5.1
95.0 91.98 77.11 5.9
95.0 91.86 87.01 5.8
95.0 91.84 65.73 5.8
95.0 91.91 40.98 5.9
95.0 91.93 52.71 5.8
95.0 92.08 27.03 5.9
95.0 92.00 75.92 5.7
95.0 91.96 66.38 5.6
95.0 91.53 164.73 5.8
95.0 91.63 46.74 6.1
95.0 91.38 125.53 6.4
95.0 91.41 63.44 7.1
95.0 91.39 76.68 6.1
95.0 91.42 60.26 6.8
95.0 91.44 63.62 6.7
95.0 91.55 38.26 6.5
95.0 91.70 32.13 6.4
95.0 91.87 21.80 6.4
95.0 91.60 127.18 6.0
95.0 91.60 67.27 6.3
95.0 91.61 64.51 6.4
95.0 91.57 74.96 6.5
95.0 91.21 155.24 6.3
95.0 91.26 66.16 6.9
95.0 91.34 52.29 6.6
95.0 91.51 26.17 6.8
95.0 91.48 74.46 6.1
95.0 91.63 31.78 6.3
95.0 91.72 39.54 6.5
95.0 91.67 75.49 6.1
95.0 91.67 62.18 6.3
95.0 91.67 67.48 6.0
95.0 91.58 83.93 6.3
95.0 91.63 53.84 6.1
95.0 91.64 61.93 6.2
95.0 91.55 85.38 6.0
95.0 91.56 64.27 6.3
95.0 91.66 39.10 6.3
95.0 91.75 47.14 6.5
95.0 91.78 51.61 6.0
95.0 91.56 116.32 5.2
95.0 91.57 67.17 6.5
95.0 91.76 21.22 6.4
95.0 91.71 75.67 6.1
95.0 91.70 62.42 6.1
95.0 91.74 54.41 6.0
95.0 91.69 75.59 5.6
95.0 91.78 39.95 6.0
95.0 91.68 86.04 5.8
95.0 91.39 136.03 6.0
95.0 91.33 88.76 7.3
95.0 91.49 26.08 6.6
95.0 91.47 71.93 6.4
95.0 91.62 36.21 6.4
95.0 91.58 72.78 6.5
95.0 91.68 43.12 6.4
95.0 91.95 -6.74 6.4
95.0 91.96 58.18 6.3
95.0 91.80 96.59 6.2
95.0 91.70 84.84 6.0
95.0 91.74 54.42 7.0
95.0 91.74 65.17 6.0
95.0 91.91 22.00 6.4
95.0 91.97 41.42 6.1
95.0 91.90 75.16 5.9
95.0 91.62 125.97 5.8
95.0 91.67 54.02 6.3
95.0 91.67 64.82 6.6
95.0 91.71 54.25 6.6
95.0 91.71 65.02 6.1
95.0 91.70 62.41 5.8
95.0 91.74 51.28 6.1
95.0 91.82 47.37 6.1
95.0 91.76 74.15 6.1
95.0 91.75 65.26 5.8
95.0 91.88 28.96 6.0
95.0 91.90 55.24 6.0
95.0 91.87 65.91 5.8
95.0 91.99 29.80 6.1
95.0 92.00 55.76 5.8
95.0 92.14 23.24 5.6
95.0 92.14 56.50 5.6
95.0 92.31 8.29 5.3
95.0 92.34 44.19 5.1
95.0 92.36 46.73 5.3
95.0 92.33 55.74 4.7
95.0 92.49 13.67 4.6
95.0 92.32 89.44 4.8
95.0 92.25 66.59 4.8
95.0 92.15 78.03 4.6
95.0 92.10 65.44 4.6
95.0 91.93 98.20 5.2
95.0 91.86 74.90 5.4
95.0 92.07 6.41 5.7
95.0 92.03 64.86 5.4
95.0 91.99 66.51 5.3
95.0 92.00 55.77 5.4
95.0 92.05 42.05 5.6
95.0 92.06 53.67 5.4
95.0 91.93 88.37 5.2
95.0 91.99 41.60 5.4
95.0 92.05 45.09 5.2
95.0 92.14 34.50 5.2
95.0 92.01 87.78 5.4
95.0 91.97 64.47 5.4
95.0 92.03 41.88 5.5
95.0 91.87 97.99 5.0
95.0 91.80 74.45 5.6
95.0 91.79 65.45 5.6
95.0 91.78 62.97 5.5
95.0 91.85 44.05 5.8
95.0 92.01 22.55 5.7
95.0 92.06 42.13 5.4
95.0 92.02 66.70 5.4
95.0 91.90 87.22 5.3
95.0 91.75 96.80 5.4
95.0 91.74 62.71 5.6
95.0 91.87 33.03 5.9
95.0 91.80 76.18 5.9
95.0 91.88 40.72 6.0
95.0 91.90 55.24 5.7
95.0 91.79 86.62 5.6
95.0 91.73 73.93 6.2
95.0 91.73 65.12 5.8
95.0 91.43 136.35 5.7
95.0 91.54 50.41 6.5
95.0 91.47 83.05 6.1
95.0 91.44 74.28 6.6
95.0 91.42 71.58 6.3
95.0 91.45 63.64 6.5
95.0 91.51 53.19 6.4
95.0 91.53 61.09 6.1
95.0 91.58 56.97 6.2
95.0 91.63 50.47 6.2
95.0 91.77 28.17 6.7
95.0 91.76 65.30 6.0
95.0 91.75 65.25 6.0
95.0 91.83 43.92 6.1
95.0 91.86 52.14 5.8
95.0 91.79 76.13 5.9
95.0 92.00 11.10 5.5
95.0 91.80 107.41 5.6
95.0 92.01 16.00 5.7
95.0 92.02 53.38 5.6
95.0 92.07 48.17 5.6
95.0 92.26 7.84 5.2
95.0 92.15 76.33 5.1
95.0 92.15 58.77 5.2
95.0 92.14 54.31 5.2
95.0 92.41 -10.04 5.4
95.0 92.13 119.16 5.2
95.0 92.04 80.17 5.6
95.0 91.83 107.64 5.6
95.0 91.81 65.59 6.0
95.0 92.17 -23.27 6.0
95.0 92.03 88.68 6.2
95.0 92.08 45.26 6.6
95.0 91.91 97.40 6.0
95.0 91.93 55.40 6.3
95.0 92.04 33.93 7.5
95.0 92.00 64.65 6.2
95.0 92.01 55.82 6.5
95.0 91.97 66.43 6.1
95.0 91.94 66.27 6.0
95.0 92.05 30.26 6.3
95.0 91.88 97.17 6.0
95.0 91.95 47.77 6.0
95.0 92.14 6.99 5.9
95.0 92.14 54.28 5.6
95.0 91.96 97.79 6.1
95.0 92.02 44.94 5.3
95.0 92.03 55.93 5.6
95.0 91.86 97.04 5.4
95.0 91.80 76.17 5.8
95.0 91.74 75.87 6.1
95.0 92.10 -23.60 6.0
95.0 92.15 45.61 5.8
95.0 92.10 67.09 6.0
95.0 92.05 66.86 6.0
95.0 92.10 42.42 6.0
95.0 92.15 45.61 5.8
95.0 92.06 77.52 5.6
95.0 92.06 53.68 6.6
95.0 92.15 34.54 6.7
95.0 92.15 54.34 5.8
95.0 92.19 48.53 5.8
95.0 92.13 65.67 6.0
95.0 92.13 54.22 5.7
95.0 91.87 117.81 5.6
95.0 91.98 37.38 5.8
95.0 92.04 45.05 5.8
95.0 92.23 7.63 5.6
95.0 92.26 46.20 5.5
95.0 92.33 32.40 5.5
95.0 92.35 44.31 5.1
95.0 92.28 68.07 5.1
95.0 92.49 2.12 5.0
95.0 92.50 45.40 5.0
95.0 92.50 45.44 4.7
95.0 92.46 56.72 4.9
95.0 92.47 49.43 4.8
95.0 92.57 22.27 4.9
95.0 92.70 14.79 4.8
95.0 92.64 58.07 4.5
95.0 92.63 49.95 4.5
95.0 92.76 11.63 5.2
95.0 92.65 69.56 4.1
95.0 92.68 39.61 4.3
95.0 92.62 57.95 4.5
95.0 92.75 15.07 4.4
95.0 92.64 69.52 4.3
95.0 92.59 58.89 4.5
95.0 92.54 58.63 4.3
95.0 92.50 56.98 4.4
95.0 92.33 89.47 4.4
95.0 92.44 24.81 4.9
95.0 92.40 56.29 4.7
95.0 92.33 68.32 4.3
95.0 92.26 66.65 5.0
95.0 92.29 48.87 5.0
95.0 92.27 55.28 5.0
95.0 92.30 46.41 5.0
95.0 92.19 77.39 4.9
95.0 92.10 77.73 5.0
95.0 92.10 56.28 5.0
95.0 92.01 76.02 5.2
95.0 91.76 116.96 5.4
95.0 91.71 75.69 5.6
95.0 91.75 51.34 5.9
95.0 91.74 65.20 5.7
95.0 91.65 85.87 5.3
95.0 91.56 85.42 6.2
95.0 91.57 61.44 6.1
95.0 91.54 74.78 6.3
95.0 91.51 74.62 6.4
95.0 91.57 49.96 6.2
95.0 91.80 10.03 6.2
95.0 91.79 63.05 5.7
95.0 91.91 37.13 5.7
95.0 91.84 74.73 5.8
95.0 91.82 63.32 5.6
95.0 91.89 47.60 5.8
95.0 91.87 63.68 5.4
95.0 91.85 65.77 5.6
95.0 91.92 41.03 5.8
95.0 92.03 37.51 5.6
95.0 91.99 64.58 5.6
95.0 92.28 -16.70 5.5
95.0 92.30 48.90 5.6
95.0 92.24 67.83 5.8
95.0 92.27 46.25 5.5
95.0 92.48 -2.73 5.4
95.0 92.44 56.56 5.4
95.0 92.28 89.47 5.4
95.0 92.22 66.29 5.8
95.0 92.16 67.42 5.6
95.0 92.29 24.02 6.0
95.0 92.23 67.77 5.6
95.0 92.17 65.94 5.2
95.0 92.08 76.51 5.6
95.0 92.12 48.32 5.7
95.0 92.08 65.24 5.6
95.0 91.95 87.47 5.4
95.0 91.92 64.06 5.9
95.0 91.89 66.01 5.8
95.0 91.74 96.76 6.9
95.0 91.78 51.56 5.8
95.0 91.81 54.77 6.2
95.0 91.97 22.35 6.1
95.0 91.94 66.27 5.7
95.0 91.91 64.02 5.8
95.0 91.89 65.99 5.6
95.0 91.95 44.59 5.8
95.0 91.97 53.00 5.7
95.0 92.07 34.12 6.0
95.0 91.94 87.44 5.6
95.0 91.96 52.93 5.6
95.0 92.02 44.93 4.9
95.0 92.03 53.43 5.8
95.0 91.78 117.00 5.6
95.0 91.81 54.78 5.6
95.0 91.88 40.77 5.8
95.0 91.95 44.57 5.8
95.0 91.96 55.59 5.6
95.0 91.89 76.65 5.6
95.0 92.09 6.61 5.6
95.0 92.01 77.26 5.6
95.0 92.20 7.39 5.5
95.0 92.06 87.20 4.9
95.0 91.89 97.53 5.2
95.0 91.82 76.29 5.7
95.0 91.94 33.42 5.8
95.0 92.05 30.24 5.7
95.0 92.23 7.66 5.6
95.0 92.26 46.22 5.1
95.0 92.20 66.19 4.9
95.0 92.19 56.79 5.0
95.0 92.14 65.71 5.2
95.0 92.01 87.77 5.4
95.0 91.97 66.42 5.2
95.0 91.94 64.21 5.5
95.0 91.96 55.54 5.4
95.0 92.06 34.05 5.2
95.0 92.06 56.11 5.4
95.0 91.90 97.28 5.6
95.0 91.96 44.62 5.6
95.0 92.02 44.93 5.4
95.0 92.03 53.43 5.2
95.0 91.95 76.94 5.4
95.0 91.83 86.85 5.6
95.0 91.77 74.22 6.0
95.0 91.68 86.02 5.8
95.0 91.72 51.10 6.1
95.0 91.98 4.95 6.0
95.0 91.74 118.63 5.6
95.0 91.78 57.59 6.0
95.0 91.72 73.85 6.8
95.0 91.67 75.49 6.0
95.0 91.59 85.55 6.0
95.0 91.59 61.60 6.4
95.0 91.64 57.17 6.2
95.0 91.69 50.89 6.1
95.0 91.77 39.94 5.6
95.0 91.85 44.04 5.9
95.0 91.79 76.11 5.9
95.0 91.82 54.82 5.9
95.0 91.89 40.83 5.9
95.0 91.87 63.68 5.7
95.0 91.85 68.05 4.9
95.0 91.87 52.27 5.7
95.0 91.94 44.51 5.6
95.0 92.00 41.65 5.8
95.0 92.01 58.33 5.4
95.0 91.98 64.48 5.6
95.0 91.86 86.00 6.1
95.0 91.88 57.93 5.8
95.0 91.77 85.37 5.9
95.0 91.85 44.04 6.1
95.0 92.01 18.07 5.8
95.0 91.98 66.44 5.4
95.0 92.03 45.00 5.0
95.0 92.04 53.52 5.6
95.0 92.09 45.30 5.4
95.0 92.09 56.25 5.3
95.0 92.14 45.55 5.2
95.0 92.13 54.22 5.4
95.0 92.17 42.95 4.8
95.0 92.21 48.60 5.0
95.0 92.20 54.73 5.2
95.0 91.93 118.13 5.2
95.0 91.70 116.74 5.3
95.0 91.69 64.95 6.0
95.0 91.69 64.93 6.1
95.0 91.69 62.30 6.0
95.0 91.77 47.21 6.0
95.0 91.80 51.76 6.3
95.0 91.79 65.46 5.8
95.0 91.65 95.42 6.0
95.0 91.88 10.42 6.4
95.0 91.73 96.67 6.1
95.0 91.76 51.45 5.9
95.0 91.80 54.70 6.3
95.0 91.78 65.43 5.9
95.0 91.81 51.84 6.0
95.0 91.89 44.24 5.9
95.0 91.91 55.29 5.8
95.0 91.80 86.67 5.4
95.0 91.74 73.99 5.8
95.0 91.78 54.60 5.7
95.0 91.77 65.33 5.8
95.0 91.84 40.46 6.1
95.0 91.78 76.07 5.9
95.0 91.73 73.88 5.9
95.0 91.43 134.70 6.1
95.0 91.20 124.25 6.4
95.0 91.25 62.59 6.8
95.0 91.38 41.53 6.7
95.0 91.54 31.29 6.5
95.0 91.59 53.63 6.5
95.0 91.64 50.55 6.1
95.0 91.65 67.40 6.4
95.0 91.69 50.90 6.0
95.0 91.82 28.55 6.0
95.0 91.85 54.98 5.7
95.0 91.92 44.40 5.6
95.0 91.76 96.87 5.5
95.0 91.84 40.46 5.8
95.0 91.82 63.34 5.6
95.0 91.85 57.83 5.6
95.0 91.83 63.40 6.2
95.0 91.86 55.03 5.8
95.0 91.88 52.35 5.4
95.0 92.04 26.89 5.9
95.0 92.00 64.68 5.6
95.0 91.92 75.37 5.5
95.0 92.03 37.53 5.0
95.0 91.99 64.62 5.4
95.0 92.14 23.23 6.0
95.0 92.09 65.35 5.2
95.0 92.14 45.55 5.0
95.0 92.05 77.47 5.4
95.0 92.37 -28.56 5.6
95.0 92.39 49.18 5.4
95.0 92.45 36.13 5.3
95.0 92.42 57.98 5.3
95.0 92.43 44.88 4.9
95.0 92.22 99.75 5.0
95.0 92.08 88.84 5.4
95.0 92.13 42.61 5.7
95.0 92.12 56.44 5.7
95.0 92.04 77.41 5.3
95.0 92.18 19.32 5.6
95.0 92.35 12.93 5.2
95.0 92.32 55.68 5.2
95.0 92.30 59.27 4.8
95.0 92.19 77.41 5.1
95.0 92.19 54.63 5.4
95.0 92.22 46.00 5.4
95.0 92.16 67.44 5.0
95.0 91.99 98.05 4.8
95.0 92.04 41.96 5.8
95.0 91.92 87.31 5.7
95.0 92.03 33.87 5.2
95.0 91.99 64.58 5.5
95.0 91.91 76.76 5.6
95.0 91.98 41.47 5.7
95.0 92.36 -27.72 5.7
95.0 92.16 98.98 5.8
95.0 92.25 31.75 6.1
95.0 92.37 27.94 5.6
95.0 92.25 77.85 5.6
95.0 92.19 67.59 5.5
95.0 92.18 54.62 5.7
95.0 92.45 -4.69 5.6
95.0 92.42 56.36 5.5
95.0 92.38 56.12 5.4
95.0 92.36 57.65 6.1
95.0 92.33 57.52 5.6
95.0 92.22 78.39 5.5
95.0 92.39 8.84 5.9
95.0 92.45 30.36 5.4
95.0 92.41 59.62 5.6
95.0 92.43 44.86 5.4
95.0 92.31 78.85 5.2
95.0 92.33 46.58 5.2
95.0 92.35 46.69 5.3
95.0 92.33 55.69 5.3
95.0 92.48 9.56 5.2
95.0 92.53 36.57 4.8
95.0 92.40 78.99 4.8
95.0 92.46 36.19 4.8
95.0 92.43 56.45 4.7
95.0 92.35 68.42 5.0
95.0 92.28 68.06 4.8
95.0 91.97 129.97 4.9
95.0 91.69 126.18 5.2
95.0 91.73 57.44 6.0
95.0 91.76 54.53 6.0
95.0 91.80 51.71 5.9
95.0 91.83 54.87 5.8
95.0 91.86 55.01 6.0
95.0 91.88 52.32 6.0
95.0 91.86 65.82 5.8
95.0 91.93 44.44 5.7
95.0 91.99 41.55 6.0
95.0 92.13 23.20 6.0
95.0 92.22 31.55 5.3
95.0 92.12 79.01 5.2
95.0 92.07 65.22 5.1
95.0 92.50 -53.43 5.4
95.0 92.42 69.86 5.6
95.0 92.52 25.23 5.6
95.0 92.48 58.30 5.7
95.0 92.35 78.60 5.6
95.0 92.33 59.34 5.8
95.0 92.17 88.39 5.6
95.0 92.26 31.83 6.0
95.0 92.20 67.61 6.1
95.0 92.32 24.19 5.7
95.0 92.43 24.78 5.7
95.0 92.49 33.59 5.3
95.0 92.45 56.63 5.3
95.0 92.37 69.72 5.0
95.0 92.34 55.83 4.9
95.0 92.32 57.47 5.1
95.0 92.21 77.53 5.4
95.0 92.16 69.03 5.3
95.0 92.02 87.23 5.5
95.0 91.90 86.31 5.9
95.0 92.01 37.45 6.2
95.0 92.06 42.11 5.7
95.0 92.06 56.12 5.6
95.0 92.02 64.85 5.0
95.0 91.82 107.41 5.4
95.0 91.89 47.59 6.0
95.0 91.78 85.43 5.6
95.0 91.77 65.36 6.0
95.0 91.80 54.73 6.0
95.0 91.83 54.89 6.0
95.0 91.73 85.04 6.4
95.0 91.77 51.47 6.1
95.0 91.84 47.44 6.0
95.0 91.96 29.59 5.8
95.0 91.97 55.63 5.6
95.0 92.03 44.99 6.0
95.0 92.08 42.26 5.5
95.0 92.08 56.21 5.4
95.0 92.13 42.61 5.4
95.0 92.40 -4.85 5.1
95.0 92.24 88.89 5.3
95.0 92.23 56.97 5.4
95.0 92.21 54.85 6.1
95.0 92.20 56.85 5.0
95.0 92.06 88.07 5.6
95.0 92.07 53.73 6.1
95.0 92.07 56.14 5.9
95.0 92.03 66.72 5.6
95.0 92.08 42.25 5.7
95.0 92.13 45.50 5.6
95.0 92.12 56.43 5.6
95.0 91.79 137.21 5.3
95.0 91.86 44.10 5.9
95.0 92.26 -34.88 6.2
95.0 92.42 17.31 6.1
95.0 92.43 44.93 5.9
95.0 92.45 47.19 5.6
95.0 92.64 -1.53 5.1
95.0 92.67 39.58 5.4
95.0 92.57 68.98 5.6
95.0 92.40 90.06 5.6
95.0 92.37 57.71 5.4
95.0 92.30 68.14 5.2
95.0 92.06 108.70 5.6
95.0 92.29 1.07 5.8
95.0 92.27 57.23 5.6
95.0 92.30 43.92 5.3
95.0 92.28 55.35 5.2
95.0 92.22 67.73 5.6
95.0 92.21 56.87 6.1
95.0 92.24 46.10 5.6
95.0 92.32 32.28 5.4
95.0 92.16 88.32 5.5
95.0 92.16 58.81 5.4
95.0 92.11 65.48 5.6
95.0 92.15 45.63 5.6
95.0 92.15 54.33 5.3
95.0 92.23 34.96 5.7
95.0 92.26 46.22 5.0
95.0 92.25 55.08 5.8
95.0 92.27 48.81 5.2
95.0 92.35 32.51 5.0
95.0 92.32 57.48 5.1
95.0 92.26 66.59 5.1
95.0 92.28 46.33 5.2
95.0 92.27 57.18 5.2
95.0 92.29 43.86 5.2
95.0 92.41 24.65 4.9
95.0 92.21 99.21 4.6
95.0 92.11 76.76 5.1
95.0 92.43 -21.87 5.5
95.0 92.23 99.31 5.4
95.0 92.17 69.07 5.2
95.0 92.08 76.51 5.8
95.0 92.08 56.19 5.9
95.0 92.40 -22.01 5.7
95.0 92.29 78.74 5.5
95.0 92.18 78.18 5.5
95.0 92.17 54.53 6.0
95.0 92.30 27.73 5.8
95.0 92.28 55.34 6.1
95.0 92.31 43.95 5.6
95.0 92.24 67.85 5.7
95.0 92.18 67.54 5.8
95.0 92.13 67.27 5.8
95.0 92.08 65.30 5.8
95.0 92.22 23.65 6.2
95.0 92.21 56.88 5.4
95.0 92.33 20.49 5.1
95.0 92.31 57.41 5.3
95.0 92.29 55.40 5.3
95.0 92.36 38.57 5.4
95.0 92.24 77.79 5.2
95.0 92.14 77.03 5.3
95.0 92.14 58.75 5.4
95.0 91.96 97.79 5.8
95.0 91.93 66.22 5.6
95.0 91.82 85.72 6.1
95.0 91.85 57.82 5.9
95.0 91.87 52.27 6.0
95.0 91.85 63.55 5.7
95.0 91.83 65.69 5.7
95.0 91.90 44.32 6.0
95.0 92.06 22.80 5.8
95.0 92.06 53.70 5.3
95.0 91.94 86.59 5.4
95.0 91.91 68.24 5.4
95.0 91.97 41.43 5.8
95.0 91.98 55.69 5.8
95.0 92.09 34.19 5.6
95.0 92.04 64.99 5.4
95.0 92.00 66.60 5.4
95.0 92.06 42.08 5.6
95.0 92.11 48.27 5.5
95.0 92.06 65.13 5.4
95.0 92.29 1.06 5.2
95.0 92.36 29.50 5.2
95.0 92.34 57.56 4.8
95.0 92.31 57.43 4.9
95.0 92.43 21.20 5.0
95.0 92.48 36.29 4.6
95.0 92.58 25.55 4.9
95.0 92.36 100.78 4.6
95.0 92.33 59.37 4.6
95.0 92.49 13.68 4.7
95.0 92.45 58.16 4.6
95.0 92.33 78.43 5.1
95.0 92.26 67.96 4.8
95.0 92.29 46.37 5.6
95.0 92.27 55.28 5.3
95.0 92.39 24.55 4.8
95.0 92.36 55.95 4.8
95.0 92.33 59.37 4.9
95.0 92.18 88.44 4.6
95.0 92.04 87.40 4.8
95.0 92.14 34.47 5.0
95.0 92.18 45.77 5.4
95.0 92.21 45.97 5.2
95.0 92.20 54.76 5.0
95.0 92.15 69.00 5.0
95.0 92.06 76.37 5.6
95.0 92.11 42.44 5.2
95.0 92.15 45.62 5.2
95.0 92.14 56.54 4.9
95.0 92.23 34.95 5.4
95.0 92.26 43.61 4.9
95.0 92.20 66.17 5.2
95.0 92.23 48.68 5.1
95.0 92.09 87.76 4.6
95.0 92.14 45.55 5.6
95.0 92.09 65.33 5.2
95.0 92.00 77.24 5.2
95.0 92.01 55.84 6.0
95.0 91.98 64.49 5.4
95.0 91.99 58.27 5.4
95.0 92.00 53.23 5.6
95.0 92.10 34.26 5.4
95.0 92.10 53.98 5.9
95.0 92.14 45.59 5.5
95.0 92.23 34.95 5.0
95.0 92.09 87.72 5.4
95.0 92.09 56.24 5.0
95.0 92.04 66.81 5.4
95.0 91.96 75.66 5.5
95.0 92.16 11.91 5.6
95.0 92.15 54.37 5.3
95.0 92.06 78.81 5.6
95.0 92.02 64.81 5.2
95.0 91.98 66.48 5.2
95.0 92.04 41.94 5.5
95.0 92.05 56.02 5.5
95.0 92.05 56.04 5.4
95.0 92.28 -4.21 4.7
95.0 92.22 69.24 5.1
95.0 92.21 54.81 5.3
95.0 92.24 43.47 5.4
95.0 92.23 56.98 5.7
95.0 92.30 35.35 5.4
95.0 92.51 2.21 5.1
95.0 92.47 55.36 4.9
95.0 92.48 45.24 5.0
95.0 92.53 39.11 4.9
95.0 92.49 56.89 4.9
95.0 92.63 14.40 4.3
95.0 92.57 57.57 4.5
95.0 92.57 49.76 4.6
95.0 92.66 22.96 4.9
95.0 92.60 57.78 4.5
95.0 92.51 70.15 4.3
95.0 92.51 45.51 4.0
95.0 92.47 58.27 4.5
95.0 92.57 22.27 4.7
95.0 92.75 3.47 5.0
95.0 92.77 35.73 4.3
95.0 92.75 47.30 4.3
95.0 92.68 59.40 4.0
95.0 92.72 37.52 4.1
95.0 92.74 35.50 4.5
95.0 92.63 69.93 4.3
95.0 92.58 57.62 4.3
95.0 92.53 60.00 4.6
95.0 92.45 68.03 4.4
95.0 92.59 14.21 4.5
95.0 92.50 68.43 4.5
95.0 92.37 79.19 4.1
95.0 92.39 46.89 4.6
95.0 92.27 78.00 4.9
95.0 92.21 69.21 5.0
95.0 92.20 54.75 5.0
95.0 92.19 54.67 5.1
95.0 92.27 35.17 5.0
95.0 92.08 98.55 4.9
95.0 92.13 45.51 5.1
95.0 92.08 65.27 5.4
95.0 92.22 23.64 5.3
95.0 92.21 56.86 5.4
95.0 92.19 54.70 5.1
95.0 92.14 67.32 4.9
95.0 92.14 54.27 5.5
95.0 92.13 58.73 5.3
95.0 92.26 19.98 5.2
95.0 92.34 32.44 5.2
95.0 92.31 59.30 4.9
95.0 92.20 77.49 4.3
95.0 92.24 46.09 5.3
95.0 92.14 76.98 5.4
95.0 92.31 16.97 4.7
95.0 92.25 66.54 5.1
95.0 92.28 43.75 4.9
95.0 92.40 24.58 5.2
95.0 92.41 47.00 5.4
95.0 92.34 68.34 4.8
95.0 92.31 55.58 4.6
95.0 92.29 55.42 5.4
95.0 92.27 59.17 5.0
95.0 92.58 -27.04 5.0
95.0 92.32 109.13 5.0
95.0 92.17 89.11 5.3
95.0 91.95 108.08 5.8
95.0 91.96 55.57 6.0
95.0 91.97 53.04 6.5
95.0 91.94 68.35 6.1
95.0 92.05 30.26 6.1
95.0 92.10 45.35 5.6
95.0 92.05 65.07 5.8
95.0 92.01 66.65 5.5
95.0 91.94 76.89 5.6
95.0 92.00 41.62 6.1
95.0 91.96 66.38 5.8
95.0 91.98 55.65 5.8
95.0 91.94 66.28 5.8
95.0 92.05 30.27 5.8
95.0 91.92 87.34 5.3
95.0 91.99 44.76 5.7
95.0 91.70 127.97 5.4
95.0 91.53 106.62 6.2
95.0 91.50 77.03 6.3
95.0 91.60 38.66 6.5
95.0 91.65 53.94 6.4
95.0 91.61 73.01 6.1
95.0 91.53 87.08 6.2
95.0 91.81 -7.74 6.2
95.0 91.93 33.38 6.3
95.0 91.95 55.51 5.9
95.0 91.96 52.96 6.0
95.0 91.93 66.22 5.8
95.0 92.13 6.90 5.5
95.0 92.08 67.02 5.5
95.0 92.09 53.88 5.7
95.0 92.04 64.99 5.7
95.0 92.09 45.32 5.6
95.0 92.14 45.56 5.4
95.0 92.13 56.48 5.5
95.0 92.09 65.32 5.4
95.0 92.09 53.89 5.4
95.0 92.09 58.59 5.7
95.0 92.09 53.91 5.5
95.0 92.23 23.68 6.0
95.0 92.13 76.89 5.3
95.0 92.08 68.78 5.4
95.0 92.13 42.59 5.8
95.0 92.21 31.50 5.5
95.0 92.20 58.94 5.2
95.0 92.15 65.77 5.6
95.0 92.10 67.09 5.4
95.0 92.05 65.07 5.5
95.0 91.93 87.36 5.2
95.0 92.04 33.93 5.6
95.0 91.95 75.60 5.7
95.0 91.88 76.60 5.8
95.0 91.86 65.83 5.8
95.0 91.88 55.16 5.8
95.0 91.57 137.42 6.1
95.0 91.62 53.78 6.1
95.0 91.54 87.12 5.5
95.0 91.47 83.06 6.2
95.0 91.67 20.72 6.3
95.0 91.67 64.80 6.3
95.0 91.54 94.57 6.2
95.0 91.59 53.62 6.3
95.0 91.73 27.89 6.0
95.0 91.77 57.57 6.2
95.0 91.76 62.84 6.1
95.0 91.75 65.24 5.8
95.0 91.70 73.66 6.0
95.0 91.78 43.68 6.2
95.0 91.60 106.25 5.9
95.0 91.56 74.91 6.1
95.0 91.80 10.01 6.3
95.0 91.78 65.43 6.2
95.0 91.73 73.89 5.6
95.0 91.77 54.53 6.3
95.0 91.80 54.71 6.3
95.0 91.87 44.16 6.1
95.0 91.85 63.55 5.9
95.0 91.88 55.12 5.8
95.0 91.77 86.52 5.6
95.0 91.85 40.49 6.1
95.0 91.78 76.09 5.7
95.0 91.86 40.59 5.9
95.0 91.67 107.07 5.7
95.0 91.67 64.83 6.1
95.0 91.67 62.17 6.2
95.0 91.67 64.82 6.1
95.0 91.42 125.39 6.0
95.0 91.53 46.43 5.9
95.0 91.77 4.15 6.7
95.0 91.55 116.08 6.0
95.0 91.65 42.96 6.8
95.0 91.60 72.96 6.1
95.0 91.65 53.94 6.2
95.0 91.88 10.44 6.6
95.0 91.81 76.24 6.0
95.0 91.76 74.10 5.9
95.0 91.66 84.51 6.1
95.0 91.66 67.45 6.1
95.0 91.75 39.75 6.1
95.0 91.78 54.63 5.9
95.0 91.77 62.94 6.1
95.0 91.80 57.68 5.9
95.0 91.75 74.03 5.8
95.0 91.57 105.66 6.1
95.0 91.49 88.96 6.1
95.0 91.47 71.92 6.5
95.0 91.40 84.56 6.2
95.0 91.38 71.29 6.7
95.0 91.37 73.88 6.5
95.0 91.40 63.38 6.5
95.0 91.47 49.21 6.7
95.0 91.49 63.85 6.5
95.0 91.46 74.37 6.7
95.0 91.52 53.26 6.5
95.0 91.45 82.94 6.5
95.0 91.43 71.64 6.5
95.0 91.77 -6.85 6.1
95.0 91.72 73.82 6.2
95.0 91.71 65.05 6.3
95.0 91.71 65.02 6.2
95.0 91.75 51.32 6.3
95.0 91.74 65.18 6.3
95.0 91.82 40.27 6.3
95.0 91.89 47.59 6.1
95.0 91.87 63.66 6.0
95.0 91.89 52.41 6.0
95.0 91.87 65.87 6.0
95.0 91.80 76.19 5.9
95.0 91.75 75.88 5.6
95.0 91.83 40.33 5.9
95.0 91.85 55.00 6.0
95.0 91.75 86.40 6.0
95.0 91.74 62.70 6.0
95.0 91.86 33.02 6.1
95.0 91.84 65.75 5.8
95.0 91.83 65.65 6.0
95.0 91.81 63.23 5.5
95.0 91.84 52.01 5.9
95.0 91.73 87.74 6.0
95.0 91.73 62.61 5.7
95.0 91.72 65.09 6.2
95.0 91.76 51.41 6.0
95.0 91.79 57.64 6.2
95.0 91.87 40.65 5.4
95.0 91.89 52.41 6.0
95.0 91.87 65.87 5.7
95.0 92.21 -23.01 6.0
95.0 92.29 38.36 5.8
95.0 92.14 88.16 6.3
95.0 92.09 67.07 5.9
95.0 92.14 45.57 5.9
95.0 92.18 43.00 5.7
95.0 92.13 67.25 5.6
95.0 92.17 45.73 5.8
95.0 92.12 67.20 5.6
95.0 91.90 108.18 5.5
95.0 91.92 55.37 6.3
95.0 91.98 47.89 6.1
95.0 92.04 41.95 5.8
95.0 92.09 45.31 5.8
95.0 92.14 42.67 5.6
95.0 92.13 56.47 5.6
95.0 92.22 34.89 5.0
95.0 92.25 43.53 5.4
95.0 92.23 59.05 5.5
95.0 92.09 87.77 5.0
95.0 92.09 56.26 5.2
95.0 92.62 -79.15 5.4
95.0 92.52 70.20 5.9
95.0 92.31 99.74 5.9
95.0 92.20 77.45 6.2
95.0 92.23 46.07 6.1
95.0 92.22 56.94 6.1
95.0 92.16 65.91 6.1
95.0 92.16 56.61 6.3
95.0 92.33 8.42 6.1
95.0 92.18 88.69 5.8
95.0 92.22 43.28 6.0
95.0 92.16 67.42 5.6
95.0 92.38 1.53 5.7
95.0 92.22 88.87 5.6
95.0 92.21 56.90 5.6
95.0 92.29 32.08 5.4
95.0 92.27 59.17 5.5
95.0 92.30 43.89 5.0
95.0 92.28 55.33 5.2
95.0 92.35 35.58 5.2
95.0 92.37 46.78 5.4
95.0 92.17 99.02 5.4
95.0 92.12 65.56 5.5
95.0 92.07 65.22 5.7
95.0 91.95 88.41 5.6
95.0 91.92 64.04 5.8
95.0 91.94 55.43 5.8
95.0 91.95 52.87 5.7
95.0 91.92 68.29 5.8
95.0 91.81 85.65 6.1
95.0 91.75 74.08 6.1
95.0 91.74 67.71 6.1
95.0 92.10 -30.62 5.8
95.0 92.06 68.72 6.1
95.0 91.85 107.78 6.1
95.0 91.92 47.68 6.6
95.0 91.98 44.73 6.0
95.0 91.99 53.18 6.3
95.0 92.00 55.79 6.9
95.0 91.88 87.12 6.0
95.0 91.65 116.63 5.8
95.0 91.65 64.73 6.4
95.0 91.32 144.51 6.6
95.0 91.58 14.63 7.0
95.0 92.06 -56.78 7.1
95.0 92.33 -5.06 6.5
95.0 92.27 67.99 6.9
95.0 92.21 67.67 6.7
95.0 92.38 8.75 6.7
95.0 92.39 42.29 6.3
95.0 92.50 28.36 6.2
95.0 92.69 -1.17 5.6
95.0 92.72 37.53 5.8
95.0 92.66 58.18 6.0
95.0 92.56 69.51 5.9
95.0 92.64 25.90 6.0
95.0 92.55 68.79 5.6
95.0 92.37 89.77 5.6
95.0 92.34 55.83 5.6
95.0 92.28 66.75 5.8
95.0 92.26 57.14 5.7
95.0 92.24 57.06 5.8
95.0 92.36 24.41 5.7
95.0 92.29 66.87 5.4
95.0 92.32 46.51 5.2
95.0 92.17 88.62 6.4
95.0 92.16 54.43 5.6
95.0 92.33 12.85 5.7
95.0 92.45 21.35 5.9
95.0 92.32 79.66 5.2
95.0 92.53 -2.35 5.0
95.0 92.76 -13.03 5.2
95.0 92.70 61.67 5.0
95.0 92.64 58.03 4.6
95.0 92.63 48.14 5.1
95.0 92.57 57.56 5.2
95.0 92.66 28.88 5.2
95.0 92.52 79.85 5.0
95.0 92.39 78.88 5.4
95.0 92.36 57.68 5.6
95.0 92.42 35.97 5.4
95.0 92.35 68.41 5.2
95.0 92.37 44.41 5.2
95.0 92.43 33.13 5.2
95.0 92.67 -3.98 5.2
95.0 92.75 23.63 4.8
95.0 92.64 69.96 4.8
95.0 92.54 68.75 4.0
95.0 92.54 49.66 4.8
95.0 92.54 45.73 4.9
95.0 92.54 45.73 4.8
95.0 92.54 49.67 4.7
95.0 92.50 56.98 5.0
95.0 92.37 79.19 4.8
95.0 92.34 55.82 5.1
95.0 92.32 57.46 5.1
95.0 92.34 46.64 5.4
95.0 92.27 66.72 4.8
95.0 92.08 98.56 5.2
95.0 92.09 56.23 5.4
95.0 92.04 64.99 5.6
95.0 92.05 56.03 5.6
95.0 92.10 42.38 5.7
95.0 92.14 48.39 5.5
95.0 92.18 43.02 5.3
95.0 92.13 67.26 4.8
95.0 92.26 23.87 5.8
95.0 92.29 43.83 5.2
95.0 92.23 67.77 4.5
95.0 92.08 87.71 5.1
95.0 92.13 48.35 5.2
95.0 92.17 42.94 6.0
95.0 92.03 87.34 5.1
95.0 91.95 76.98 5.4
95.0 92.39 -46.45 5.4
95.0 92.69 -15.22 5.8
95.0 92.63 59.09 5.6
95.0 92.66 37.25 6.3
95.0 92.65 48.28 5.4
95.0 92.51 79.78 5.5
95.0 92.65 14.51 5.5
95.0 92.59 58.92 5.7
95.0 92.50 69.22 5.4
95.0 92.42 67.81 5.6
95.0 92.47 33.47 6.0
95.0 92.48 49.47 5.6
95.0 92.40 67.67 5.3
95.0 92.24 89.00 5.5
95.0 92.27 43.68 5.6
95.0 92.34 38.52 5.7
95.0 92.32 55.62 5.6
95.0 92.25 66.56 5.2
95.0 92.37 24.45 5.4
95.0 92.43 36.03 5.3
95.0 92.27 89.17 5.1
95.0 92.34 32.48 6.0
95.0 92.15 98.89 5.4
95.0 92.01 87.80 5.5
95.0 92.11 30.73 5.8
95.0 92.20 34.78 5.4
95.0 92.23 46.06 5.4
95.0 92.18 67.50 4.9
95.0 92.35 8.54 5.6
95.0 92.50 5.42 5.4
95.0 92.51 47.52 4.9
95.0 92.47 56.76 4.5
95.0 92.43 58.05 4.6
95.0 92.18 110.30 4.8
95.0 92.26 38.27 5.2
95.0 92.25 57.09 5.6
95.0 92.23 54.99 5.3
95.0 92.13 79.05 5.0
95.0 92.36 -3.65 5.7
95.0 92.24 77.79 5.4
95.0 92.23 56.99 5.4
95.0 92.26 46.21 5.8
95.0 92.24 57.07 5.4
95.0 92.06 98.51 5.1
95.0 92.24 12.37 5.8
95.0 92.23 56.99 5.6
95.0 92.40 8.90 5.1
95.0 92.46 33.34 5.2
95.0 92.38 67.51 4.6
95.0 92.31 69.50 4.8
95.0 92.24 66.48 4.8
95.0 92.14 77.00 5.2
95.0 92.22 34.93 5.0
95.0 92.26 46.19 5.2
95.0 92.20 67.61 5.2
95.0 92.14 65.75 5.4
95.0 92.18 48.52 5.5
95.0 92.09 76.61 5.0
95.0 91.79 128.66 5.4
95.0 92.05 5.17 5.7
95.0 92.06 53.66 5.6
95.0 92.06 56.10 5.2
95.0 92.06 53.72 5.4
95.0 92.16 31.09 5.4
95.0 92.11 68.88 5.2
95.0 92.02 76.09 5.4
95.0 91.98 66.49 5.5
95.0 92.08 30.54 6.1
95.0 92.09 56.23 5.4
95.0 92.13 45.53 5.4
95.0 92.13 54.20 5.2
95.0 92.26 27.60 5.3
95.0 92.20 66.17 5.2
95.0 92.23 46.07 4.5
95.0 92.27 43.64 5.2
95.0 92.25 57.09 4.9
95.0 92.37 24.44 5.4
95.0 92.30 66.91 4.9
95.0 92.28 57.24 5.0
95.0 92.30 46.44 4.5
95.0 92.33 44.12 5.2
95.0 92.35 46.68 4.8
95.0 92.32 55.68 4.9
95.0 92.30 59.27 5.0
95.0 92.15 88.22 4.5
95.0 92.15 56.55 4.8
95.0 92.23 34.96 5.2
95.0 92.09 87.74 5.8
95.0 92.22 23.67 6.0
95.0 92.26 43.57 5.2
95.0 92.33 38.48 5.8
95.0 92.13 99.08 5.2
95.0 92.00 87.09 5.1
95.0 92.19 12.10 5.4
95.0 92.27 35.18 5.2
95.0 92.34 35.56 5.3
95.0 92.36 44.39 5.1
95.0 92.34 55.78 4.5
95.0 92.36 49.08 5.0
95.0 92.66 -26.45 4.9
95.0 92.69 39.62 5.0
95.0 92.67 48.40 4.6
95.0 92.53 80.03 5.1
95.0 92.49 56.90 4.8
95.0 92.40 67.71 5.7
95.0 92.37 59.49 5.2
95.0 92.17 99.38 5.0
95.0 92.17 56.66 5.6
95.0 92.16 54.44 5.5
95.0 92.15 56.59 5.8
95.0 92.06 77.55 5.6
95.0 91.98 75.78 6.1
95.0 91.90 76.71 5.8
95.0 91.97 44.66 5.8
95.0 91.98 55.67 5.8
95.0 91.99 53.17 5.7
95.0 91.92 75.31 5.5
95.0 91.93 58.09 5.5
95.0 92.18 -5.00 5.8
95.0 92.13 67.24 5.4
95.0 92.08 67.00 5.7
95.0 92.17 31.19 5.7
95.0 92.16 56.64 5.4
95.0 92.11 65.52 5.4
95.0 92.16 48.43 5.4
95.0 92.57 -52.87 5.5
95.0 92.44 80.02 5.4
95.0 92.36 67.39 5.9
95.0 92.38 46.84 6.0
95.0 92.31 68.20 5.8
95.0 92.29 55.39 5.9
95.0 92.22 67.76 6.0
95.0 92.30 35.33 6.0
95.0 92.11 98.88 5.3
95.0 92.11 56.35 5.8
95.0 92.15 45.63 6.0
95.0 91.97 97.98 5.6
95.0 91.94 64.23 6.0
95.0 91.91 66.12 6.0
95.0 91.89 65.99 5.6
95.0 91.87 63.66 6.0
95.0 91.89 55.19 5.8
95.0 91.91 52.56 5.8
95.0 91.93 58.08 6.0
95.0 92.04 30.17 6.4
95.0 92.04 53.55 5.6
95.0 92.05 56.03 5.5
95.0 92.23 12.32 5.5
95.0 92.22 56.94 5.5
95.0 92.08 87.67 5.3
95.0 92.40 -16.12 5.6
95.0 92.37 57.75 5.4
95.0 92.62 -14.09 5.5
95.0 92.23 137.27 5.5
95.0 92.13 79.05 5.6
95.0 92.00 87.74 5.9
95.0 92.01 53.31 6.2
95.0 92.06 42.13 6.3
95.0 92.02 68.61 5.9
95.0 91.90 86.33 6.1
95.0 91.88 65.92 6.1
95.0 91.86 63.58 6.9
95.0 91.88 57.92 6.3
95.0 91.99 29.83 6.2
95.0 92.14 19.02 6.1
95.0 92.22 38.13 5.6
95.0 92.30 32.15 5.1
95.0 92.37 35.69 5.1
95.0 92.34 55.81 5.5
95.0 92.45 24.88 5.4
95.0 92.20 109.44 5.0
95.0 92.28 35.23 4.8
95.0 92.13 88.45 5.2
95.0 92.13 56.47 5.4
95.0 92.13 56.45 6.0
95.0 92.08 65.27 5.7
95.0 92.00 77.20 5.6
95.0 92.19 12.07 6.1
95.0 92.18 54.58 5.3
95.0 92.13 67.24 5.3
95.0 92.08 66.99 5.2
95.0 92.04 64.95 5.6
95.0 92.09 45.30 5.6
95.0 92.13 42.65 5.8
95.0 92.13 58.72 5.4
95.0 92.08 65.29 5.3
95.0 92.17 34.66 5.4
95.0 92.26 31.83 5.3
95.0 92.24 57.04 5.2
95.0 92.23 56.97 5.1
95.0 92.26 43.59 4.8
95.0 92.33 35.49 5.0
95.0 92.31 57.40 5.0
95.0 92.29 55.39 5.2
95.0 92.40 24.62 5.1
95.0 92.46 36.18 4.9
95.0 92.42 58.02 4.6
95.0 92.39 56.19 4.7
95.0 92.28 78.03 4.6
95.0 92.35 38.53 5.0
95.0 92.32 55.67 5.0
95.0 92.34 46.65 5.0
95.0 92.32 55.64 5.2
95.0 92.30 59.25 5.0
95.0 92.37 32.67 5.0
95.0 92.38 44.55 4.9
95.0 92.36 57.66 4.8
95.0 92.37 46.81 5.0
95.0 92.30 68.18 5.0
95.0 92.46 9.41 4.8
95.0 92.43 56.46 4.8
95.0 92.39 57.86 4.7
95.0 92.19 99.52 4.7
95.0 92.27 35.18 4.9
95.0 92.26 57.13 5.1
95.0 92.33 35.48 4.6
95.0 92.35 44.29 4.8
95.0 92.32 55.68 5.0
95.0 92.05 117.86 4.8
95.0 91.88 97.49 5.0
95.0 92.04 22.69 5.4
95.0 91.96 75.62 5.5
95.0 92.02 44.92 5.6
95.0 92.02 55.90 5.5
95.0 92.08 42.22 5.4
95.0 92.03 68.64 5.5
95.0 91.95 75.59 5.7
95.0 92.01 41.74 5.6
95.0 92.07 45.18 5.5
95.0 92.07 56.14 5.5
95.0 92.03 66.72 5.2
95.0 92.03 53.50 5.6
95.0 91.79 117.36 5.4
95.0 91.77 67.81 5.7
95.0 91.81 51.78 5.8
95.0 91.79 65.47 5.8
95.0 91.69 84.76 5.9
95.0 91.69 67.54 5.7
95.0 91.73 51.20 6.0
95.0 91.55 105.56 6.3
95.0 91.52 79.54 6.1
95.0 91.54 61.17 5.7
95.0 91.55 64.18 6.3
95.0 91.93 -31.94 6.1
95.0 91.90 70.41 6.3
95.0 91.92 52.63 6.4
95.0 91.94 52.77 6.2
95.0 91.95 55.53 6.1
95.0 91.97 55.61 6.3
95.0 92.03 44.97 6.2
95.0 92.03 53.48 6.0
95.0 91.79 117.35 5.8
95.0 91.77 67.81 6.1
95.0 91.76 62.87 5.3
95.0 91.80 54.69 6.3
95.0 92.20 -35.19 6.2
95.0 92.10 78.95 6.3
95.0 91.97 86.86 5.9
95.0 91.98 53.12 6.0
95.0 92.04 48.06 6.3
95.0 92.18 19.35 6.7
95.0 92.22 45.98 6.0
95.0 92.39 8.82 5.7
95.0 92.23 88.94 5.4
95.0 92.26 43.60 5.9
95.0 92.20 66.17 5.9
95.0 92.15 67.34 5.7
95.0 92.23 34.96 6.0
95.0 92.22 56.92 5.5
95.0 92.16 65.88 5.6
95.0 92.07 77.58 5.4
95.0 92.16 34.59 5.2
95.0 92.15 54.39 5.6
95.0 92.15 56.56 5.5
95.0 92.19 45.83 5.6
95.0 92.18 54.58 5.4
95.0 92.31 24.11 5.6
95.0 92.28 55.38 5.9
95.0 92.18 79.20 4.5
95.0 92.35 8.57 5.2
95.0 92.37 44.44 5.1
95.0 92.34 55.83 5.1
95.0 92.28 68.03 5.0
95.0 92.30 46.43 5.0
95.0 91.91 150.29 5.0
95.0 91.93 60.73 5.5
95.0 91.65 127.56 5.8
95.0 91.74 43.45 5.8
95.0 91.77 54.58 5.8
95.0 91.81 54.75 6.1
95.0 91.88 44.20 6.0
95.0 91.90 52.50 5.8
95.0 91.92 55.36 5.8
95.0 91.90 66.02 5.7
95.0 91.87 63.70 5.9
95.0 91.94 44.51 5.9
95.0 91.78 96.43 5.6
95.0 91.82 57.71 6.1
95.0 91.89 40.80 5.8
95.0 91.65 117.02 5.8
95.0 91.79 40.73 6.1
95.0 91.73 73.93 5.8
95.0 91.86 32.99 5.8
95.0 91.71 95.88 6.0
95.0 91.79 47.28 6.0
95.0 91.82 51.91 6.0
95.0 91.76 74.17 6.1
95.0 91.75 65.27 5.8
95.0 91.79 54.66 6.1
95.0 91.78 65.39 6.0
95.0 91.81 51.79 6.0
95.0 91.84 52.01 6.0
95.0 91.91 47.64 6.0
95.0 92.06 18.45 5.4
95.0 92.20 23.55 5.6
95.0 91.98 108.24 5.3
95.0 91.95 68.36 5.4
95.0 91.96 52.93 5.6
95.0 92.11 18.81 5.9
95.0 92.02 78.69 5.4
95.0 91.86 96.99 6.2
95.0 91.84 65.71 5.6
95.0 91.86 52.20 5.8
95.0 91.89 55.18 5.7
e 70.83824467658997