55.0 4.62 0.0
55.0 38.23 72.02 0.0
55.0 38.28 51.96 0.0
55.0 38.29 64.23 0.0
55.0 38.28 75.62 0.0
55.0 
55.0 38.27 255.00 0.0
55.0 38.21 255.00 0.2
55.0 38.25 -100.38 0.4
55.0 38.25 36.41 0.2
55.0 38.24 34.58 0.6
55.0 38.28 60.23 0.9
55.0 38.26 79.58 0.8
55.0 38.26 68.33 1.8
55.0 38.28 67.90 2.5
55.0 38.25 80.53 2.8
55.0 38.24 76.49 3.4
55.0 38.23 75.87 4.3
55.0 38.24 71.99 4.1
55.0 38.18 95.25 4.3
55.0 38.15 84.66 5.3
55.0 38.17 68.41 5.4
55.0 38.17 79.89 5.6
55.0 38.17 72.48 5.6
55.0 38.17 76.17 6.0
55.0 38.21 56.11 6.2
55.0 38.19 86.95 6.3
55.0 38.20 68.38 6.5
55.0 38.19 76.53 6.7
55.0 38.18 83.43 7.5
55.0 38.18 72.47 7.1
55.0 38.19 72.22 7.2
55.0 38.19 72.46 7.4
55.0 38.19 76.07 7.7
55.0 38.20 72.18 7.6
55.0 38.30 31.32 8.0
55.0 38.31 67.76 7.7
55.0 38.31 71.63 7.5
55.0 38.41 27.09 7.5
55.0 38.39 75.07 7.5
55.0 38.38 68.24 7.1
55.0 38.33 89.32 7.6
55.0 38.32 72.36 7.7
55.0 38.28 83.28 7.9
55.0 38.26 79.55 8.1
55.0 38.23 84.61 8.1
55.0 38.23 72.02 8.4
55.0 38.21 80.57 9.7
55.0 38.21 79.56 8.4
55.0 38.20 72.45 8.5
55.0 38.20 72.45 8.9
55.0 38.20 76.02 8.4
55.0 38.20 76.03 8.7
55.0 38.29 40.71 8.5
55.0 38.27 76.46 8.4
55.0 38.27 71.81 8.4
55.0 38.38 32.45 8.4
55.0 38.36 72.33 8.2
55.0 38.33 79.20 8.2
55.0 38.30 83.21 8.1
55.0 38.28 79.48 8.5
55.0 38.25 80.54 8.6
55.0 38.22 80.56 8.8
55.0 38.25 68.22 8.6
55.0 38.26 64.25 8.7
55.0 38.26 75.75 9.0
55.0 38.23 80.55 8.6
55.0 38.23 75.65 8.8
55.0 38.22 76.50 8.3
55.0 38.21 76.51 8.7
55.0 38.20 76.00 8.7
55.0 38.20 76.01 8.9
55.0 38.23 64.31 8.8
55.0 38.21 80.57 8.8
55.0 38.28 43.73 8.9
55.0 38.27 78.98 8.8
55.0 38.26 72.40 8.6
55.0 38.34 44.38 8.7
55.0 38.33 71.52 8.3
55.0 38.34 64.19 8.3
55.0 38.29 87.06 8.7
55.0 38.27 76.46 8.3
55.0 38.30 67.80 8.5
55.0 38.32 60.12 8.6
55.0 38.27 87.17 8.4
55.0 38.26 72.40 8.6
55.0 38.25 79.64 7.6
55.0 38.27 64.11 8.6
55.0 38.27 68.32 8.6
55.0 38.28 71.81 8.6
55.0 38.29 67.89 8.4
55.0 38.30 64.22 8.4
55.0 38.19 110.37 8.5
55.0 38.20 75.92 8.9
55.0 38.21 72.11 9.8
55.0 38.23 64.28 8.8
55.0 38.22 79.78 8.6
55.0 38.18 87.61 9.3
55.0 38.21 60.20 9.1
55.0 38.24 64.25 9.1
55.0 38.28 56.06 8.8
55.0 38.29 71.50 8.6
55.0 38.32 56.02 8.9
55.0 38.35 56.00 8.5
55.0 38.39 55.80 8.6
55.0 38.38 71.30 8.2
55.0 38.43 47.81 8.2
55.0 38.43 64.12 8.0
55.0 38.45 62.80 8.0
55.0 38.47 51.81 8.0
55.0 38.50 51.79 7.8
55.0 38.52 55.15 8.5
55.0 38.52 62.90 6.9
55.0 38.55 51.13 7.5
55.0 38.56 51.73 7.6
55.0 38.58 51.72 7.1
55.0 38.58 61.61 7.3
55.0 38.64 31.05 7.3
55.0 38.65 54.49 7.2
55.0 38.65 55.77 7.1
55.0 38.68 42.66 6.8
55.0 38.71 46.44 6.3
55.0 38.71 51.62 6.8
55.0 38.70 60.55 6.9
55.0 38.75 30.97 6.9
55.0 38.77 46.14 6.4
55.0 38.78 43.34 6.3
55.0 38.81 42.05 6.8
55.0 38.85 34.03 6.2
55.0 38.87 39.15 6.5
55.0 38.86 49.56 6.1
55.0 38.82 65.27 6.0
55.0 38.84 39.17 6.0
55.0 38.86 41.81 6.1
55.0 38.86 43.28 5.9
55.0 38.88 44.23 6.1
55.0 38.89 39.13 5.8
55.0 38.91 41.56 5.6
55.0 38.92 39.11 5.8
55.0 38.93 41.45 5.9
55.0 38.94 41.40 6.1
55.0 38.95 39.08 5.5
55.0 38.95 43.55 5.5
55.0 38.98 30.79 6.1
55.0 38.99 39.05 5.6
55.0 38.99 41.14 5.4
55.0 39.00 37.17 4.8
55.0 39.03 33.15 4.9
55.0 39.06 26.58 5.0
55.0 39.07 34.86 5.6
55.0 39.08 35.01 5.1
55.0 39.10 30.70 4.7
55.0 39.11 32.73 5.4
55.0 39.11 34.82 4.5
55.0 39.13 34.62 4.7
55.0 39.15 26.51 5.3
55.0 39.17 26.50 4.6
55.0 39.19 26.58 4.5
55.0 39.22 22.30 4.6
55.0 39.29 8.27 4.3
55.0 39.29 24.86 4.4
55.0 39.24 47.67 4.0
55.0 39.31 8.16 3.9
55.0 39.33 16.17 3.9
55.0 39.35 19.77 3.8
55.0 39.43 -0.36 3.6
55.0 39.44 17.97 3.4
55.0 39.45 19.28 3.2
55.0 39.44 26.28 3.7
55.0 39.46 16.75 3.0
55.0 39.47 17.94 3.3
55.0 39.48 19.14 3.1
55.0 39.51 11.12 3.1
55.0 39.52 13.73 2.8
55.0 39.57 2.90 2.8
55.0 39.58 12.64 2.7
55.0 39.65 -7.46 2.4
55.0 39.66 9.45 2.4
55.0 39.66 12.95 2.4
55.0 39.66 14.30 2.2
55.0 39.65 18.29 1.8
55.0 39.64 18.34 2.2
55.0 39.66 5.26 2.8
55.0 39.67 8.56 2.2
55.0 39.72 -1.79 2.0
55.0 39.71 13.59 2.0
55.0 39.74 2.07 1.8
55.0 39.77 -4.45 2.0
55.0 39.79 1.79 1.9
55.0 39.81 0.95 1.6
55.0 39.83 0.22 1.4
55.0 39.83 5.13 1.5
55.0 39.85 0.92 1.3
55.0 39.85 4.76 1.3
55.0 39.87 -3.30 1.2
55.0 39.92 -11.76 1.3
55.0 39.93 -2.04 1.2
55.0 39.95 -3.36 1.6
55.0 39.95 1.00 1.2
55.0 39.98 -7.59 1.1
55.0 39.99 -3.39 1.1
55.0 40.00 -3.19 1.1
55.0 40.02 -7.76 1.1
55.0 40.05 -11.41 1.4
55.0 40.05 -3.89 1.4
55.0 40.07 -12.51 1.0
55.0 40.14 -28.33 1.0
55.0 40.08 14.18 1.5
55.0 40.09 -8.48 1.5
55.0 40.09 -4.25 1.0
55.0 40.08 -0.37 1.3
55.0 40.10 -12.61 1.3
55.0 40.12 -12.88 1.3
55.0 40.15 -17.15 1.3
55.0 40.18 -17.63 1.4
55.0 40.20 -18.05 1.6
55.0 40.21 -14.11 1.8
55.0 40.28 -38.62 1.5
55.0 40.33 -31.81 2.1
55.0 40.39 -40.70 2.0
55.0 40.42 -29.59 2.1
55.0 40.41 -21.99 2.4
55.0 40.41 -21.98 2.8
55.0 40.41 -20.93 2.5
55.0 40.41 -21.97 2.5
55.0 40.42 -25.95 2.6
55.0 40.42 -22.13 2.8
55.0 40.40 -12.76 2.7
55.0 40.41 -25.72 2.5
55.0 40.41 -21.93 3.1
55.0 40.45 -37.54 2.8
55.0 40.47 -30.62 2.8
55.0 40.48 -26.91 2.9
55.0 40.49 -30.98 3.2
55.0 40.52 -34.37 3.3
55.0 40.55 -39.65 3.1
55.0 40.52 -20.21 3.0
55.0 40.53 -30.61 3.6
55.0 40.55 -35.94 3.3
55.0 40.57 -36.27 3.3
55.0 40.60 -40.58 3.5
55.0 40.62 -39.90 3.5
55.0 40.64 -41.43 3.8
55.0 40.70 -53.88 4.3
55.0 40.70 -36.97 4.1
55.0 40.72 -42.73 4.3
55.0 40.73 -42.96 4.3
55.0 40.73 -39.16 4.3
55.0 40.70 -24.89 4.4
55.0 40.70 -38.64 4.5
55.0 40.76 -58.84 4.3
55.0 40.76 -37.73 4.6
55.0 40.75 -39.62 4.7
55.0 40.75 -39.59 5.0
55.0 40.75 -39.55 5.0
55.0 40.73 -29.30 4.8
55.0 40.74 -43.15 4.8
55.0 40.76 -47.36 4.9
55.0 40.76 -39.68 5.0
55.0 40.81 -58.67 5.0
55.0 40.83 -52.56 5.4
55.0 40.87 -57.01 5.4
55.0 40.88 -47.46 5.6
55.0 40.92 -61.75 5.6
55.0 40.84 -22.35 5.8
55.0 40.85 -49.12 5.4
55.0 40.83 -34.78 5.8
55.0 40.83 -46.96 5.4
55.0 40.84 -47.03 5.7
55.0 40.91 -68.22 5.5
55.0 40.90 -46.19 5.8
55.0 40.92 -54.13 5.9
55.0 40.90 -42.33 6.4
55.0 40.88 -39.52 6.1
55.0 40.88 -45.76 6.2
55.0 40.95 -73.99 5.9
55.0 40.93 -40.17 6.1
55.0 40.92 -46.54 6.1
55.0 40.92 -50.41 6.5
55.0 40.93 -50.45 6.3
55.0 41.01 -77.73 6.3
55.0 41.06 -72.03 6.5
55.0 41.07 -60.69 6.6
55.0 41.07 -56.84 6.8
55.0 41.06 -49.96 6.9
55.0 41.04 -52.61 6.7
55.0 40.98 -32.42 7.2
55.0 40.98 -48.89 6.3
55.0 40.96 -47.32 6.5
55.0 40.95 -47.09 7.0
55.0 40.95 -50.91 6.9
55.0 40.94 -44.34 6.5
55.0 40.94 -50.73 6.7
55.0 41.01 -75.03 6.6
55.0 40.99 -45.06 6.4
55.0 40.99 -51.57 7.0
55.0 40.98 -51.50 6.9
55.0 41.06 -79.81 6.9
55.0 41.05 -49.85 6.7
55.0 41.05 -56.51 7.2
55.0 41.03 -48.49 7.8
55.0 41.05 -62.08 7.1
55.0 41.04 -52.58 6.9
55.0 41.06 -60.47 7.1
55.0 41.08 -64.73 7.2
55.0 41.02 -33.42 6.7
55.0 41.00 -48.04 7.3
55.0 41.01 -55.79 7.1
55.0 41.00 -51.86 7.1
55.0 40.94 -28.34 7.2
55.0 40.93 -46.76 6.7
55.0 40.89 -34.58 6.9
55.0 40.87 -35.25 7.1
55.0 40.86 -45.46 6.5
55.0 40.85 -41.40 6.3
55.0 40.87 -53.25 6.5
55.0 40.86 -39.15 6.4
55.0 40.85 -41.31 6.0
55.0 40.88 -57.20 6.2
55.0 40.87 -43.41 6.3
55.0 40.87 -45.60 6.5
55.0 40.89 -53.59 6.5
55.0 40.87 -41.85 6.3
55.0 40.87 -43.37 6.4
55.0 40.87 -47.76 7.0
55.0 40.94 -72.75 6.3
55.0 40.94 -48.40 6.1
55.0 40.94 -50.76 6.7
55.0 40.92 -42.74 6.6
55.0 40.86 -26.43 6.3
55.0 40.86 -43.20 6.5
55.0 40.81 -29.35 6.2
55.0 40.77 -28.60 6.3
55.0 40.84 -63.10 5.9
55.0 40.85 -48.97 6.0
55.0 40.85 -45.14 6.5
55.0 40.82 -37.12 6.1
55.0 40.74 -9.57 6.1
55.0 40.75 -41.67 5.8
55.0 40.74 -35.52 6.0
55.0 40.77 -51.38 5.6
55.0 40.77 -37.88 5.9
55.0 40.77 -43.81 5.2
55.0 40.77 -39.92 5.9
55.0 40.76 -33.71 6.0
55.0 40.71 -23.65 5.6
55.0 40.70 -34.86 5.6
55.0 40.78 -66.97 5.4
55.0 40.78 -38.02 5.4
55.0 40.74 -27.98 5.3
55.0 40.73 -35.36 5.8
55.0 40.71 -29.03 5.2
55.0 40.73 -46.85 5.4
55.0 40.71 -31.22 5.4
55.0 40.70 -34.87 5.6
55.0 40.70 -37.02 5.0
55.0 40.69 -32.79 5.4
55.0 40.60 -3.73 5.5
55.0 40.61 -30.16 5.0
55.0 40.61 -33.15 4.7
55.0 40.65 -49.24 4.8
55.0 40.63 -25.95 4.0
55.0 40.61 -23.64 5.0
55.0 40.60 -29.17 5.0
55.0 40.58 -25.03 4.4
55.0 40.57 -27.16 4.6
55.0 40.57 -28.60 4.8
55.0 40.62 -48.56 4.5
55.0 40.57 -17.39 4.6
55.0 40.57 -27.10 4.2
55.0 40.55 -24.54 4.2
55.0 40.55 -28.26 4.2
55.0 40.55 -28.20 4.3
55.0 40.52 -18.45 4.2
55.0 40.50 -19.78 4.1
55.0 40.48 -19.41 4.3
55.0 40.46 -17.62 4.1
55.0 40.46 -22.77 4.0
55.0 40.43 -14.73 3.8
55.0 40.40 -10.33 3.7
55.0 40.38 -12.43 3.5
55.0 40.35 -9.43 3.6
55.0 40.30 0.54 3.6
55.0 40.30 -13.86 3.0
55.0 40.29 -12.13 3.2
55.0 40.28 -11.95 3.0
55.0 40.28 -15.77 2.8
55.0 40.26 -6.87 2.6
55.0 40.27 -14.29 2.6
55.0 40.25 -8.51 3.1
55.0 40.23 -5.55 2.4
55.0 40.21 -2.13 2.3
55.0 40.18 -0.91 2.0
55.0 40.19 -10.21 2.1
55.0 40.14 6.67 2.0
55.0 40.11 9.30 1.8
55.0 40.11 -8.78 1.5
55.0 40.11 -4.43 2.0
55.0 40.10 -0.61 2.0
55.0 40.09 0.00 1.7
55.0 40.08 0.10 1.6
55.0 40.08 -4.11 1.5
55.0 40.09 -8.43 1.4
55.0 40.06 7.89 1.5
55.0 40.04 4.64 1.3
55.0 40.04 -3.79 1.5
55.0 40.00 12.55 1.2
55.0 39.95 21.73 1.1
55.0 39.95 1.15 1.3
55.0 39.89 27.06 1.3
55.0 39.89 5.08 2.0
55.0 39.86 17.64 1.5
55.0 39.87 1.42 1.5
55.0 39.86 9.29 1.4
55.0 39.86 4.79 1.3
55.0 39.87 0.38 1.3
55.0 39.84 17.35 1.1
55.0 39.84 5.12 1.5
55.0 39.85 5.12 1.3
55.0 39.81 22.33 1.1
55.0 39.82 1.64 0.7
55.0 39.83 5.13 1.2
55.0 39.82 9.10 1.1
55.0 39.82 9.33 1.3
55.0 39.82 5.14 1.3
55.0 39.84 0.26 1.3
55.0 39.82 13.50 1.0
55.0 39.81 9.59 0.8
55.0 39.81 9.33 0.7
55.0 39.79 13.44 0.9
55.0 39.81 0.95 1.0
55.0 39.81 9.62 1.1
55.0 39.78 17.83 0.5
55.0 39.74 25.71 1.1
55.0 39.75 5.19 1.1
55.0 39.74 13.56 1.1
55.0 39.72 17.92 1.1
55.0 39.71 17.76 1.6
55.0 39.69 18.09 1.9
55.0 39.70 10.17 1.7
55.0 39.69 13.60 1.6
55.0 39.68 18.14 1.6
55.0 39.67 17.79 1.6
55.0 39.62 30.18 1.6
55.0 39.62 17.83 1.6
55.0 39.62 14.50 1.4
55.0 39.59 26.16 1.5
55.0 39.59 18.59 1.8
55.0 39.59 18.61 2.0
55.0 39.59 13.68 1.6
55.0 39.59 19.34 1.8
55.0 39.57 22.03 1.6
55.0 39.56 22.03 1.9
55.0 39.55 22.72 1.9
55.0 39.54 22.77 1.8
55.0 39.55 14.84 2.0
55.0 39.52 30.37 2.2
55.0 39.51 22.07 2.0
55.0 39.52 19.99 2.2
55.0 39.50 26.24 2.2
55.0 39.52 15.02 2.4
55.0 39.52 17.91 2.1
55.0 39.49 31.37 2.0
55.0 39.47 30.41 2.4
55.0 39.45 26.27 2.3
55.0 39.46 20.47 2.6
55.0 39.38 55.20 2.5
55.0 39.36 31.49 2.8
55.0 39.35 30.50 3.3
55.0 39.29 51.34 3.0
55.0 39.29 27.92 3.3
55.0 39.31 22.23 3.1
55.0 39.33 19.87 3.2
55.0 39.32 31.69 3.2
55.0 39.32 27.76 3.7
55.0 39.26 51.18 3.2
55.0 39.27 26.42 3.1
55.0 39.27 33.37 3.3
55.0 39.25 34.71 3.5
55.0 39.25 32.04 3.6
55.0 39.23 39.96 3.2
55.0 39.21 38.88 3.7
55.0 39.22 28.27 3.9
55.0 39.18 47.14 4.1
55.0 39.28 -0.41 3.9
55.0 39.29 26.40 3.7
55.0 39.27 35.84 3.7
55.0 39.25 38.85 3.2
55.0 39.27 24.12 3.9
55.0 39.25 35.94 3.7
55.0 39.24 34.72 3.5
55.0 39.24 32.09 3.9
55.0 39.24 32.10 3.8
55.0 39.25 26.43 4.0
55.0 39.21 47.85 4.0
55.0 39.20 34.76 3.9
55.0 39.21 30.14 4.2
55.0 39.23 26.45 3.8
55.0 39.22 34.74 3.9
55.0 39.23 30.00 4.5
55.0 39.22 34.74 3.9
55.0 39.22 32.19 3.8
55.0 39.21 34.75 3.4
55.0 39.17 48.99 4.1
55.0 39.17 34.78 3.9
55.0 39.14 43.05 4.6
55.0 39.17 24.59 3.6
55.0 39.17 36.36 4.1
55.0 39.19 28.45 4.3
55.0 39.15 47.17 4.2
55.0 39.15 34.80 4.2
55.0 39.17 30.55 4.1
55.0 39.18 26.48 4.5
55.0 39.18 36.31 4.1
55.0 39.15 44.23 4.2
55.0 39.18 24.55 3.6
55.0 39.18 34.77 4.3
55.0 39.16 38.92 4.3
55.0 39.16 38.04 4.1
55.0 39.14 38.93 4.3
55.0 39.10 52.26 4.3
55.0 39.13 26.53 4.3
55.0 39.10 44.47 4.1
55.0 39.14 24.76 4.4
55.0 39.14 34.80 4.6
55.0 39.15 32.55 4.0
55.0 39.06 67.90 4.1
55.0 39.07 34.86 4.6
55.0 39.05 44.72 4.7
55.0 39.05 40.84 4.6
55.0 39.05 40.86 4.5
55.0 39.05 39.01 5.2
55.0 39.04 40.88 4.6
55.0 39.06 32.97 4.5
55.0 39.08 30.71 4.3
55.0 39.07 40.73 4.5
55.0 39.07 38.99 4.9
55.0 39.05 46.35 4.7
55.0 39.05 39.00 4.5
55.0 39.07 30.72 5.1
55.0 39.12 20.93 4.8
55.0 39.11 40.56 4.8
55.0 39.08 48.48 5.0
55.0 39.05 47.24 4.6
55.0 39.06 38.91 4.6
55.0 39.07 34.86 5.1
55.0 39.08 30.71 4.7
55.0 39.09 36.75 4.9
55.0 39.09 36.73 4.3
55.0 39.12 28.79 4.5
55.0 39.13 30.67 4.4
55.0 39.13 34.81 4.2
55.0 39.13 38.29 4.3
55.0 39.12 38.95 4.6
55.0 39.10 44.50 4.8
55.0 39.08 43.10 4.5
55.0 39.10 34.88 4.6
55.0 39.09 38.97 4.3
55.0 39.05 51.35 4.6
55.0 39.09 25.00 5.2
55.0 39.09 36.73 3.9
55.0 39.11 32.75 4.6
55.0 39.13 26.52 4.3
55.0 39.13 36.54 5.0
55.0 39.13 36.54 4.4
55.0 39.12 38.95 4.6
55.0 39.12 36.59 5.2
55.0 39.12 36.59 4.4
55.0 39.13 30.67 4.6
55.0 39.11 44.43 4.1
55.0 39.14 26.52 4.3
55.0 39.16 30.65 4.0
55.0 39.16 30.65 3.9
55.0 39.17 32.44 4.3
55.0 39.17 34.78 4.4
55.0 39.14 44.29 4.1
55.0 39.12 44.40 4.3
55.0 39.13 30.67 4.5
55.0 39.14 34.48 4.5
55.0 39.14 34.80 4.2
55.0 39.16 26.50 4.3
55.0 39.21 16.54 4.4
55.0 39.21 32.23 4.1
55.0 39.23 28.25 4.1
55.0 39.26 18.11 4.1
55.0 39.28 24.07 3.9
55.0 39.27 31.93 4.0
55.0 39.30 18.08 3.1
55.0 39.31 27.86 3.8
55.0 39.31 26.39 3.5
55.0 39.34 17.80 2.6
55.0 39.36 18.03 3.7
55.0 39.37 22.18 3.3
55.0 39.35 36.34 4.0
55.0 39.33 34.66 3.4
55.0 39.33 27.74 3.7
55.0 39.34 22.21 3.3
55.0 39.33 32.81 3.5
55.0 39.33 26.37 3.5
55.0 39.38 5.48 3.8
55.0 39.44 1.24 3.6
55.0 39.43 26.29 3.1
55.0 39.38 43.09 3.0
55.0 39.37 30.49 3.1
55.0 39.39 18.01 3.7
55.0 39.41 17.18 3.3
55.0 39.43 17.98 3.3
55.0 39.44 19.33 3.3
55.0 39.44 22.13 3.6
55.0 39.45 19.27 3.0
55.0 39.47 15.23 2.7
55.0 39.48 17.94 2.6
55.0 39.46 31.68 2.7
55.0 39.50 5.39 2.7
55.0 39.51 12.41 2.7
55.0 39.52 18.95 2.5
55.0 39.51 22.91 2.6
55.0 39.53 14.97 2.5
55.0 39.52 22.07 3.2
55.0 39.52 18.93 2.5
55.0 39.56 6.92 2.6
55.0 39.53 25.75 2.3
55.0 39.54 18.85 2.4
55.0 39.54 17.89 2.4
55.0 39.54 19.78 2.3
55.0 39.53 22.06 2.7
55.0 39.54 13.72 2.5
55.0 39.62 -9.28 2.4
55.0 39.62 14.49 2.2
55.0 39.63 14.47 1.7
55.0 39.63 13.65 2.2
55.0 39.64 11.39 2.0
55.0 39.63 17.82 2.2
55.0 39.63 17.82 2.1
55.0 39.63 14.46 1.8
55.0 39.63 14.44 2.0
55.0 39.67 2.41 1.8
55.0 39.69 4.16 2.0
55.0 39.70 8.64 1.8
55.0 39.69 14.15 2.4
55.0 39.67 21.95 1.7
55.0 39.72 -5.80 1.9
55.0 39.74 5.20 2.0
55.0 39.75 5.19 1.6
55.0 39.77 0.98 1.6
55.0 39.79 0.09 1.5
55.0 39.80 5.15 1.5
55.0 39.81 5.15 1.4
55.0 39.83 0.21 1.1
55.0 39.86 -7.50 1.3
55.0 39.86 5.10 1.0
55.0 39.87 1.38 1.6
55.0 39.89 0.43 1.1
55.0 39.89 0.47 1.1
55.0 39.89 5.08 0.9
55.0 39.85 21.81 0.9
55.0 39.84 9.31 1.3
55.0 39.86 -3.29 1.1
55.0 39.88 0.90 1.0
55.0 39.89 1.32 0.9
55.0 39.91 -3.95 1.3
55.0 39.91 0.87 0.7
55.0 39.92 0.87 0.9
55.0 39.86 25.95 0.8
55.0 39.87 1.38 0.5
55.0 39.93 -17.32 0.9
55.0 39.93 1.54 0.9
55.0 39.93 5.04 0.9
55.0 39.93 0.60 0.9
55.0 39.96 -7.57 0.8
55.0 39.96 0.96 1.3
55.0 39.98 -8.14 0.8
55.0 39.99 -3.18 1.1
55.0 40.05 -20.71 0.7
55.0 40.05 -4.03 0.9
55.0 40.04 0.40 0.8
55.0 40.04 0.46 0.9
55.0 40.05 -8.31 0.8
55.0 40.06 -3.99 0.7
55.0 40.07 -8.16 0.7
55.0 40.10 -17.01 0.9
55.0 40.10 -4.92 0.9
55.0 40.11 -8.74 1.1
55.0 40.14 -17.36 0.9
55.0 40.15 -9.50 0.7
55.0 40.14 -5.17 0.7
55.0 40.11 3.13 1.0
55.0 40.10 0.42 1.0
55.0 40.09 0.47 0.9
55.0 40.10 -8.56 0.9
55.0 40.11 -8.61 1.1
55.0 40.13 -12.95 0.9
55.0 40.13 -9.06 0.5
55.0 40.14 -9.39 1.0
55.0 40.10 8.23 0.8
55.0 40.12 -13.09 0.9
55.0 40.13 -9.20 0.8
55.0 40.15 -13.22 1.3
55.0 40.17 -17.55 0.9
55.0 40.18 -9.63 1.1
55.0 40.18 -10.07 1.3
55.0 40.20 -17.96 1.3
55.0 40.19 -5.85 1.3
55.0 40.24 -30.58 1.3
55.0 40.23 -7.23 1.3
55.0 40.22 -10.32 1.4
55.0 40.22 -10.27 1.3
55.0 40.23 -14.80 1.3
55.0 40.26 -22.90 1.2
55.0 40.24 -6.57 1.6
55.0 40.19 5.97 1.5
55.0 40.23 -22.38 1.5
55.0 40.23 -14.88 1.6
55.0 40.25 -18.66 1.5
55.0 40.27 -19.27 1.7
55.0 40.23 0.28 1.5
55.0 40.25 -18.12 1.6
55.0 40.24 -11.23 1.8
55.0 40.25 -14.61 1.7
55.0 40.26 -19.60 1.5
55.0 40.28 -19.03 2.4
55.0 40.31 -27.69 2.0
55.0 40.31 -16.31 1.8
55.0 40.39 -44.66 2.0
55.0 40.39 -21.51 2.4
55.0 40.39 -20.61 2.4
55.0 40.39 -22.54 2.2
55.0 40.37 -12.39 2.4
55.0 40.39 -25.27 2.2
55.0 40.41 -29.51 2.6
55.0 40.41 -21.92 2.4
55.0 40.40 -16.75 3.1
55.0 40.37 -8.35 2.6
55.0 40.40 -33.20 2.5
55.0 40.36 -4.30 2.6
55.0 40.36 -16.14 3.0
55.0 40.35 -16.07 2.6
55.0 40.34 -14.06 2.3
55.0 40.35 -24.09 2.8
55.0 40.34 -11.90 2.3
55.0 40.32 -13.79 2.4
55.0 40.32 -15.65 2.4
55.0 40.33 -20.43 2.8
55.0 40.32 -11.60 2.4
55.0 40.34 -24.86 2.2
55.0 40.34 -19.96 2.4
55.0 40.35 -20.05 2.3
55.0 40.37 -25.56 2.8
55.0 40.37 -20.34 2.0
55.0 40.41 -33.25 2.7
55.0 40.41 -20.85 2.7
55.0 40.40 -19.05 2.6
55.0 40.39 -16.58 2.7
55.0 40.40 -25.52 2.4
55.0 40.38 -13.80 3.0
55.0 40.37 -16.36 2.7
55.0 40.36 -17.30 2.8
55.0 40.34 -7.91 2.8
55.0 40.33 -16.72 2.6
55.0 40.34 -19.92 2.5
55.0 40.34 -16.79 2.6
55.0 40.36 -24.69 2.4
55.0 40.35 -16.05 2.5
55.0 40.33 -12.96 1.9
55.0 40.33 -15.79 2.5
55.0 40.34 -21.32 2.5
55.0 40.36 -24.14 2.4
55.0 40.35 -17.04 2.2
55.0 40.32 -7.74 2.8
55.0 40.33 -20.49 2.3
55.0 40.33 -15.77 2.4
55.0 40.35 -24.02 2.3
55.0 40.34 -17.85 2.5
55.0 40.30 0.57 2.6
55.0 40.32 -23.24 2.4
55.0 40.32 -15.59 2.0
55.0 40.30 -13.38 2.3
55.0 40.32 -19.56 1.8
55.0 40.34 -23.84 2.0
55.0 40.34 -21.41 1.8
55.0 40.35 -20.04 2.7
55.0 40.33 -12.95 1.8
55.0 40.33 -15.78 2.2
55.0 40.35 -25.16 2.5
55.0 40.34 -15.98 2.6
55.0 40.35 -20.06 2.5
55.0 40.37 -25.57 2.9
55.0 40.35 -12.07 2.4
55.0 40.33 -12.97 2.6
55.0 40.32 -11.66 2.3
55.0 40.34 -24.95 2.4
55.0 40.33 -11.73 2.4
55.0 40.32 -16.53 2.4
55.0 40.33 -19.79 2.4
55.0 40.31 -8.70 2.4
55.0 40.29 -7.19 2.4
55.0 40.25 -1.56 2.4
55.0 40.25 -11.38 2.0
55.0 40.25 -14.71 2.0
55.0 40.22 0.50 2.2
55.0 40.22 -13.53 1.8
55.0 40.23 -14.85 1.7
55.0 40.25 -18.96 1.8
55.0 40.23 -6.47 1.8
55.0 40.25 -18.66 1.9
55.0 40.25 -11.32 2.0
55.0 40.25 -15.20 1.8
55.0 40.23 -6.48 1.8
55.0 40.23 -10.40 1.8
55.0 40.24 -14.95 2.2
55.0 40.22 -6.31 1.8
55.0 40.28 -35.17 1.5
55.0 40.26 -7.91 1.8
55.0 40.26 -10.78 1.8
55.0 40.24 -6.57 1.8
55.0 40.26 -18.75 2.2
55.0 40.21 4.38 1.7
55.0 40.21 -8.98 1.8
55.0 40.19 -5.93 1.8
55.0 40.19 -9.90 1.6
55.0 40.19 -9.41 1.3
55.0 40.15 6.55 1.6
55.0 40.17 -13.29 1.6
55.0 40.17 -10.31 1.6
55.0 40.16 -5.46 1.5
55.0 40.16 -9.48 1.6
55.0 40.16 -4.85 1.4
55.0 40.18 -17.70 1.5
55.0 40.16 -2.26 1.5
55.0 40.15 -4.83 1.5
55.0 40.15 -5.75 1.6
55.0 40.13 -0.41 1.4
55.0 40.10 3.26 1.3
55.0 40.09 0.45 1.3
55.0 40.09 -4.25 1.1
55.0 40.09 -4.48 1.1
55.0 40.10 -8.55 1.3
55.0 40.09 -0.49 1.0
55.0 40.09 -4.45 1.0
55.0 40.09 -4.22 0.9
55.0 40.09 -4.44 0.7
55.0 40.09 -4.22 1.1
55.0 40.08 -0.71 0.9
55.0 40.07 0.18 0.9
55.0 40.06 0.60 0.8
55.0 40.07 -8.28 0.7
55.0 40.04 8.09 0.6
55.0 40.06 -8.14 0.7
55.0 40.07 -8.26 0.7
55.0 40.12 -21.35 0.9
55.0 40.11 -5.43 1.0
55.0 39.99 42.39 0.9
55.0 40.00 -3.24 1.2
55.0 39.99 4.77 1.1
55.0 39.98 5.01 1.3
55.0 39.97 5.19 1.1
55.0 39.97 0.74 1.1
55.0 39.96 4.92 1.0
55.0 39.96 0.71 1.1
55.0 39.94 9.54 1.0
55.0 39.96 -3.36 1.2
55.0 39.97 -3.05 0.9
55.0 39.96 4.92 0.8
55.0 39.95 5.13 1.0
55.0 39.91 18.30 0.8
55.0 39.92 1.45 1.1
55.0 39.91 4.99 0.9
55.0 39.91 5.07 0.9
55.0 39.89 9.37 0.9
55.0 39.88 9.27 0.7
55.0 39.89 0.89 1.3
55.0 39.89 4.91 0.8
55.0 39.89 5.09 0.8
55.0 39.89 5.09 0.8
55.0 39.89 4.89 0.8
55.0 39.91 -3.32 0.7
55.0 39.90 5.07 0.8
55.0 39.89 9.23 0.6
55.0 39.89 4.89 0.6
55.0 39.90 0.47 0.5
55.0 39.90 0.88 0.7
55.0 39.89 9.27 0.6
55.0 39.80 38.41 0.7
55.0 39.80 9.34 1.3
55.0 39.80 9.01 1.1
55.0 39.81 1.68 0.9
55.0 39.81 9.06 0.9
55.0 39.80 13.44 0.9
55.0 39.79 9.70 0.8
55.0 39.79 9.35 1.0
55.0 39.74 26.04 1.0
55.0 39.74 13.57 1.4
55.0 39.73 13.96 0.9
55.0 39.77 -6.07 1.5
55.0 39.78 5.17 1.2
55.0 39.78 9.35 1.1
55.0 39.78 8.95 1.3
55.0 39.78 9.76 1.3
55.0 39.77 13.34 1.0
55.0 39.76 13.55 0.8
55.0 39.74 18.03 1.1
55.0 39.73 13.57 0.9
55.0 39.73 10.00 1.6
55.0 39.74 9.39 1.3
55.0 39.71 21.92 1.8
55.0 39.71 10.10 1.4
55.0 39.67 30.25 1.3
55.0 39.65 18.27 1.8
55.0 39.68 6.33 1.5
55.0 39.67 13.00 1.5
55.0 39.64 26.19 1.5
55.0 39.61 26.15 1.3
55.0 39.59 23.02 1.7
55.0 39.60 13.67 1.4
55.0 39.62 9.48 2.0
55.0 39.64 5.28 1.8
55.0 39.62 21.99 1.8
55.0 39.60 26.42 1.4
55.0 39.58 22.02 1.8
55.0 39.58 18.65 2.0
55.0 39.58 18.66 2.0
55.0 39.57 17.86 2.0
55.0 39.59 10.69 2.2
55.0 39.52 42.39 2.0
55.0 39.53 18.90 2.2
55.0 39.52 22.07 1.9
55.0 39.58 -3.07 2.3
55.0 39.57 19.48 2.0
55.0 39.57 17.86 2.1
55.0 39.56 22.67 2.1
55.0 39.56 17.87 2.0
55.0 39.55 22.73 2.0
55.0 39.53 26.76 2.0
55.0 39.53 17.90 2.3
55.0 39.52 22.86 2.4
55.0 39.49 30.84 3.0
55.0 39.50 19.04 2.4
55.0 39.42 51.06 2.3
55.0 39.43 19.37 2.8
55.0 39.40 35.20 2.7
55.0 39.44 9.62 2.6
55.0 39.45 17.96 2.8
55.0 39.47 15.24 2.6
55.0 39.46 26.27 2.6
55.0 39.46 23.18 2.6
55.0 39.47 17.95 2.7
55.0 39.46 24.18 2.6
55.0 39.49 9.58 2.4
55.0 39.51 12.40 2.4
55.0 39.48 30.89 2.5
55.0 39.45 34.97 2.6
55.0 39.46 19.24 2.8
55.0 39.47 17.94 2.7
55.0 39.39 50.81 2.8
55.0 39.39 27.45 2.7
55.0 39.39 22.17 2.5
55.0 39.35 43.27 2.8
55.0 39.39 11.71 3.0
55.0 39.41 15.52 2.9
55.0 39.35 47.00 3.0
55.0 39.36 22.19 3.0
55.0 39.39 17.36 3.1
55.0 39.41 17.99 2.8
55.0 39.40 27.37 2.8
55.0 39.41 22.16 3.1
55.0 39.38 36.07 2.8
55.0 39.40 18.00 3.1
55.0 39.40 22.16 3.1
55.0 39.41 23.43 3.2
55.0 39.36 43.22 3.0
55.0 39.39 15.66 3.4
55.0 39.41 13.82 2.6
55.0 39.43 19.39 3.0
55.0 39.43 23.31 3.1
55.0 39.44 17.97 1.9
55.0 39.45 19.26 2.9
55.0 39.44 27.18 2.6
55.0 39.42 31.19 2.8
55.0 39.45 13.79 2.8
55.0 39.50 1.20 2.9
55.0 39.49 23.00 2.8
55.0 39.48 26.25 2.8
55.0 39.46 27.06 2.7
55.0 39.48 13.76 3.3
55.0 39.53 3.07 2.8
55.0 39.53 22.06 2.6
55.0 39.52 22.07 2.8
55.0 39.51 22.92 2.8
55.0 39.50 22.95 2.6
55.0 39.48 30.40 2.9
55.0 39.46 27.07 2.6
55.0 39.40 46.90 2.4
55.0 39.39 27.42 3.3
55.0 39.42 13.81 3.1
55.0 39.45 9.61 2.6
55.0 39.45 23.20 2.8
55.0 39.42 34.58 2.8
55.0 39.41 27.32 3.4
55.0 39.43 17.98 2.8
55.0 39.43 24.50 2.6
55.0 39.44 17.97 2.6
55.0 39.43 26.29 2.7
55.0 39.46 11.33 2.8
55.0 39.51 7.17 2.7
55.0 39.49 26.25 2.8
55.0 39.46 30.41 2.8
55.0 39.47 19.17 2.6
55.0 39.45 31.06 2.9
55.0 39.43 30.44 2.9
55.0 39.47 7.34 2.3
55.0 39.48 17.94 2.6
55.0 39.48 22.10 2.6
55.0 39.51 11.12 2.8
55.0 39.50 22.08 2.7
55.0 39.49 23.91 2.7
55.0 39.50 17.92 2.4
55.0 39.50 22.99 2.5
55.0 39.51 13.74 2.6
55.0 39.52 18.96 2.4
55.0 39.52 18.94 2.6
55.0 39.51 22.07 2.6
55.0 39.52 18.96 2.6
55.0 39.52 18.94 2.4
55.0 39.49 30.39 2.2
55.0 39.48 27.01 2.6
55.0 39.47 23.10 2.8
55.0 39.45 31.05 2.6
55.0 39.45 22.12 2.8
55.0 39.43 31.16 2.6
55.0 39.42 27.29 2.8
55.0 39.43 17.97 2.9
55.0 39.40 35.20 2.6
55.0 39.39 30.47 2.9
55.0 39.40 21.01 3.1
55.0 39.38 34.62 3.0
55.0 39.36 30.49 2.9
55.0 39.40 11.64 3.1
55.0 39.46 3.44 3.0
55.0 39.47 17.94 2.9
55.0 39.48 17.94 3.0
55.0 39.44 35.00 2.8
55.0 39.44 23.25 3.0
55.0 39.48 9.59 2.8
55.0 39.49 13.76 2.8
55.0 39.48 27.00 2.6
55.0 39.46 27.07 2.8
55.0 39.51 5.38 2.6
55.0 39.50 21.21 2.6
55.0 39.50 20.10 2.6
55.0 39.58 -11.50 2.6
55.0 39.58 19.41 2.5
55.0 39.60 9.50 2.6
55.0 39.65 -3.12 2.4
55.0 39.68 2.34 2.5
55.0 39.69 8.62 2.2
55.0 39.63 34.41 2.0
55.0 39.64 14.42 2.2
55.0 39.64 13.64 2.4
55.0 39.71 -9.70 2.0
55.0 39.70 13.60 1.8
55.0 39.71 10.83 1.9
55.0 39.68 21.94 2.2
55.0 39.65 26.12 2.0
55.0 39.67 7.42 2.1
55.0 39.68 8.58 2.4
55.0 39.67 17.79 2.0
55.0 39.67 13.62 2.1
55.0 39.67 14.94 2.1
55.0 39.65 17.80 2.0
55.0 39.65 13.63 2.0
55.0 39.66 14.33 1.2
55.0 39.69 2.31 1.8
55.0 39.70 9.42 1.8
55.0 39.67 21.84 2.0
55.0 39.67 13.62 1.9
55.0 39.68 11.08 1.9
55.0 39.69 9.43 1.8
55.0 39.71 5.23 1.6
55.0 39.71 8.70 1.7
55.0 39.72 9.40 1.8
55.0 39.69 21.93 1.5
55.0 39.67 21.95 1.6
55.0 39.64 22.25 1.7
55.0 39.67 6.37 2.1
55.0 39.73 -13.55 1.9
55.0 39.72 14.42 2.1
55.0 39.71 18.01 1.8
55.0 39.73 2.08 1.8
55.0 39.70 21.96 1.4
55.0 39.72 5.22 1.8
55.0 39.72 14.03 1.6
55.0 39.69 21.94 1.9
55.0 39.69 14.18 1.7
55.0 39.74 -7.40 1.6
55.0 39.72 18.19 1.5
55.0 39.71 13.59 1.5
55.0 39.72 9.40 1.8
55.0 39.75 -3.20 1.5
55.0 39.75 13.88 1.6
55.0 39.73 17.91 1.4
55.0 39.73 9.39 1.8
55.0 39.71 17.57 1.8
55.0 39.72 10.73 1.7
55.0 39.73 5.21 2.0
55.0 39.79 -11.66 1.4
55.0 39.80 6.27 1.5
55.0 39.81 4.60 1.6
55.0 39.80 9.34 1.6
55.0 39.80 9.01 1.5
55.0 39.86 -14.46 1.3
55.0 39.90 -10.69 1.5
55.0 39.88 13.22 1.1
55.0 39.85 17.32 2.2
55.0 39.79 29.39 1.5
55.0 39.80 1.73 1.7
55.0 39.80 9.02 1.5
55.0 39.81 4.61 1.3
55.0 39.81 5.64 1.5
55.0 39.83 0.24 1.1
55.0 39.80 17.68 1.3
55.0 39.79 13.53 1.5
55.0 39.80 5.73 1.1
55.0 39.82 0.95 1.4
55.0 39.81 9.06 1.3
55.0 39.82 5.14 1.6
55.0 39.87 -11.72 1.3
55.0 39.90 -6.68 1.3
55.0 39.90 5.24 1.6
55.0 39.90 0.50 1.1
55.0 39.90 5.21 1.1
55.0 39.90 4.93 1.1
55.0 39.90 4.92 1.0
55.0 39.89 5.08 0.9
55.0 39.89 5.08 1.0
55.0 39.90 0.88 0.9
55.0 39.89 9.34 0.9
55.0 39.90 0.47 0.9
55.0 39.88 9.25 0.9
55.0 39.89 0.46 0.1
55.0 39.92 -7.55 0.8
55.0 39.93 0.86 0.5
55.0 39.93 0.86 0.7
55.0 39.93 5.05 0.7
55.0 39.94 -3.82 0.7
55.0 39.94 5.04 0.7
55.0 39.93 5.05 0.8
55.0 39.95 -3.81 0.6
55.0 39.94 5.03 0.9
55.0 39.94 0.85 0.9
55.0 39.96 -3.36 0.6
55.0 39.96 0.84 0.9
55.0 39.95 5.13 0.6
55.0 40.00 -15.14 0.5
55.0 39.99 0.79 0.7
55.0 39.94 21.74 0.6
55.0 39.94 0.85 0.7
55.0 39.92 13.43 0.7
55.0 39.93 -2.87 0.5
55.0 39.92 9.25 0.7
55.0 39.92 0.87 0.7
55.0 39.93 0.86 0.7
55.0 39.93 0.61 0.7
55.0 39.95 -3.36 0.6
55.0 39.94 5.04 0.5
55.0 39.97 -7.02 0.5
55.0 39.98 -3.38 0.6
55.0 39.99 -3.39 0.7
55.0 39.99 0.82 0.7
55.0 39.99 0.81 0.6
55.0 40.00 -3.39 0.6
55.0 39.97 9.20 0.5
55.0 39.91 27.13 0.5
55.0 39.92 1.45 0.3
55.0 39.91 4.99 0.7
55.0 39.92 0.87 0.7
55.0 39.95 -8.27 0.6
55.0 39.91 17.01 0.9
55.0 39.91 1.18 0.7
55.0 39.92 0.57 0.7
55.0 39.94 -3.35 0.7
55.0 39.95 -2.97 1.1
55.0 39.97 -3.37 0.7
55.0 39.98 -3.10 0.6
55.0 39.94 16.87 0.5
55.0 39.95 -2.96 0.8
55.0 39.95 0.84 0.7
55.0 39.96 0.69 0.7
55.0 39.97 -3.06 0.5
55.0 39.98 -3.38 0.8
55.0 39.97 4.87 0.7
55.0 40.02 -21.66 0.6
55.0 40.01 4.03 0.9
55.0 40.02 -3.68 0.7
55.0 40.04 -7.93 0.7
55.0 40.03 0.35 0.9
55.0 40.04 -3.72 0.6
55.0 40.04 -3.77 0.7
55.0 40.06 -8.12 0.5
55.0 40.06 -3.94 0.5
55.0 40.06 -4.17 0.7
55.0 40.06 -3.99 0.7
55.0 40.07 -4.13 0.9
55.0 40.08 -8.29 0.7
55.0 40.05 8.74 0.3
55.0 40.05 -3.88 0.7
55.0 40.06 -3.91 0.7
55.0 40.05 -0.16 0.5
55.0 40.04 0.43 0.7
55.0 40.05 -3.81 0.6
55.0 40.10 -24.61 0.5
55.0 40.11 -8.88 0.7
55.0 40.10 -0.63 0.9
55.0 40.09 -0.01 0.8
55.0 40.09 -4.42 0.7
55.0 40.09 -4.42 0.9
55.0 40.07 4.39 0.6
55.0 40.06 0.28 1.2
55.0 40.06 -3.87 0.7
55.0 40.06 -4.19 0.6
55.0 40.07 -4.00 0.7
55.0 40.07 -4.02 0.8
55.0 40.06 -0.36 0.6
55.0 40.06 -3.96 0.6
55.0 40.06 -4.10 0.5
55.0 40.07 -4.01 0.5
55.0 40.09 -12.42 0.6
55.0 40.07 3.22 0.8
55.0 40.06 0.60 0.9
55.0 40.05 0.33 0.6
55.0 40.05 -3.90 0.5
55.0 40.06 -3.93 0.5
55.0 40.06 -4.06 0.7
55.0 40.07 -8.29 0.7
55.0 40.08 -4.43 0.5
55.0 40.07 0.19 0.5
55.0 40.10 -16.98 0.5
55.0 40.11 -8.71 0.0
55.0 40.11 -4.70 0.5
55.0 40.09 -0.56 0.9
55.0 40.08 0.03 0.8
55.0 40.09 -8.50 0.6
55.0 40.09 -4.26 0.6
55.0 40.09 -4.26 0.6
55.0 40.09 -4.49 0.7
55.0 40.07 3.74 0.6
55.0 40.06 0.24 0.4
55.0 40.06 -3.88 0.5
55.0 40.06 0.29 0.8
55.0 40.10 -20.57 0.5
55.0 40.09 -0.49 0.7
55.0 40.07 3.78 0.8
55.0 40.08 -8.43 0.7
55.0 40.07 -0.57 0.6
55.0 40.07 -4.06 0.7
55.0 40.07 -4.08 0.7
55.0 40.04 8.08 0.7
55.0 40.05 -3.83 0.6
55.0 40.04 0.20 0.7
55.0 40.02 5.21 0.6
55.0 40.02 0.77 0.5
55.0 40.02 0.55 0.5
55.0 40.01 0.80 0.5
55.0 40.02 -3.69 0.3
55.0 40.02 0.55 0.7
55.0 40.02 -3.60 0.4
55.0 39.99 12.69 0.5
55.0 40.00 -3.39 0.6
55.0 39.96 12.29 0.5
55.0 39.93 13.41 0.4
55.0 39.93 5.05 0.7
55.0 39.92 5.06 0.8
55.0 39.95 -7.57 0.7
55.0 39.94 5.01 1.1
55.0 39.97 -8.21 0.6
55.0 39.97 0.83 0.5
55.0 39.99 -7.13 0.7
55.0 39.99 0.81 0.7
55.0 40.02 -12.01 0.7
55.0 40.03 -3.58 0.6
55.0 39.98 16.66 0.6
55.0 39.98 0.86 0.9
55.0 39.98 0.78 0.6
55.0 39.98 0.82 0.7
55.0 39.98 0.82 0.2
55.0 39.98 0.78 0.5
55.0 39.98 0.82 0.5
55.0 39.97 5.19 0.5
55.0 39.97 0.91 0.3
55.0 39.97 0.75 0.5
55.0 39.96 5.17 0.5
55.0 39.96 0.83 0.0
55.0 39.99 -7.60 0.4
55.0 39.99 0.83 0.4
55.0 40.00 -3.63 0.4
55.0 39.99 0.81 0.5
55.0 39.94 20.79 0.4
55.0 39.93 5.05 0.3
55.0 39.93 5.05 0.1
55.0 39.92 5.02 0.4
55.0 39.92 5.06 0.6
55.0 39.91 5.06 0.4
55.0 39.90 9.38 0.4
55.0 39.91 0.51 0.6
55.0 39.90 5.20 0.5
55.0 39.91 0.52 0.7
55.0 39.90 9.26 0.6
55.0 39.90 0.50 0.4
55.0 39.90 5.07 0.5
55.0 39.91 0.88 0.6
55.0 39.91 4.96 0.5
55.0 39.91 0.87 0.9
55.0 39.94 -7.56 0.5
55.0 39.93 5.05 0.4
55.0 39.93 5.05 0.5
55.0 39.93 0.61 0.6
55.0 39.96 -6.98 0.6
55.0 39.95 5.04 0.6
55.0 39.97 -8.17 0.7
55.0 39.96 4.79 0.5
55.0 39.96 5.14 0.2
55.0 39.94 9.23 0.5
55.0 39.93 5.05 0.5
55.0 39.90 13.44 0.5
55.0 39.88 13.22 0.5
55.0 39.89 0.89 0.6
55.0 39.89 5.08 0.6
55.0 39.89 5.09 0.6
55.0 39.86 13.69 0.7
55.0 39.85 9.40 0.7
55.0 39.92 -21.85 0.6
55.0 39.89 12.70 1.1
55.0 39.87 13.46 0.9
55.0 39.87 5.10 0.8
55.0 39.86 9.29 0.7
55.0 39.83 17.66 1.3
55.0 39.83 5.54 1.0
55.0 39.82 13.52 1.1
55.0 39.80 13.52 1.0
55.0 39.82 2.34 1.2
55.0 39.78 22.24 1.1
55.0 39.77 13.76 1.5
55.0 39.79 0.97 1.2
55.0 39.77 17.71 1.1
55.0 39.79 1.81 1.1
55.0 39.77 13.37 1.3
55.0 39.77 9.79 1.1
55.0 39.78 5.16 1.0
55.0 39.79 4.55 1.1
55.0 39.83 -7.48 1.1
55.0 39.84 5.53 1.0
55.0 39.86 -3.29 0.9
55.0 39.85 9.30 1.0
55.0 39.82 17.97 0.8
55.0 39.81 13.68 1.3
55.0 39.84 -7.49 1.3
55.0 39.84 9.48 1.1
55.0 39.81 17.92 1.1
55.0 39.80 9.96 1.0
55.0 39.81 4.62 1.3
55.0 39.79 17.84 1.2
55.0 39.75 21.72 0.5
55.0 39.71 25.85 1.3
55.0 39.69 18.07 1.5
55.0 39.72 1.02 1.4
55.0 39.78 -13.37 1.4
55.0 39.76 17.96 1.2
55.0 39.73 21.91 1.5
55.0 39.74 6.00 1.5
55.0 39.73 13.22 1.3
55.0 39.74 9.98 1.0
55.0 39.75 5.19 1.5
55.0 39.73 17.64 1.2
55.0 39.73 9.99 1.5
55.0 39.72 17.75 1.4
55.0 39.68 26.10 1.3
55.0 39.72 -1.81 1.8
55.0 39.69 22.01 1.5
55.0 39.69 14.16 1.5
55.0 39.70 9.42 1.8
55.0 39.75 -9.01 1.7
55.0 39.73 18.12 1.5
55.0 39.71 17.76 1.7
55.0 39.74 2.07 1.6
55.0 39.75 4.39 1.6
55.0 39.75 9.38 1.6
55.0 39.74 13.56 1.4
55.0 39.76 5.19 1.3
55.0 39.78 0.98 1.5
55.0 39.77 13.54 1.3
55.0 39.76 13.55 1.2
55.0 39.72 21.85 1.5
55.0 39.71 17.76 1.4
55.0 39.65 33.66 1.6
55.0 39.68 1.05 1.6
55.0 39.71 1.03 1.5
55.0 39.70 17.51 1.5
55.0 39.72 2.13 1.6
55.0 39.72 13.58 1.4
55.0 39.70 17.76 1.3
55.0 39.67 26.10 1.5
55.0 39.66 13.62 1.4
55.0 39.65 17.80 1.5
55.0 39.63 22.31 1.5
55.0 39.61 22.40 1.7
55.0 39.63 10.51 1.8
55.0 39.62 17.82 1.9
55.0 39.63 13.65 1.7
55.0 39.63 15.26 1.7
55.0 39.63 13.65 2.4
55.0 39.68 -1.61 1.6
55.0 39.67 17.79 1.7
55.0 39.64 22.59 1.5
55.0 39.64 13.64 1.8
55.0 39.66 9.45 1.7
55.0 39.64 21.98 2.1
55.0 39.67 2.40 1.7
55.0 39.67 13.62 1.7
55.0 39.68 9.43 1.6
55.0 39.63 30.28 1.7
55.0 39.63 18.41 2.0
55.0 39.62 17.83 1.8
55.0 39.62 14.49 1.7
55.0 39.61 22.44 1.9
55.0 39.62 9.48 1.9
55.0 39.61 17.83 1.8
55.0 39.61 17.84 1.8
55.0 39.62 11.56 2.4
55.0 39.67 -3.14 2.0
55.0 39.66 17.80 1.8
55.0 39.65 18.30 1.6
55.0 39.64 18.35 2.0
55.0 39.63 18.39 1.6
55.0 39.62 17.82 1.7
55.0 39.56 38.30 1.9
55.0 39.54 26.69 1.7
55.0 39.54 17.89 2.1
55.0 39.61 -5.23 2.2
55.0 39.60 18.53 2.0
55.0 39.61 14.57 2.0
55.0 39.58 26.17 2.6
55.0 39.55 30.35 2.0
55.0 39.54 23.54 2.2
55.0 39.53 22.06 1.7
55.0 39.53 18.89 2.0
55.0 39.52 22.07 2.4
55.0 39.56 8.42 3.0
55.0 39.62 -9.47 2.3
55.0 39.65 5.27 2.2
55.0 39.63 21.99 2.5
55.0 39.63 14.46 2.3
55.0 39.60 26.39 2.0
55.0 39.60 17.84 1.9
55.0 39.59 17.85 2.2
55.0 39.59 19.36 2.2
55.0 39.58 17.85 2.3
55.0 39.57 22.62 2.2
55.0 39.57 18.70 2.6
55.0 39.58 13.69 2.1
55.0 39.55 26.62 2.3
55.0 39.56 13.70 2.2
55.0 39.57 15.75 2.2
55.0 39.55 26.20 2.4
55.0 39.54 22.05 2.0
55.0 39.55 14.84 2.6
55.0 39.58 6.78 2.3
55.0 39.56 26.19 2.3
55.0 39.56 17.87 2.4
55.0 39.54 26.70 1.7
55.0 39.55 14.85 2.2
55.0 39.55 17.88 2.6
55.0 39.56 14.80 1.7
55.0 39.57 14.75 2.2
55.0 39.57 18.69 2.4
55.0 39.63 -7.32 2.3
55.0 39.61 21.99 2.2
55.0 39.63 11.53 2.1
55.0 39.62 17.82 2.6
55.0 39.60 22.46 2.0
55.0 39.61 13.67 1.7
55.0 39.56 34.45 1.8
55.0 39.58 9.51 2.0
55.0 39.56 25.84 2.0
55.0 39.50 38.59 1.9
55.0 39.52 15.00 2.4
55.0 39.57 2.91 2.4
55.0 39.56 17.03 2.8
55.0 39.58 9.51 2.1
55.0 39.61 6.64 2.2
55.0 39.61 17.18 2.1
55.0 39.63 6.54 1.8
55.0 39.65 8.46 1.6
55.0 39.62 26.15 1.8
55.0 39.59 26.45 2.0
55.0 39.60 13.68 2.3
55.0 39.61 11.66 1.8
55.0 39.61 17.84 2.0
55.0 39.60 17.84 2.3
55.0 39.64 2.55 1.9
55.0 39.64 13.64 2.0
55.0 39.63 18.38 1.7
55.0 39.65 9.46 1.7
55.0 39.64 17.29 1.8
55.0 39.64 15.17 1.8
55.0 39.68 -3.15 1.8
55.0 39.66 22.17 1.8
55.0 39.65 17.80 1.8
55.0 39.64 18.89 2.0
55.0 39.65 9.45 1.8
55.0 39.68 -0.30 1.8
55.0 39.65 26.14 1.8
55.0 39.64 18.34 1.7
55.0 39.62 22.36 1.8
55.0 39.63 13.65 1.8
55.0 39.70 -13.69 1.8
55.0 39.71 10.80 2.0
55.0 39.70 13.59 1.6
55.0 39.71 10.11 1.8
55.0 39.71 14.08 1.6
55.0 39.70 13.59 1.5
55.0 39.71 10.12 1.8
55.0 39.70 13.59 1.4
55.0 39.70 14.64 1.6
55.0 39.67 21.95 1.6
55.0 39.66 18.24 1.8
55.0 39.61 34.44 1.8
55.0 39.62 10.54 1.9
55.0 39.62 18.46 2.0
55.0 39.62 13.66 1.8
55.0 39.62 15.30 1.7
55.0 39.63 13.65 1.9
55.0 39.63 13.65 1.5
55.0 39.61 22.41 2.0
55.0 39.59 26.46 1.9
55.0 39.60 10.64 1.5
55.0 39.61 13.67 1.9
55.0 39.64 6.53 2.1
55.0 39.63 17.82 1.8
55.0 39.65 5.27 1.6
55.0 39.66 9.44 1.8
55.0 39.68 4.15 2.3
55.0 39.68 14.20 1.8
55.0 39.67 17.79 1.6
55.0 39.58 46.82 1.8
55.0 39.58 18.64 1.6
55.0 39.59 14.66 2.0
55.0 39.62 6.62 1.9
55.0 39.64 4.00 1.6
55.0 39.63 17.28 1.7
55.0 39.61 22.84 2.4
55.0 39.62 13.66 2.0
55.0 39.69 -9.62 1.9
55.0 39.71 6.18 1.8
55.0 39.66 30.61 1.7
55.0 39.68 6.31 1.8
55.0 39.68 13.01 1.8
55.0 39.68 14.84 1.8
55.0 39.69 9.43 2.0
55.0 39.70 4.22 1.7
55.0 39.70 13.60 1.6
55.0 39.70 14.13 1.8
55.0 39.70 10.15 2.4
55.0 39.70 13.60 1.5
55.0 39.70 9.41 1.6
55.0 39.75 -5.96 1.5
55.0 39.73 17.74 1.4
55.0 39.73 13.98 1.6
55.0 39.71 17.76 1.6
55.0 39.73 6.92 1.6
55.0 39.74 4.36 1.6
55.0 39.73 13.21 1.3
55.0 39.74 9.98 1.4
55.0 39.74 9.39 1.4
55.0 39.75 4.40 1.6
55.0 39.74 13.56 1.1
55.0 39.73 13.57 1.6
55.0 39.73 14.39 1.9
55.0 39.75 1.00 1.5
55.0 39.75 9.38 1.3
55.0 39.75 9.37 1.4
55.0 39.81 -13.26 1.4
55.0 39.79 13.79 1.3
55.0 39.82 -3.26 0.9
55.0 39.79 21.32 1.3
55.0 39.78 9.35 1.1
55.0 39.75 22.13 1.6
55.0 39.77 1.88 1.3
55.0 39.77 9.36 1.4
55.0 39.77 9.36 1.5
55.0 39.75 17.71 1.4
55.0 39.73 17.74 1.3
55.0 39.71 18.25 1.4
55.0 39.73 5.21 2.1
55.0 39.72 13.58 1.6
55.0 39.73 9.40 1.3
55.0 39.73 9.39 1.5
55.0 39.74 5.20 1.6
55.0 39.75 8.83 1.4
55.0 39.75 9.38 1.4
55.0 39.76 5.19 1.5
55.0 39.79 -4.37 1.2
55.0 39.79 9.71 1.1
55.0 39.80 4.57 1.3
55.0 39.81 5.68 0.9
55.0 39.81 4.62 1.3
55.0 39.80 13.45 0.9
55.0 39.80 5.69 1.1
55.0 39.81 5.14 0.8
55.0 39.83 0.94 0.9
55.0 39.83 4.70 1.0
55.0 39.84 4.71 0.8
55.0 39.87 -6.55 0.9
55.0 39.88 0.90 0.7
55.0 39.89 0.46 0.9
55.0 39.88 9.28 0.8
55.0 39.88 5.09 0.7
55.0 39.85 17.65 1.0
55.0 39.91 -20.21 0.7
55.0 39.89 12.77 1.1
55.0 39.89 5.08 0.7
55.0 39.87 9.30 1.0
55.0 39.86 9.29 1.0
55.0 39.86 5.10 1.0
55.0 39.90 -8.46 0.9
55.0 39.88 9.24 0.9
55.0 39.88 4.88 0.9
55.0 39.85 17.30 0.9
55.0 39.86 0.91 0.7
55.0 39.87 0.40 1.0
55.0 39.87 5.09 0.9
55.0 39.87 5.10 1.3
55.0 39.88 0.89 0.9
55.0 39.89 0.47 0.8
55.0 39.89 4.91 0.9
55.0 39.90 1.25 0.3
55.0 39.94 -12.78 0.7
55.0 39.94 1.21 0.0
55.0 39.97 -8.19 0.7
55.0 39.95 8.92 0.9
55.0 39.93 9.24 0.8
55.0 39.93 5.03 0.7
55.0 39.93 0.86 0.7
55.0 39.92 5.05 0.7
55.0 39.92 5.01 0.7
55.0 39.97 -16.03 0.6
55.0 39.96 4.92 1.0
55.0 39.93 12.97 0.8
55.0 39.92 5.06 0.7
55.0 39.90 13.82 1.0
55.0 39.88 9.25 0.7
55.0 39.88 5.09 1.0
55.0 39.94 -16.00 0.9
55.0 39.92 9.08 0.9
55.0 39.91 4.99 0.9
55.0 39.92 1.15 0.8
55.0 39.92 5.00 0.9
55.0 39.92 0.87 0.8
55.0 39.93 0.59 0.8
55.0 39.92 5.06 0.7
55.0 39.93 0.86 0.7
55.0 39.93 0.61 0.8
55.0 39.95 -3.36 0.6
55.0 39.95 1.00 0.6
55.0 40.00 -17.06 0.5
55.0 40.00 0.76 0.7
55.0 40.03 -12.07 0.5
55.0 40.01 4.27 0.7
55.0 40.00 5.30 0.7
55.0 39.98 5.25 0.5
55.0 39.98 0.84 0.5
55.0 39.97 5.21 0.7
55.0 39.97 0.83 0.6
55.0 39.97 0.76 0.6
55.0 39.97 0.82 0.5
55.0 39.99 -3.39 0.3
55.0 39.97 5.02 0.2
55.0 39.95 9.22 0.5
55.0 39.96 0.84 0.5
55.0 39.92 18.31 0.5
55.0 39.92 1.15 0.5
55.0 39.93 0.59 0.6
55.0 39.92 5.10 0.5
55.0 39.93 0.59 0.6
55.0 39.93 0.61 0.5
55.0 39.93 5.05 0.5
55.0 39.93 0.86 0.9
55.0 39.94 0.62 0.5
40.0 39.94 0.85 0.4
40.0 39.95 0.65 0.3
40.0 39.94 5.03 0.3
40.0 39.94 0.64 0.3
40.0 39.95 0.65 0.3
40.0 39.95 0.84 0.3
40.0 
40.0 39.93 141.13 0.1
40.0 39.93 35.57 0.4
40.0 39.94 -47.89 0.0
40.0 39.90 117.43 0.2
40.0 39.90 9.94 0.5
40.0 39.89 9.34 1.2
40.0 39.86 13.47 1.6
40.0 39.90 -7.53 1.3
40.0 39.90 1.23 1.3
40.0 39.90 5.07 1.1
40.0 39.90 4.94 1.2
40.0 39.87 13.46 1.0
40.0 39.87 5.34 0.7
40.0 39.81 31.17 1.0
40.0 39.78 17.62 1.6
40.0 39.78 9.35 1.3
40.0 39.78 9.76 1.1
40.0 39.82 -8.73 1.3
40.0 39.80 17.69 1.3
40.0 39.81 1.68 1.2
40.0 39.85 -7.49 1.1
40.0 39.84 9.45 1.1
40.0 39.86 0.33 1.3
40.0 39.78 35.47 1.1
40.0 39.79 6.32 1.1
40.0 39.80 4.58 1.3
40.0 39.82 0.95 1.5
40.0 39.80 13.51 1.3
40.0 39.79 13.52 1.2
40.0 39.80 5.73 1.3
40.0 39.79 9.00 1.3
40.0 39.78 13.71 0.5
40.0 39.75 21.89 1.1
40.0 39.78 -3.22 0.9
40.0 39.78 9.77 1.5
40.0 39.77 13.54 1.2
40.0 39.78 5.82 0.9
40.0 39.74 22.11 1.2
40.0 39.74 13.57 1.3
40.0 39.75 6.70 1.2
40.0 39.75 8.85 1.8
40.0 39.75 9.38 1.3
40.0 39.79 -4.39 1.3
40.0 39.77 13.74 1.3
40.0 39.76 13.80 1.5
40.0 39.75 13.55 1.2
40.0 39.77 1.88 1.5
40.0 39.77 9.36 1.3
40.0 39.77 8.92 1.1
40.0 39.77 9.36 1.4
40.0 39.73 26.47 1.1
40.0 39.71 18.25 1.6
40.0 39.71 13.59 1.5
40.0 39.67 26.05 0.7
40.0 39.69 6.26 1.8
40.0 39.73 -4.60 1.5
40.0 39.71 17.98 1.3
40.0 39.71 13.59 1.3
40.0 39.69 18.43 1.5
40.0 39.73 -3.19 1.6
40.0 39.72 13.58 1.6
40.0 39.74 6.02 1.4
40.0 39.73 13.57 1.5
40.0 39.73 9.99 1.3
40.0 39.77 -4.45 1.3
40.0 39.77 9.36 1.3
40.0 39.76 13.82 1.2
40.0 39.77 5.18 1.4
40.0 39.78 5.17 1.3
40.0 39.75 22.12 1.5
40.0 39.75 9.92 1.4
40.0 39.75 9.38 1.4
40.0 39.72 22.02 1.3
40.0 39.71 14.04 1.5
40.0 39.72 10.07 1.0
40.0 39.73 5.20 1.5
40.0 39.73 13.57 1.4
40.0 39.71 17.75 1.3
40.0 39.69 18.41 1.1
40.0 39.67 21.95 1.3
40.0 39.67 13.62 1.7
40.0 39.66 18.74 2.2
40.0 39.65 17.80 1.6
40.0 39.65 14.37 1.6
40.0 39.65 13.63 1.4
40.0 39.66 11.24 1.6
40.0 39.66 13.63 1.6
40.0 39.64 21.97 1.6
40.0 39.65 10.40 1.7
40.0 39.65 14.34 1.1
40.0 39.61 30.26 1.9
40.0 39.62 13.66 1.8
40.0 39.64 5.28 1.7
40.0 39.64 14.39 1.5
40.0 39.66 9.45 1.6
40.0 39.63 21.98 1.7
40.0 39.65 9.46 1.8
40.0 39.64 17.81 1.5
40.0 39.64 14.40 1.2
40.0 39.64 13.64 1.5
40.0 39.61 26.58 1.7
40.0 39.66 -3.13 1.8
40.0 39.67 10.31 1.8
40.0 39.67 13.62 1.6
40.0 39.68 10.27 2.2
40.0 39.67 18.21 1.7
40.0 39.65 17.80 1.6
40.0 39.67 10.33 2.4
40.0 39.67 14.28 1.6
55.0 39.66 13.62 2.0
55.0 39.70 2.27 1.8
55.0 39.68 17.46 1.7
55.0 39.69 10.98 1.7
55.0 39.69 13.60 1.6
55.0 39.68 13.61 1.0
55.0 
55.0 39.67 255.00 1.5
55.0 39.66 193.65 2.4
55.0 39.66 153.44 1.8
55.0 39.66 153.44 2.5
55.0 39.68 182.49 3.1
55.0 39.69 255.00 5.0
55.0 39.62 255.00 7.1
55.0 39.61 255.00 8.2
55.0 39.61 255.00 10.0
55.0 39.59 255.00 11.6
55.0 39.60 255.00 13.4
55.0 39.60 255.00 14.6
55.0 39.63 255.00 15.2
55.0 39.56 255.00 16.3
55.0 39.56 255.00 18.0
55.0 39.57 255.00 18.9
55.0 39.57 255.00 19.9
55.0 39.60 255.00 20.5
55.0 39.57 255.00 21.5
55.0 39.58 255.00 21.8
55.0 39.58 255.00 22.4
55.0 39.48 255.00 23.4
55.0 39.50 255.00 23.5
55.0 39.52 255.00 24.0
55.0 39.52 255.00 24.5
55.0 39.52 255.00 25.0
55.0 39.55 255.00 25.3
55.0 39.60 255.00 25.3
55.0 39.60 255.00 25.5
55.0 39.66 255.00 25.9
55.0 39.74 255.00 26.3
55.0 39.86 255.00 25.6
55.0 39.84 255.00 26.6
55.0 39.85 255.00 26.7
55.0 39.83 255.00 26.9
55.0 39.81 255.00 27.0
55.0 39.83 255.00 27.1
55.0 39.81 255.00 27.5
55.0 39.80 255.00 27.1
55.0 39.74 255.00 27.2
55.0 39.74 255.00 27.1
55.0 39.70 255.00 27.1
55.0 39.76 255.00 27.5
55.0 39.86 255.00 28.3
55.0 39.92 255.00 28.2
55.0 39.92 255.00 27.5
55.0 39.94 255.00 27.7
55.0 39.94 255.00 27.6
55.0 39.93 255.00 27.7
55.0 39.91 255.00 27.5
55.0 39.90 255.00 27.5
55.0 39.90 255.00 27.7
55.0 39.94 255.00 27.5
55.0 39.90 255.00 28.0
55.0 39.93 255.00 27.1
55.0 39.96 255.00 27.7
55.0 39.97 255.00 27.8
55.0 39.92 255.00 27.0
55.0 39.96 255.00 28.0
55.0 40.01 255.00 27.1
55.0 39.92 255.00 27.4
55.0 39.94 255.00 27.3
55.0 39.97 255.00 27.3
55.0 40.00 255.00 27.3
55.0 40.03 255.00 27.2
55.0 40.07 255.00 27.3
55.0 40.09 255.00 27.1
55.0 40.12 255.00 27.2
55.0 40.18 255.00 27.0
55.0 40.17 255.00 26.8
55.0 40.18 255.00 26.8
55.0 40.18 255.00 27.3
55.0 40.19 255.00 27.1
55.0 40.13 255.00 27.3
55.0 40.22 255.00 26.2
55.0 40.33 255.00 27.3
55.0 40.32 255.00 27.1
55.0 40.38 255.00 26.5
55.0 40.42 255.00 26.9
55.0 40.46 255.00 26.3
55.0 40.50 255.00 27.1
55.0 40.48 255.00 26.1
55.0 40.62 255.00 26.4
55.0 40.66 255.00 27.1
55.0 40.66 255.00 25.2
55.0 40.74 255.00 27.2
55.0 40.80 255.00 26.4
55.0 40.84 255.00 26.2
55.0 40.89 255.00 26.2
55.0 40.93 255.00 26.1
55.0 40.97 255.00 26.2
55.0 41.00 255.00 26.0
55.0 41.07 255.00 26.0
55.0 41.13 255.00 26.2
55.0 41.17 255.00 26.1
55.0 41.22 255.00 26.0
55.0 41.28 255.00 26.0
55.0 41.35 255.00 26.1
55.0 41.38 255.00 26.0
55.0 41.44 255.00 25.8
55.0 41.46 255.00 25.9
55.0 41.49 255.00 25.4
55.0 41.54 255.00 25.4
55.0 41.57 255.00 25.5
55.0 41.61 255.00 25.6
55.0 41.62 255.00 25.4
55.0 41.72 255.00 24.4
55.0 41.85 255.00 26.0
55.0 41.83 255.00 26.1
55.0 41.83 255.00 25.2
55.0 41.89 255.00 24.9
55.0 41.98 255.00 24.9
55.0 42.07 255.00 25.2
55.0 42.16 255.00 25.4
55.0 42.21 255.00 25.5
55.0 42.24 255.00 25.3
55.0 42.31 255.00 25.1
55.0 42.42 255.00 24.8
55.0 42.54 255.00 24.8
55.0 42.63 255.00 25.1
55.0 42.68 255.00 25.4
55.0 42.70 255.00 25.4
55.0 42.73 255.00 25.2
55.0 42.78 255.00 24.5
55.0 42.92 255.00 24.5
55.0 43.05 255.00 25.0
55.0 43.10 255.00 25.6
55.0 43.09 255.00 25.0
55.0 43.15 255.00 24.2
55.0 43.25 255.00 24.3
55.0 43.43 255.00 24.1
55.0 43.63 255.00 24.6
55.0 43.68 255.00 24.6
55.0 43.70 255.00 25.8
55.0 43.66 255.00 25.9
55.0 43.68 255.00 25.6
55.0 43.71 255.00 23.9
55.0 43.81 255.00 24.0
55.0 43.87 255.00 24.5
55.0 43.94 255.00 24.5
55.0 44.01 255.00 24.5
55.0 44.09 255.00 24.5
55.0 44.19 255.00 24.5
55.0 44.29 255.00 24.5
55.0 44.38 255.00 24.2
55.0 44.47 255.00 24.4
55.0 44.55 255.00 24.3
55.0 44.67 255.00 24.4
55.0 44.75 255.00 24.3
55.0 44.83 255.00 24.4
55.0 44.92 255.00 24.3
55.0 45.00 255.00 24.3
55.0 45.09 255.00 24.3
55.0 45.16 255.00 24.3
55.0 45.25 255.00 24.3
55.0 45.32 255.00 24.2
55.0 45.40 255.00 24.2
55.0 45.48 255.00 24.2
55.0 45.56 255.00 24.2
55.0 45.62 255.00 24.1
55.0 45.72 255.00 24.1
55.0 45.79 255.00 24.0
55.0 45.89 255.00 23.9
55.0 45.97 255.00 23.9
55.0 46.06 255.00 24.0
55.0 46.15 255.00 24.0
55.0 46.22 255.00 23.9
55.0 46.30 255.00 23.9
55.0 46.40 255.00 23.9
55.0 46.48 255.00 23.9
55.0 46.57 255.00 23.4
55.0 46.66 255.00 23.8
55.0 46.75 255.00 23.8
55.0 46.83 255.00 23.8
55.0 46.98 255.00 23.7
55.0 47.08 255.00 23.7
55.0 47.15 255.00 23.7
55.0 47.25 255.00 23.7
55.0 47.33 255.00 23.7
55.0 47.42 255.00 23.7
55.0 47.52 255.00 23.6
55.0 47.59 255.00 23.6
55.0 47.68 255.00 23.7
55.0 47.76 255.00 23.5
55.0 47.88 255.00 23.5
55.0 47.97 255.00 23.6
55.0 48.06 255.00 23.6
55.0 48.14 255.00 23.7
55.0 48.24 255.00 23.5
55.0 48.34 255.00 23.5
55.0 48.41 255.00 23.5
55.0 48.49 255.00 23.4
55.0 48.57 255.00 23.4
55.0 48.65 255.00 23.5
55.0 48.73 249.17 23.5
55.0 48.79 255.00 23.4
55.0 48.90 247.78 23.2
55.0 48.99 251.08 23.2
55.0 49.09 227.57 23.3
55.0 49.17 244.39 23.2
55.0 49.25 238.93 23.0
55.0 49.34 233.40 23.0
55.0 49.42 219.96 22.8
55.0 49.51 239.08 22.6
55.0 49.59 213.86 21.9
55.0 49.67 220.42 23.2
55.0 49.73 224.08 21.4
55.0 49.83 197.69 22.6
55.0 49.90 213.08 21.5
55.0 49.94 210.75 21.2
55.0 50.04 209.27 21.1
55.0 50.13 185.55 21.5
55.0 50.32 157.87 20.9
55.0 50.41 184.15 20.5
55.0 50.50 178.42 20.2
55.0 50.62 157.34 19.8
55.0 50.66 185.45 19.6
55.0 50.75 170.81 18.9
55.0 50.88 150.82 19.2
55.0 50.95 154.36 18.4
55.0 51.05 153.27 17.8
55.0 51.15 147.40 17.6
55.0 51.26 127.32 17.6
55.0 51.37 144.08 17.7
55.0 51.49 115.47 16.6
55.0 51.60 123.02 16.6
55.0 51.69 118.63 15.9
55.0 51.70 156.35 15.6
55.0 51.69 147.78 15.5
55.0 51.81 111.02 14.9
55.0 51.92 109.67 15.5
55.0 52.07 88.74 14.3
55.0 52.15 92.59 13.9
55.0 52.20 109.20 13.6
55.0 52.35 75.59 13.3
55.0 52.49 59.16 12.5
55.0 52.49 111.53 12.5
55.0 52.61 72.28 12.4
55.0 52.65 90.27 11.6
55.0 52.72 73.98 11.6
55.0 52.76 89.48 11.2
55.0 52.88 51.89 11.0
55.0 52.98 51.39 10.6
55.0 53.08 51.17 9.7
55.0 53.16 50.47 9.9
55.0 53.26 39.19 9.9
55.0 53.35 33.66 8.7
55.0 53.45 32.84 8.6
55.0 53.54 32.41 8.5
55.0 53.59 39.19 8.0
55.0 53.63 42.76 7.5
55.0 53.71 21.88 7.4
55.0 53.83 13.50 7.1
55.0 53.90 21.74 6.8
55.0 53.98 10.09 6.4
55.0 54.09 5.97 6.0
55.0 54.14 12.90 5.8
55.0 54.24 1.56 5.0
55.0 54.20 43.58 5.0
55.0 54.29 1.30 4.9
55.0 54.38 -7.75 4.6
55.0 54.46 -7.81 4.6
55.0 54.57 -16.77 4.8
55.0 54.65 -9.48 4.8
55.0 54.66 10.48 4.6
55.0 54.74 -19.83 4.3
55.0 54.82 -18.03 4.8
55.0 54.87 -10.41 5.0
55.0 55.01 -47.36 4.8
55.0 55.08 -24.69 4.8
55.0 55.17 -37.00 5.6
55.0 55.25 -38.47 5.8
55.0 55.37 -57.98 5.8
55.0 55.35 -12.66 6.0
55.0 55.44 -52.47 6.1
55.0 55.49 -42.71 5.7
55.0 55.57 -55.22 6.9
55.0 55.61 -45.18 6.9
55.0 55.66 -51.49 7.0
55.0 55.65 -27.96 7.1
55.0 55.73 -63.46 7.3
55.0 55.80 -64.75 7.5
55.0 55.91 -82.81 7.6
55.0 55.97 -73.46 8.1
55.0 56.00 -63.16 7.8
55.0 56.12 -98.20 8.6
55.0 56.15 -69.00 9.1
55.0 56.21 -83.32 9.9
55.0 56.27 -84.29 9.5
55.0 56.34 -94.74 9.7
55.0 56.26 -41.14 10.1
55.0 56.36 -102.46 10.4
55.0 56.38 -90.27 10.3
55.0 56.46 -104.41 10.5
55.0 56.52 -105.80 11.0
55.0 56.62 -123.55 11.2
55.0 56.70 -120.51 11.7
55.0 56.76 -118.86 12.3
55.0 56.82 -127.69 12.7
55.0 56.78 -88.02 13.1
55.0 56.84 -120.65 12.9
55.0 56.88 -120.38 13.6
55.0 56.96 -137.67 14.7
55.0 57.21 -199.66 14.3
55.0 57.28 -156.07 14.7
55.0 57.32 -142.01 15.7
55.0 57.34 -142.72 16.2
55.0 57.37 -143.28 16.4
55.0 57.40 -155.15 16.3
55.0 57.48 -161.81 16.9
55.0 57.52 -157.66 17.0
55.0 57.60 -175.22 17.6
55.0 57.57 -144.03 18.1
55.0 57.62 -159.55 18.3
55.0 57.62 -161.94 18.6
55.0 57.68 -166.32 18.6
55.0 57.74 -179.13 19.0
55.0 57.90 -214.72 19.6
55.0 57.96 -183.54 19.8
55.0 58.05 -202.81 20.4
55.0 58.08 -187.99 20.7
55.0 58.10 -188.67 21.0
55.0 58.12 -181.80 20.7
55.0 58.03 -151.24 21.7
55.0 58.13 -210.21 21.6
55.0 58.15 -189.93 21.8
55.0 58.20 -194.39 22.0
55.0 58.21 -199.50 22.3
55.0 58.24 -189.87 22.3
55.0 58.06 -127.16 22.8
55.0 58.04 -171.59 22.4
55.0 58.10 -199.00 22.2
55.0 58.14 -187.58 22.8
55.0 58.38 -255.00 22.2
55.0 58.34 -175.88 23.0
55.0 58.44 -229.03 23.4
55.0 58.47 -214.27 23.6
55.0 58.51 -215.19 24.3
55.0 58.52 -201.77 24.3
55.0 58.54 -210.73 24.7
55.0 58.47 -183.12 24.3
55.0 58.49 -209.38 24.6
55.0 58.49 -195.49 25.5
55.0 58.55 -234.92 24.1
55.0 58.71 -255.00 24.3
55.0 58.83 -255.00 26.1
55.0 58.83 -223.64 26.0
55.0 58.66 -168.14 26.9
55.0 58.66 -204.92 26.3
55.0 58.70 -234.22 26.4
55.0 58.66 -193.93 26.2
55.0 58.56 -180.53 26.2
55.0 58.55 -205.99 25.9
55.0 58.55 -205.82 25.9
55.0 58.53 -190.94 25.7
55.0 58.52 -205.15 25.5
55.0 58.55 -216.36 25.8
55.0 58.58 -208.51 25.6
55.0 58.57 -206.43 26.0
55.0 58.48 -178.42 26.3
55.0 58.45 -192.90 25.4
55.0 58.42 -183.18 25.3
55.0 58.40 -200.28 25.2
55.0 58.36 -176.33 25.2
55.0 58.36 -195.49 24.4
55.0 58.22 -151.41 25.0
55.0 58.20 -181.14 24.5
55.0 58.18 -172.37 24.2
55.0 58.15 -182.91 24.1
55.0 58.15 -177.03 24.5
55.0 58.22 -207.41 23.9
55.0 58.18 -166.96 24.1
55.0 58.15 -182.85 23.8
55.0 58.13 -171.24 23.7
55.0 58.09 -167.88 23.8
55.0 57.95 -134.21 23.2
55.0 57.94 -169.07 22.8
55.0 57.97 -172.81 22.2
55.0 58.05 -209.44 22.9
55.0 58.06 -175.02 23.0
55.0 58.07 -182.78 22.8
55.0 58.10 -188.62 22.8
55.0 58.04 -161.56 22.3
55.0 57.82 -91.03 22.7
55.0 57.77 -149.35 22.0
55.0 57.73 -140.85 21.6
55.0 57.81 -186.04 21.2
55.0 57.72 -124.75 21.4
55.0 57.65 -143.54 21.0
55.0 57.65 -149.68 20.7
55.0 57.63 -145.39 20.4
55.0 57.66 -166.70 20.2
55.0 57.65 -151.08 20.3
55.0 57.53 -104.89 20.5
55.0 57.50 -143.55 19.9
55.0 57.44 -118.36 19.6
55.0 57.37 -111.57 18.9
55.0 57.37 -144.36 19.3
55.0 57.26 -93.60 18.3
55.0 57.17 -96.87 18.3
55.0 57.11 -94.47 17.6
55.0 56.98 -78.94 17.5
55.0 56.93 -85.62 17.0
55.0 56.86 -84.69 16.6
55.0 56.82 -88.84 15.5
55.0 56.72 -66.11 15.6
55.0 56.66 -69.84 15.3
55.0 56.61 -78.50 14.7
55.0 56.54 -62.30 14.1
55.0 56.51 -76.78 13.9
55.0 56.38 -32.85 14.4
55.0 56.30 -46.43 12.9
55.0 56.22 -44.64 12.5
55.0 56.19 -55.88 11.9
55.0 56.08 -30.81 11.3
55.0 56.10 -64.92 10.9
55.0 56.04 -40.61 10.6
55.0 55.97 -34.05 10.3
55.0 55.87 -16.68 9.9
55.0 55.85 -36.34 9.7
55.0 55.77 -16.25 9.1
55.0 55.71 -20.47 8.4
55.0 55.65 -11.27 7.9
55.0 55.57 -7.44 7.8
55.0 55.54 -13.22 7.1
55.0 55.50 -18.42 6.9
55.0 55.46 -8.65 6.6
55.0 55.40 -2.37 6.1
55.0 55.36 -1.68 6.0
55.0 55.31 0.59 5.5
55.0 55.21 24.66 5.1
55.0 55.17 7.74 5.2
55.0 55.16 -4.42 4.7
55.0 55.10 14.15 4.3
55.0 55.04 20.51 4.0
55.0 55.00 14.28 4.1
55.0 54.96 14.47 3.9
55.0 55.01 -19.11 3.7
55.0 54.96 19.92 4.1
55.0 54.95 3.51 3.6
55.0 54.89 26.72 3.5
55.0 54.78 49.62 3.6
55.0 54.72 31.98 3.9
55.0 54.66 32.25 3.7
55.0 54.61 32.49 3.7
55.0 54.55 38.43 3.5
55.0 54.52 32.74 4.2
55.0 54.41 59.60 4.0
55.0 54.34 49.97 3.9
55.0 54.27 55.67 3.9
55.0 54.19 61.37 4.1
55.0 54.14 51.89 4.4
55.0 54.02 83.84 4.6
55.0 54.03 33.13 4.7
55.0 53.99 57.06 5.0
55.0 53.88 84.02 4.9
55.0 53.89 41.46 5.2
55.0 53.86 55.99 5.7
55.0 53.79 73.93 5.6
55.0 53.73 74.24 6.1
55.0 53.67 72.98 6.0
55.0 53.54 106.50 5.8
55.0 53.47 87.93 6.5
55.0 53.41 86.32 6.8
55.0 53.36 84.35 6.9
55.0 53.33 78.82 7.3
55.0 53.30 84.53 7.1
55.0 53.27 78.87 7.4
55.0 53.24 81.92 7.7
55.0 53.15 106.53 7.8
55.0 53.10 101.17 8.3
55.0 53.03 106.65 8.4
55.0 53.09 61.52 8.6
55.0 53.05 96.61 8.6
55.0 53.04 84.60 8.9
55.0 53.05 77.62 8.9
55.0 53.03 84.61 9.0
55.0 52.99 98.86 9.1
55.0 52.90 119.99 8.8
55.0 52.88 94.20 9.6
55.0 52.84 104.80 9.6
55.0 52.73 133.69 9.9
55.0 52.66 124.61 9.6
55.0 52.63 111.02 10.6
55.0 52.57 129.38 10.8
55.0 52.52 130.04 11.0
55.0 52.51 111.31 11.3
55.0 52.45 135.49 11.2
55.0 52.38 140.95 12.1
55.0 52.38 122.56 12.1
55.0 52.31 137.39 12.7
55.0 52.23 156.34 12.6
55.0 52.09 172.79 12.9
55.0 52.03 154.54 13.5
55.0 51.99 150.48 14.3
55.0 51.98 141.42 14.4
55.0 51.92 155.32 14.6
55.0 51.90 141.05 14.7
55.0 51.85 166.90 14.6
55.0 51.79 161.28 14.6
55.0 51.68 186.10 15.5
55.0 51.59 182.72 16.1
55.0 51.66 131.60 16.1
55.0 51.58 177.36 16.2
55.0 51.60 157.97 16.4
55.0 51.57 158.41 16.6
55.0 51.48 188.54 16.6
55.0 51.44 169.09 17.0
55.0 51.45 169.09 17.1
55.0 51.41 169.37 17.2
55.0 51.38 169.67 16.6
55.0 51.24 219.31 17.8
55.0 51.21 175.88 17.9
55.0 51.13 201.88 18.1
55.0 51.14 167.02 18.5
55.0 51.08 205.06 18.5
55.0 51.06 182.02 18.8
55.0 51.04 185.13 18.9
55.0 51.02 189.91 19.1
55.0 51.03 180.84 18.5
55.0 50.94 206.45 19.6
55.0 51.00 176.45 19.8
55.0 50.92 201.94 19.7
55.0 50.91 183.29 19.4
55.0 50.94 177.39 19.8
55.0 50.96 181.73 20.1
55.0 50.98 176.88 19.7
55.0 50.95 187.64 20.4
55.0 50.83 234.32 19.4
55.0 50.83 184.01 19.5
55.0 50.87 178.32 20.0
55.0 50.86 191.90 20.0
55.0 50.83 201.24 19.4
55.0 50.86 174.31 20.3
55.0 50.80 210.53 20.2
55.0 50.77 201.97 20.4
55.0 50.73 211.48 20.4
55.0 50.67 208.88 20.5
55.0 50.66 203.49 20.7
55.0 50.70 185.01 20.8
55.0 50.68 194.74 20.8
55.0 50.67 203.31 20.9
55.0 50.62 217.27 21.3
55.0 50.70 171.33 19.9
55.0 50.81 150.80 20.5
55.0 50.78 209.90 20.6
55.0 50.76 194.05 20.5
55.0 50.79 183.81 20.5
55.0 50.77 202.05 20.3
55.0 50.75 202.34 20.6
55.0 50.71 199.15 20.7
55.0 50.70 194.62 20.6
55.0 50.68 211.58 20.6
55.0 50.67 194.88 20.5
55.0 50.66 203.48 20.7
55.0 50.62 212.84 20.9
55.0 50.61 204.05 20.9
55.0 50.62 190.63 21.5
55.0 50.61 212.73 20.8
55.0 50.45 252.07 21.3
55.0 50.39 228.93 21.9
55.0 50.31 230.49 21.1
55.0 50.46 176.47 20.8
55.0 50.51 182.17 21.3
55.0 50.50 201.07 21.4
55.0 50.57 192.01 21.4
55.0 50.61 181.28 21.1
55.0 50.64 190.22 20.8
55.0 50.67 189.84 20.9
55.0 50.70 189.49 20.5
55.0 50.69 194.72 20.7
55.0 50.67 203.28 20.5
55.0 50.69 194.17 20.5
55.0 50.71 189.34 20.4
55.0 50.74 180.14 20.3
55.0 50.74 202.06 20.2
55.0 50.79 170.15 20.3
55.0 50.77 202.08 20.4
55.0 50.84 160.16 20.3
55.0 50.81 201.53 19.8
55.0 50.81 192.59 20.0
55.0 50.84 174.49 19.6
55.0 50.86 191.56 19.6
55.0 50.94 154.47 19.6
55.0 50.97 177.09 19.7
55.0 51.02 167.34 19.1
55.0 51.05 171.47 19.3
55.0 51.08 162.77 19.0
55.0 51.12 166.02 18.4
55.0 51.13 174.98 18.2
55.0 51.14 174.87 17.9
55.0 51.12 176.69 18.5
55.0 51.08 193.66 18.4
55.0 51.15 156.58 18.2
55.0 51.20 152.18 18.3
55.0 51.23 172.71 18.2
55.0 51.29 141.66 17.9
55.0 51.27 177.74 17.8
55.0 51.29 156.11 17.9
55.0 51.33 166.70 17.7
55.0 51.37 145.80 16.7
55.0 51.38 162.73 17.2
55.0 51.42 153.11 17.4
55.0 51.47 147.91 16.9
55.0 51.53 134.72 17.0
55.0 51.61 132.30 16.6
55.0 51.65 141.02 16.4
55.0 51.70 128.29 16.1
55.0 51.70 154.22 16.1
55.0 51.72 144.78 15.8
55.0 51.78 130.15 15.9
55.0 51.87 107.14 15.6
55.0 51.90 139.81 15.1
55.0 51.95 121.24 14.7
55.0 51.98 127.53 14.9
55.0 52.02 120.61 14.9
55.0 51.99 151.55 14.7
55.0 52.07 105.41 14.5
55.0 52.08 124.95 14.6
55.0 52.12 127.50 13.8
55.0 52.25 78.85 13.8
55.0 52.23 128.47 13.3
55.0 52.27 114.63 13.4
55.0 52.33 104.45 13.2
55.0 52.38 97.64 13.3
55.0 52.39 112.38 12.8
55.0 52.48 88.28 12.7
55.0 52.55 86.19 12.1
55.0 52.58 90.44 12.3
55.0 52.64 85.38 11.5
55.0 52.62 110.30 11.8
55.0 52.68 85.06 11.5
55.0 52.71 89.74 11.5
55.0 52.84 53.29 11.7
55.0 52.92 67.84 11.6
55.0 53.02 51.19 10.7
55.0 52.97 105.66 10.5
55.0 53.04 66.80 10.2
55.0 53.02 88.27 9.3
55.0 53.14 39.82 10.2
55.0 53.15 75.82 9.4
55.0 53.21 55.57 9.9
55.0 53.25 56.47 9.1
55.0 53.27 65.94 8.7
55.0 53.32 55.05 8.6
55.0 53.39 39.35 8.4
55.0 53.39 65.33 8.0
55.0 53.43 54.50 8.0
55.0 53.47 48.91 7.8
55.0 53.53 39.23 7.1
55.0 53.62 21.95 7.4
55.0 53.71 30.19 7.2
55.0 53.80 16.04 6.7
55.0 53.85 30.85 6.6
55.0 53.85 44.67 6.1
55.0 53.84 54.56 6.3
55.0 53.91 21.73 5.9
55.0 53.98 15.90 5.8
55.0 54.04 19.02 5.2
55.0 54.10 18.74 5.2
55.0 54.13 24.01 4.8
55.0 54.29 -25.41 4.5
55.0 54.31 24.87 5.2
55.0 54.40 -4.78 4.8
55.0 54.45 3.91 4.7
55.0 54.51 -1.98 4.4
55.0 54.53 11.09 4.6
55.0 54.57 5.41 4.1
55.0 54.61 2.24 3.6
55.0 54.65 -3.80 3.7
55.0 54.69 0.62 3.5
55.0 54.73 -3.51 3.4
55.0 54.76 -1.06 3.5
55.0 54.81 -8.08 3.2
55.0 54.91 -29.69 3.2
55.0 54.94 -6.81 3.7
55.0 55.06 -44.43 3.7
55.0 55.06 -3.16 3.7
55.0 55.09 -14.55 4.1
55.0 55.13 -20.73 4.0
55.0 55.11 1.13 3.9
55.0 55.18 -33.58 3.7
55.0 55.21 -21.82 3.7
55.0 55.24 -22.29 4.2
55.0 55.27 -22.87 4.1
55.0 55.29 -23.31 4.1
55.0 55.34 -34.91 4.1
55.0 55.41 -41.48 4.5
55.0 55.45 -36.81 4.6
55.0 55.48 -37.48 4.7
55.0 55.56 -55.03 4.9
55.0 55.57 -33.79 5.5
55.0 55.67 -67.95 5.7
55.0 55.75 -63.90 5.7
55.0 55.77 -46.57 6.0
55.0 55.79 -46.84 6.1
55.0 55.82 -55.99 6.4
55.0 55.95 -89.19 6.5
55.0 55.92 -40.14 7.1
55.0 55.95 -62.24 7.4
55.0 56.02 -74.25 7.4
55.0 56.14 -97.67 7.4
55.0 56.10 -48.88 8.4
55.0 56.12 -65.31 7.9
55.0 56.12 -57.12 8.0
55.0 56.15 -71.29 8.2
55.0 56.21 -83.27 8.2
55.0 56.28 -90.01 8.6
55.0 56.29 -70.94 8.8
55.0 56.26 -57.13 9.1
55.0 56.29 -79.34 9.1
55.0 56.32 -77.08 9.3
55.0 56.36 -86.10 9.2
55.0 56.39 -81.04 9.6
55.0 56.44 -92.92 9.5
55.0 56.47 -84.86 9.8
55.0 56.48 -82.75 9.6
55.0 56.50 -88.69 10.4
55.0 56.51 -87.03 9.7
55.0 56.52 -79.83 10.3
55.0 56.62 -120.91 10.3
55.0 56.63 -98.84 10.6
55.0 56.64 -91.23 11.2
55.0 56.59 -73.36 11.1
55.0 56.65 -111.07 11.0
55.0 56.76 -132.21 11.2
55.0 56.75 -97.69 12.0
55.0 56.77 -107.44 12.0
55.0 56.86 -131.66 12.2
55.0 56.88 -115.38 12.5
55.0 56.94 -132.18 12.6
55.0 56.97 -122.83 13.2
55.0 56.98 -113.22 13.4
55.0 57.03 -138.94 14.0
55.0 57.23 -183.37 13.8
55.0 57.18 -113.49 14.5
55.0 57.14 -106.34 14.7
55.0 57.13 -127.45 14.7
55.0 57.06 -94.21 15.0
55.0 57.09 -126.23 14.6
55.0 57.10 -126.31 14.6
55.0 57.11 -126.60 14.4
55.0 57.10 -116.09 15.2
55.0 57.04 -105.80 14.9
55.0 57.04 -114.59 14.9
55.0 57.06 -125.12 14.9
55.0 57.04 -114.71 15.0
55.0 57.12 -147.06 15.1
55.0 57.11 -116.28 15.2
55.0 57.12 -126.92 15.3
55.0 57.15 -132.59 14.9
55.0 57.23 -150.83 15.3
55.0 57.23 -129.80 15.7
55.0 57.23 -129.74 16.1
55.0 57.23 -129.69 15.7
55.0 57.22 -124.06 16.2
55.0 57.22 -135.18 16.1
55.0 57.21 -118.38 16.1
55.0 57.22 -134.60 16.2
55.0 57.22 -129.54 16.1
55.0 57.24 -134.95 16.7
55.0 57.17 -101.95 16.4
55.0 57.13 -117.97 16.1
55.0 57.17 -133.31 15.7
55.0 57.17 -128.21 16.0
55.0 57.17 -128.31 15.7
55.0 57.23 -144.80 15.8
55.0 57.27 -141.01 16.2
55.0 57.27 -130.74 16.1
55.0 57.21 -114.39 16.4
55.0 57.20 -123.89 16.2
55.0 57.21 -129.08 16.0
55.0 57.21 -134.88 16.2
55.0 57.20 -118.18 16.0
55.0 57.25 -145.34 16.4
55.0 57.24 -130.11 16.5
55.0 57.32 -157.47 16.1
55.0 57.34 -137.22 16.7
55.0 57.33 -138.35 17.4
55.0 57.18 -76.44 16.6
55.0 57.24 -145.67 16.4
55.0 57.18 -108.46 15.9
55.0 57.15 -117.61 16.4
55.0 57.14 -116.85 15.2
55.0 57.07 -100.64 16.3
55.0 57.03 -109.61 15.9
55.0 57.05 -120.14 15.5
55.0 56.99 -98.55 15.5
55.0 57.00 -113.61 15.9
55.0 56.95 -102.53 15.2
55.0 56.93 -101.75 15.3
55.0 56.94 -121.86 14.8
55.0 56.99 -123.94 14.9
55.0 57.19 -185.05 15.1
55.0 57.14 -112.49 15.5
55.0 57.18 -138.52 15.9
55.0 57.07 -84.34 15.8
55.0 57.03 -98.66 15.6
55.0 56.98 -97.66 15.1
55.0 56.93 -91.24 15.1
55.0 56.88 -84.63 14.7
55.0 56.83 -94.31 14.4
55.0 56.78 -77.37 14.6
55.0 56.74 -87.05 13.8
55.0 56.66 -69.92 13.6
55.0 56.64 -84.76 13.4
55.0 56.59 -68.52 13.4
55.0 56.57 -79.04 12.2
55.0 56.56 -86.99 12.5
55.0 56.51 -67.15 11.9
55.0 56.40 -43.69 12.3
55.0 56.37 -68.38 11.5
55.0 56.35 -67.82 11.4
55.0 56.29 -52.36 10.6
55.0 56.27 -69.65 11.3
55.0 56.21 -45.58 11.2
55.0 56.19 -59.17 10.6
55.0 56.18 -61.05 10.3
55.0 56.15 -56.48 10.0
55.0 56.14 -60.33 9.8
55.0 56.09 -39.81 9.8
55.0 56.07 -51.31 9.3
55.0 56.07 -56.44 9.5
55.0 55.99 -25.52 9.1
55.0 55.98 -49.54 8.6
55.0 55.95 -43.64 8.4
55.0 55.89 -25.80 8.2
55.0 55.85 -33.66 8.0
55.0 55.85 -44.22 7.6
55.0 55.79 -18.75 7.6
55.0 55.77 -37.48 6.3
55.0 55.78 -41.01 7.2
55.0 55.74 -28.69 6.9
55.0 55.73 -34.70 6.6
55.0 55.68 -19.83 6.5
55.0 55.63 -18.97 6.3
55.0 55.60 -21.76 6.5
55.0 55.55 -12.23 6.3
55.0 55.46 7.90 5.4
55.0 55.42 -8.05 5.2
55.0 55.38 -5.90 5.2
55.0 55.39 -24.42 4.5
55.0 55.33 4.16 4.4
55.0 55.30 -5.19 4.3
55.0 55.29 -11.88 3.9
55.0 55.24 5.41 3.8
55.0 55.19 7.50 3.7
55.0 55.09 31.52 3.5
55.0 55.03 20.61 3.4
55.0 55.05 -8.43 3.2
55.0 55.00 14.20 3.4
55.0 54.99 3.31 3.2
55.0 54.97 9.77 3.0
55.0 54.94 15.80 2.8
55.0 54.95 -1.66 3.0
55.0 54.94 3.52 2.6
55.0 54.90 20.96 2.4
55.0 54.85 20.99 2.4
55.0 54.82 20.32 2.5
55.0 54.77 26.82 2.6
55.0 54.68 44.03 3.0
55.0 54.67 15.89 2.3
55.0 54.65 21.44 2.4
55.0 54.59 38.00 2.6
55.0 54.58 21.21 2.7
55.0 54.55 26.98 2.7
55.0 54.51 33.29 2.9
55.0 54.45 44.21 2.8
55.0 54.38 49.78 3.0
55.0 54.37 28.26 2.7
55.0 54.32 44.31 3.5
55.0 54.29 39.46 3.4
55.0 54.30 27.18 3.5
55.0 54.27 40.57 3.1
55.0 54.17 66.99 4.2
55.0 54.19 29.18 3.7
55.0 54.16 44.43 3.7
55.0 54.07 67.26 4.1
55.0 54.16 7.47 4.0
55.0 54.03 84.70 4.3
55.0 54.02 46.23 4.3
55.0 53.99 51.73 4.7
55.0 53.95 55.92 5.7
55.0 53.91 57.43 4.6
55.0 53.91 44.63 4.8
55.0 53.86 64.46 4.6
55.0 53.84 56.01 5.2
55.0 53.71 95.12 5.1
55.0 53.56 111.74 5.6
55.0 53.56 59.17 5.8
55.0 53.55 64.54 7.3
55.0 53.56 56.23 6.3
55.0 53.57 56.94 6.3
55.0 53.52 78.67 6.3
55.0 53.53 56.26 6.7
55.0 53.59 37.56 6.7
55.0 53.49 96.36 6.3
55.0 53.46 75.58 6.6
55.0 53.52 39.24 6.9
55.0 53.48 73.13 6.1
55.0 53.46 73.05 6.7
55.0 53.45 67.56 6.9
55.0 53.42 75.78 7.0
55.0 53.35 91.85 7.1
55.0 53.22 118.37 7.4
55.0 53.19 87.44 7.7
55.0 53.19 73.36 7.9
55.0 53.24 59.92 8.2
55.0 53.20 84.48 8.0
55.0 53.20 76.87 8.2
55.0 53.17 84.50 8.4
55.0 53.18 71.68 8.2
55.0 53.00 144.90 8.3
55.0 52.95 104.27 8.9
55.0 52.93 101.58 9.1
55.0 52.98 67.39 9.3
55.0 52.95 93.83 9.2
55.0 52.92 95.75 9.3
55.0 52.90 94.09 9.3
55.0 52.82 120.38 8.8
55.0 52.82 89.26 9.8
55.0 52.73 125.93 9.9
55.0 52.72 104.55 10.1
55.0 52.72 104.19 10.4
55.0 52.71 104.64 10.4
55.0 52.70 113.62 10.6
55.0 52.72 94.68 10.8
55.0 52.75 84.39 11.0
55.0 52.73 104.42 10.6
55.0 52.72 108.89 10.6
55.0 52.71 109.05 10.9
55.0 52.68 109.78 11.0
55.0 52.44 191.42 11.2
55.0 52.44 111.91 11.6
55.0 52.43 121.86 12.0
55.0 52.42 122.00 12.1
55.0 52.52 83.00 12.0
55.0 52.48 122.07 12.1
55.0 52.46 116.66 12.3
55.0 52.43 131.23 11.8
55.0 52.43 111.99 12.4
55.0 52.44 117.13 12.5
55.0 52.41 126.75 11.8
55.0 52.49 92.98 12.3
55.0 52.47 111.80 12.5
55.0 52.46 121.55 12.5
55.0 52.43 126.54 12.7
55.0 52.42 122.04 12.9
55.0 52.39 122.14 12.6
55.0 52.34 141.44 12.7
55.0 52.33 122.72 13.1
55.0 52.34 112.82 13.1
55.0 52.34 128.31 13.0
55.0 52.30 132.73 12.8
55.0 52.27 133.16 13.1
55.0 52.26 123.31 13.4
55.0 52.23 143.37 13.4
55.0 52.22 123.67 13.6
55.0 52.23 124.39 13.6
55.0 52.20 138.68 13.0
55.0 52.24 114.97 13.3
55.0 52.22 128.56 13.7
55.0 52.22 134.75 13.9
55.0 52.23 118.75 14.4
55.0 52.22 129.16 13.8
55.0 52.20 128.70 13.6
55.0 52.22 124.60 14.0
55.0 52.20 134.08 13.8
55.0 52.27 98.69 13.9
55.0 52.26 128.70 13.6
55.0 52.15 158.00 13.4
55.0 52.18 120.33 13.8
55.0 52.14 138.93 13.8
55.0 52.17 126.56 14.2
55.0 52.18 124.08 14.0
55.0 52.22 115.24 13.9
55.0 52.13 157.81 13.6
55.0 52.08 149.34 14.0
55.0 52.08 129.82 14.2
55.0 52.16 106.61 14.3
55.0 52.17 125.12 14.5
55.0 52.27 88.67 13.8
55.0 52.26 123.29 13.4
55.0 52.28 119.08 13.6
55.0 52.34 104.26 13.2
55.0 52.34 117.72 13.6
55.0 52.41 104.86 13.4
55.0 52.47 91.89 13.3
55.0 52.44 121.71 13.1
55.0 52.40 126.93 13.0
55.0 52.38 127.15 13.0
55.0 52.40 112.91 13.6
55.0 52.39 117.25 13.2
55.0 52.39 127.55 12.9
55.0 52.41 107.31 12.8
55.0 52.40 122.27 12.9
55.0 52.39 122.37 13.2
55.0 52.45 98.13 12.7
55.0 52.37 137.89 12.9
55.0 52.49 78.58 12.3
55.0 52.48 116.51 12.7
55.0 52.49 111.80 12.1
55.0 52.54 91.25 12.8
55.0 52.58 95.92 12.5
55.0 52.66 75.16 12.3
55.0 52.67 95.23 12.1
55.0 52.64 115.09 11.5
55.0 52.68 95.33 11.2
55.0 52.60 130.03 11.6
55.0 52.60 105.61 11.6
55.0 52.61 110.53 11.6
55.0 52.61 105.50 12.1
55.0 52.62 105.40 11.9
55.0 52.64 100.34 11.6
55.0 52.66 100.24 11.9
55.0 52.68 99.96 11.6
55.0 52.69 95.15 11.2
55.0 52.74 89.82 11.4
55.0 52.74 94.91 11.3
55.0 52.75 94.36 11.2
55.0 52.67 126.24 10.9
55.0 52.73 90.59 11.3
55.0 52.76 84.32 11.2
55.0 52.79 84.19 11.6
55.0 52.71 127.57 11.1
55.0 52.74 89.47 11.0
55.0 52.79 84.10 11.1
55.0 52.84 73.39 10.4
55.0 52.93 68.28 10.5
55.0 52.95 78.11 10.4
55.0 52.97 82.43 10.0
55.0 53.04 66.81 10.5
55.0 53.11 56.10 10.1
55.0 53.14 70.92 9.7
55.0 53.16 67.79 9.3
55.0 53.14 85.90 9.3
55.0 53.16 67.79 8.7
55.0 53.22 50.84 8.9
55.0 53.23 75.17 9.1
55.0 53.24 67.73 8.7
55.0 53.23 76.73 8.6
55.0 53.28 50.80 8.4
55.0 53.43 22.33 8.1
55.0 53.44 56.32 8.4
55.0 53.47 50.65 7.8
55.0 53.47 64.94 7.1
55.0 53.51 48.72 7.4
55.0 53.51 64.77 7.8
55.0 53.53 50.60 6.9
55.0 53.55 50.58 7.2
55.0 53.57 56.99 7.2
55.0 53.56 61.86 6.7
55.0 53.55 64.57 7.1
55.0 53.54 61.88 6.9
55.0 53.57 51.89 6.7
55.0 53.59 50.56 6.6
55.0 53.62 44.86 6.8
55.0 53.62 61.63 6.7
55.0 53.66 39.13 6.5
55.0 53.69 42.45 6.5
55.0 53.71 44.79 6.2
55.0 53.73 47.65 6.4
55.0 53.82 20.12 6.2
55.0 53.87 27.52 6.0
55.0 53.90 36.03 5.6
55.0 53.93 35.89 5.6
55.0 53.94 41.24 5.8
55.0 53.95 38.91 5.4
55.0 53.91 55.95 5.3
55.0 53.95 33.17 5.9
55.0 53.99 27.42 4.6
55.0 54.05 18.96 5.2
55.0 54.08 29.72 4.8
55.0 54.10 27.34 4.8
55.0 54.14 23.99 4.5
55.0 54.19 15.74 4.5
55.0 54.24 15.05 4.4
55.0 54.24 32.97 4.1
55.0 54.23 32.97 4.2
55.0 54.30 6.76 4.0
55.0 54.36 3.97 3.9
55.0 54.39 15.58 3.5
55.0 54.36 32.87 3.4
55.0 54.43 0.57 3.4
55.0 54.47 9.71 3.3
55.0 54.50 8.03 3.0
55.0 54.52 9.67 2.8
55.0 54.58 -4.07 2.6
55.0 54.60 10.79 2.7
55.0 54.66 -6.07 2.8
55.0 54.71 -8.01 2.6
55.0 54.75 -0.98 2.8
55.0 54.76 4.46 2.7
55.0 54.79 -2.21 2.4
55.0 54.81 3.63 2.8
55.0 54.82 3.62 2.4
55.0 54.84 -2.24 2.1
55.0 54.80 21.03 2.2
55.0 54.83 -1.39 1.8
55.0 54.84 4.09 2.1
55.0 54.86 -3.03 2.0
55.0 54.89 -7.25 1.8
55.0 54.90 3.56 2.0
55.0 54.97 -24.39 2.0
55.0 55.01 -13.50 2.6
55.0 55.05 -13.99 2.2
55.0 55.06 -8.52 2.6
55.0 55.08 -8.86 2.4
55.0 55.09 -9.04 2.2
55.0 55.09 -3.18 2.4
55.0 55.11 -14.75 2.4
55.0 55.14 -15.29 2.0
55.0 55.13 -4.08 2.4
55.0 55.14 -9.72 2.3
55.0 55.15 -9.82 2.5
55.0 55.18 -21.48 2.2
55.0 55.22 -21.93 2.4
55.0 55.22 -11.33 2.4
55.0 55.24 -22.43 2.7
55.0 55.27 -22.71 2.8
55.0 55.30 -23.36 3.3
55.0 55.30 -18.19 3.1
55.0 55.34 -29.45 2.7
55.0 55.43 -53.19 3.1
55.0 55.41 -14.90 3.5
55.0 55.45 -36.85 3.3
55.0 55.47 -31.91 3.7
55.0 55.52 -43.07 3.6
55.0 55.57 -44.32 4.2
55.0 55.65 -62.09 4.1
55.0 55.62 -22.03 4.6
55.0 55.64 -40.38 5.0
55.0 55.64 -35.08 4.5
55.0 55.69 -52.01 4.7
55.0 55.61 -5.28 4.4
55.0 55.63 -37.80 4.7
55.0 55.61 -25.74 4.5
55.0 55.60 -27.25 4.7
55.0 55.63 -45.58 5.0
55.0 55.70 -57.52 4.7
55.0 55.71 -41.62 5.0
55.0 55.72 -40.20 5.2
55.0 55.76 -52.08 5.2
55.0 55.83 -66.33 5.3
55.0 55.86 -53.42 5.6
55.0 55.87 -49.88 6.6
55.0 55.89 -55.72 6.2
55.0 55.88 -44.85 6.1
55.0 55.91 -54.15 6.0
55.0 55.94 -62.07 6.2
55.0 55.96 -57.00 6.5
55.0 55.99 -61.03 5.8
55.0 56.07 -80.65 6.4
55.0 56.03 -42.15 6.7
55.0 56.07 -69.75 6.9
55.0 56.04 -44.70 7.0
55.0 56.08 -69.99 7.8
55.0 56.12 -70.63 7.3
55.0 56.05 -37.35 7.3
55.0 56.03 -44.54 7.3
55.0 56.09 -75.53 7.2
55.0 56.09 -59.35 6.9
55.0 56.11 -62.63 7.4
55.0 56.14 -71.08 6.9
55.0 56.15 -65.91 7.7
55.0 56.17 -66.13 7.6
55.0 56.13 -45.93 7.6
55.0 56.11 -51.35 7.6
55.0 56.11 -62.58 7.8
55.0 56.13 -62.95 7.6
55.0 56.02 -20.96 7.7
55.0 56.08 -75.41 7.7
55.0 56.10 -64.91 7.7
55.0 56.12 -62.75 7.8
55.0 56.16 -76.94 7.4
55.0 56.19 -71.99 7.8
55.0 56.18 -57.98 7.9
55.0 56.16 -55.29 7.6
55.0 56.22 -83.43 8.7
55.0 56.25 -78.64 7.8
55.0 56.24 -58.80 8.2
55.0 56.24 -67.60 8.2
55.0 56.23 -61.97 8.2
55.0 56.33 -100.38 8.4
55.0 56.19 -23.97 8.6
55.0 56.18 -61.04 8.4
55.0 56.24 -83.77 8.3
55.0 56.19 -46.83 7.6
55.0 56.20 -66.82 8.0
55.0 56.21 -66.95 8.3
55.0 56.25 -78.49 8.0
55.0 56.22 -52.82 8.2
55.0 56.21 -61.55 8.2
55.0 56.17 -50.10 8.3
55.0 56.18 -63.64 7.9
55.0 56.20 -72.28 8.3
55.0 56.20 -61.31 8.4
55.0 56.23 -78.27 8.2
55.0 56.22 -58.55 8.4
55.0 56.21 -61.62 8.4
55.0 56.28 -90.06 8.4
55.0 56.20 -35.73 8.6
55.0 56.26 -84.15 8.4
55.0 56.24 -62.19 8.4
55.0 56.23 -61.96 8.6
55.0 56.19 -46.76 8.2
55.0 56.21 -72.44 8.3
55.0 56.20 -61.46 8.4
55.0 56.30 -100.02 8.2
55.0 56.29 -66.48 8.9
55.0 56.28 -68.34 8.6
55.0 56.21 -40.16 8.8
55.0 56.18 -52.32 8.4
55.0 56.07 -21.84 8.3
55.0 56.06 -53.45 8.1
55.0 56.08 -64.60 7.9
55.0 56.09 -56.63 7.8
55.0 56.09 -59.34 8.2
55.0 56.08 -53.74 8.0
55.0 56.14 -80.34 7.9
55.0 56.08 -37.81 7.9
55.0 56.24 -117.06 7.8
55.0 56.20 -54.29 8.1
55.0 56.14 -40.50 8.6
55.0 56.11 -52.32 8.0
55.0 56.10 -51.11 7.5
55.0 56.04 -33.42 8.3
55.0 56.00 -41.66 7.6
55.0 55.98 -46.64 6.9
55.0 55.97 -46.34 7.8
55.0 55.93 -37.58 7.3
55.0 55.97 -64.40 7.0
55.0 56.01 -67.05 7.8
55.0 55.98 -38.20 7.5
55.0 55.96 -46.29 7.2
55.0 55.95 -46.02 7.3
55.0 55.87 -23.46 6.8
55.0 55.88 -48.14 6.7
55.0 55.82 -22.39 6.3
55.0 55.82 -43.59 6.8
55.0 55.79 -32.39 6.3
55.0 55.71 -12.19 6.3
55.0 55.72 -41.88 5.8
55.0 55.69 -25.28 5.9
55.0 55.59 0.48 5.6
55.0 55.51 4.55 5.4
55.0 55.51 -24.78 4.9
55.0 55.53 -32.93 4.8
55.0 55.52 -26.25 4.7
55.0 55.49 -16.45 5.1
55.0 55.57 -55.20 4.4
55.0 55.52 -9.50 4.7
55.0 55.52 -26.17 4.4
55.0 55.53 -33.06 4.3
55.0 55.52 -22.14 4.4
55.0 55.49 -14.56 4.2
55.0 55.47 -19.94 4.1
55.0 55.42 -6.50 4.1
55.0 55.44 -30.07 4.1
55.0 55.39 -4.04 4.3
55.0 55.40 -24.52 3.9
55.0 55.37 -8.87 2.7
55.0 55.34 -5.49 3.5
55.0 55.31 -5.23 3.5
55.0 55.27 -1.84 3.1
55.0 55.23 1.31 2.9
55.0 55.29 -34.63 2.7
55.0 55.28 -11.73 2.8
55.0 55.34 -34.76 2.8
55.0 55.31 -6.55 2.6
55.0 55.30 -11.01 2.6
55.0 55.29 -13.57 2.8
55.0 55.25 -0.24 2.7
55.0 55.16 22.93 2.4
55.0 55.13 2.23 2.5
55.0 55.10 8.40 2.2
55.0 55.08 2.75 2.2
55.0 54.99 34.35 2.5
55.0 54.97 8.95 2.2
55.0 54.81 60.88 2.2
55.0 54.82 3.61 2.6
55.0 54.83 3.61 2.4
55.0 54.86 -3.05 1.9
55.0 54.91 -11.80 2.0
55.0 54.91 3.75 1.8
55.0 54.88 15.20 2.2
55.0 54.91 -8.16 1.9
55.0 54.90 9.30 1.9
55.0 54.85 20.99 1.7
55.0 54.84 9.42 1.8
55.0 54.79 26.80 1.8
55.0 54.79 9.83 1.8
55.0 54.77 15.20 1.5
55.0 54.76 15.47 1.8
55.0 54.79 -1.18 1.6
55.0 54.78 9.85 1.8
55.0 54.75 21.27 1.2
55.0 54.68 38.33 1.7
55.0 54.64 27.00 1.7
55.0 54.61 26.94 2.0
55.0 54.61 16.18 2.0
55.0 54.61 15.40 1.9
55.0 54.60 21.71 2.2
55.0 54.60 16.24 2.7
55.0 54.54 38.44 2.0
55.0 54.55 16.49 2.2
55.0 54.43 65.51 2.3
55.0 54.40 33.54 2.4
55.0 54.39 27.11 2.7
55.0 54.37 33.69 2.5
55.0 54.31 50.14 2.6
55.0 54.25 50.04 3.0
55.0 54.24 34.33 3.0
55.0 54.24 34.36 3.1
55.0 54.20 44.40 3.2
55.0 54.18 40.02 3.2
55.0 54.18 33.01 3.3
55.0 54.26 9.74 3.7
55.0 54.22 43.65 3.5
55.0 54.23 27.24 3.5
55.0 54.22 34.42 3.6
55.0 54.20 39.92 3.6
55.0 54.20 34.54 3.8
55.0 54.17 44.43 3.6
55.0 54.16 40.16 3.7
55.0 54.13 45.67 3.5
55.0 54.09 50.16 3.7
55.0 54.10 35.05 4.1
55.0 54.03 62.16 4.1
55.0 54.03 40.77 4.1
55.0 54.00 50.23 4.6
55.0 53.99 44.57 4.7
55.0 53.98 48.25 4.5
55.0 53.97 44.58 4.8
55.0 53.96 46.49 4.5
55.0 53.94 50.28 4.5
55.0 53.92 53.87 4.8
55.0 53.87 61.62 4.3
55.0 53.85 56.01 5.0
55.0 53.85 47.06 4.8
55.0 53.81 63.27 5.4
55.0 53.80 52.65 5.6
55.0 53.80 50.39 5.0
55.0 53.80 47.28 5.0
55.0 53.80 52.67 5.5
55.0 53.78 56.06 5.4
55.0 53.77 52.79 5.6
55.0 53.77 52.80 5.5
55.0 53.74 61.72 5.5
55.0 53.74 52.96 5.6
55.0 53.71 61.75 6.1
55.0 53.73 50.51 5.6
55.0 53.70 61.75 6.0
55.0 53.70 53.13 5.6
55.0 53.65 73.00 5.9
55.0 53.73 26.01 6.4
55.0 53.72 58.40 5.8
55.0 53.68 67.39 6.0
55.0 53.65 66.33 6.2
55.0 53.63 61.81 6.7
55.0 53.64 50.51 6.1
55.0 53.61 69.56 6.4
55.0 53.64 48.10 6.3
55.0 53.61 69.59 6.1
55.0 53.62 50.53 6.3
55.0 53.60 64.30 6.3
55.0 53.59 64.37 6.3
55.0 53.62 44.86 6.7
55.0 53.60 64.31 6.7
55.0 53.57 67.47 6.3
55.0 53.53 77.46 6.3
55.0 53.51 67.52 6.6
55.0 53.47 73.14 6.7
55.0 53.46 70.32 7.0
55.0 53.51 43.34 7.1
55.0 53.51 64.76 7.0
55.0 53.40 100.86 6.8
55.0 53.44 61.83 6.9
55.0 53.37 89.88 7.1
55.0 53.38 62.01 7.3
55.0 53.38 65.38 7.4
55.0 53.36 76.07 7.3
55.0 53.34 76.17 7.5
55.0 53.40 45.03 7.5
55.0 53.40 61.99 7.7
55.0 53.45 52.98 7.5
55.0 53.42 73.17 7.9
55.0 53.53 27.03 7.8
55.0 53.49 73.12 7.1
55.0 53.42 93.40 7.1
55.0 53.42 61.97 7.5
55.0 53.41 67.59 7.3
55.0 53.43 63.32 7.4
55.0 53.41 67.59 7.3
55.0 53.39 75.93 7.4
55.0 53.35 78.80 7.1
55.0 53.35 70.86 7.6
55.0 53.30 86.88 7.5
55.0 53.29 73.28 7.7
55.0 53.18 113.45 7.8
55.0 53.22 65.17 8.3
55.0 53.20 82.14 7.5
55.0 53.20 73.35 8.2
55.0 53.15 90.05 8.2
55.0 53.15 80.83 8.6
55.0 53.15 73.39 8.4
55.0 53.15 77.10 8.1
55.0 53.16 77.09 8.5
55.0 53.14 78.97 8.6
55.0 53.14 77.15 8.8
55.0 53.09 95.61 8.2
55.0 53.08 86.43 8.7
55.0 53.18 39.51 8.5
55.0 53.16 78.95 8.6
55.0 53.15 82.39 8.5
55.0 53.12 87.77 8.6
55.0 53.11 82.57 8.4
55.0 53.12 73.41 8.6
55.0 53.15 66.53 8.7
55.0 53.15 77.11 8.6
55.0 53.14 78.97 8.5
55.0 53.13 82.49 8.6
55.0 53.10 87.86 8.1
55.0 53.15 61.21 8.8
55.0 53.23 45.17 8.2
55.0 53.18 90.03 8.4
55.0 53.16 85.74 8.6
55.0 53.22 50.85 8.6
55.0 53.21 76.80 8.3
55.0 53.21 73.34 8.4
55.0 53.23 70.08 8.2
55.0 53.24 67.73 8.0
55.0 53.23 73.32 7.9
55.0 53.24 71.39 8.0
55.0 53.23 76.71 8.3
55.0 53.24 71.39 8.5
55.0 53.23 73.32 8.2
55.0 53.26 66.02 8.8
55.0 53.29 60.53 8.2
55.0 53.41 22.12 7.8
55.0 53.38 75.97 7.8
55.0 53.36 76.07 7.7
55.0 53.34 73.24 7.7
55.0 53.34 70.91 7.3
55.0 53.35 62.03 7.8
55.0 53.33 79.24 7.8
55.0 53.36 56.39 7.8
55.0 53.35 70.84 7.8
55.0 53.28 95.46 8.0
55.0 53.28 71.19 7.9
55.0 53.31 60.42 8.2
55.0 53.34 56.40 7.9
55.0 53.38 58.68 7.6
55.0 53.37 67.62 7.7
55.0 53.42 45.01 7.0
55.0 53.41 70.54 7.4
55.0 53.40 70.59 7.5
55.0 53.38 75.99 7.8
55.0 53.40 56.35 7.3
55.0 53.41 65.27 7.6
55.0 53.41 65.25 7.6
55.0 53.44 50.67 7.7
55.0 53.44 65.08 7.3
55.0 53.47 50.65 7.7
55.0 53.47 67.97 7.3
55.0 53.47 61.93 7.1
55.0 53.50 50.63 7.1
55.0 53.49 64.85 7.3
55.0 53.47 70.24 7.0
55.0 53.47 64.95 7.3
55.0 53.54 33.51 7.0
55.0 53.53 67.42 6.9
55.0 53.54 56.25 6.6
55.0 53.57 44.90 6.9
55.0 53.60 48.27 6.8
55.0 53.48 106.81 6.7
55.0 53.52 52.39 6.9
55.0 53.63 16.17 6.2
55.0 53.64 50.52 6.7
55.0 53.68 45.87 6.4
55.0 53.67 56.15 7.1
55.0 53.66 58.68 6.4
55.0 53.70 39.10 6.3
55.0 53.70 55.81 6.1
55.0 53.71 50.46 6.4
55.0 53.71 50.46 6.4
55.0 53.76 40.05 6.1
55.0 53.73 61.73 6.1
55.0 53.74 47.59 6.0
55.0 53.74 50.44 6.3
55.0 53.78 36.60 6.0
55.0 53.84 30.92 5.6
55.0 53.81 56.03 5.6
55.0 53.82 47.20 5.9
55.0 53.83 47.17 5.6
55.0 53.88 27.51 5.6
55.0 53.89 41.47 5.6
55.0 53.89 44.65 5.4
55.0 53.93 33.33 5.5
55.0 53.94 38.91 5.3
55.0 53.87 73.57 4.9
55.0 53.90 36.04 5.4
55.0 53.91 38.94 5.0
55.0 53.91 46.77 5.3
55.0 53.98 15.90 5.2
55.0 53.94 58.75 5.3
55.0 53.93 44.61 5.4
55.0 53.94 38.91 5.2
55.0 53.97 35.70 5.0
55.0 53.99 35.59 5.2
55.0 53.99 40.97 5.1
55.0 54.01 33.14 5.0
55.0 54.09 13.32 5.0
55.0 54.08 40.53 4.8
55.0 54.10 27.33 4.5
55.0 54.18 7.33 4.5
55.0 54.24 9.89 4.2
55.0 54.24 32.97 3.9
55.0 54.26 21.46 4.3
55.0 54.28 21.44 4.0
55.0 54.30 24.93 3.6
55.0 54.33 15.62 4.1
55.0 54.30 39.44 3.9
55.0 54.29 32.93 3.6
55.0 54.34 12.08 3.3
55.0 54.35 22.95 3.2
55.0 54.35 27.14 2.9
55.0 54.34 28.41 3.2
55.0 54.36 22.91 3.3
55.0 54.35 28.37 3.3
55.0 54.41 3.94 3.1
55.0 54.38 32.13 2.9
55.0 54.42 13.46 3.0
55.0 54.46 9.72 3.1
55.0 54.46 21.30 2.9
55.0 54.49 11.32 2.6
55.0 54.52 9.68 2.7
55.0 54.53 15.47 2.4
55.0 54.56 3.82 2.6
55.0 54.60 5.27 2.2
55.0 54.63 2.33 2.3
55.0 54.64 8.57 2.2
55.0 54.66 9.57 2.0
55.0 54.67 9.56 2.1
e 63.666929960250854