95.0 54.76 0.0
95.0 65.08 254.77 0.0
95.0 65.06 254.78 0.0
95.0 65.04 254.79 0.0
95.0 65.09 254.80 0.0
95.0 
95.0 65.03 254.81 0.0
95.0 65.06 246.63 0.0
95.0 64.91 247.05 0.0
95.0 64.85 247.45 0.0
95.0 64.87 247.82 2.6
95.0 64.87 248.18 4.3
95.0 64.86 248.52 5.8
95.0 64.80 248.85 8.0
95.0 64.76 249.15 9.3
95.0 64.75 249.45 10.3
95.0 64.65 249.72 12.0
95.0 64.73 249.99 13.3
95.0 64.73 250.24 14.5
95.0 64.71 250.48 16.6
95.0 64.61 250.70 16.8
95.0 64.64 250.92 17.0
95.0 64.55 251.12 18.2
95.0 64.57 251.32 18.9
95.0 64.60 251.50 19.5
95.0 64.55 251.68 20.0
95.0 64.59 251.84 20.2
95.0 64.54 252.00 21.0
95.0 64.56 252.15 21.5
95.0 64.57 252.29 22.0
95.0 64.74 252.43 22.4
95.0 64.72 252.56 23.4
95.0 64.66 252.68 22.9
95.0 64.67 252.79 23.4
95.0 64.52 252.90 23.7
95.0 64.52 253.01 23.7
95.0 64.58 253.11 24.1
95.0 64.61 253.20 23.8
95.0 64.60 253.29 24.0
95.0 64.40 253.38 24.8
95.0 64.41 253.46 24.8
95.0 64.48 253.54 24.8
95.0 64.56 253.61 24.9
95.0 64.60 253.68 24.5
95.0 64.59 253.75 24.5
95.0 64.56 253.81 25.2
95.0 64.63 253.87 25.1
95.0 64.68 253.92 25.2
95.0 64.66 253.98 25.9
95.0 64.67 254.03 25.4
95.0 64.71 254.08 25.1
95.0 64.67 254.12 25.2
95.0 64.52 254.17 25.4
95.0 64.50 254.21 26.0
95.0 64.52 254.25 25.3
95.0 64.52 254.29 25.2
95.0 64.46 254.32 25.4
95.0 64.57 254.36 25.4
95.0 64.62 254.39 24.3
95.0 64.63 254.42 25.4
95.0 64.83 254.45 25.8
95.0 64.86 254.48 25.2
95.0 64.66 254.50 25.2
95.0 64.70 254.53 24.6
95.0 64.72 254.55 25.2
95.0 64.72 254.57 25.7
95.0 64.74 254.59 25.0
95.0 64.73 254.61 25.2
95.0 64.75 254.63 24.9
95.0 64.76 254.65 24.8
95.0 64.80 254.67 24.8
95.0 64.93 254.69 25.1
95.0 64.96 254.70 26.0
95.0 65.03 254.72 24.7
95.0 64.85 254.73 25.2
95.0 64.95 254.74 24.8
95.0 64.89 254.76 24.8
95.0 64.89 254.77 24.5
95.0 64.89 254.78 25.3
95.0 64.89 254.79 24.5
95.0 64.82 254.80 24.7
95.0 64.84 254.81 25.6
95.0 64.95 254.82 24.3
95.0 64.96 254.83 24.9
95.0 65.02 254.84 24.5
95.0 64.98 254.85 24.5
95.0 64.99 254.85 24.4
95.0 64.93 254.86 24.5
95.0 65.08 254.87 24.3
95.0 65.20 254.88 24.4
95.0 65.15 254.88 24.1
95.0 65.19 254.89 24.9
95.0 65.30 254.89 24.1
95.0 65.50 254.90 24.1
95.0 65.44 254.90 23.7
95.0 65.40 254.91 24.7
95.0 65.43 254.91 24.3
95.0 65.42 254.92 23.9
95.0 65.47 254.92 24.5
95.0 65.49 254.93 24.2
95.0 65.61 254.93 23.9
95.0 65.80 254.93 23.9
95.0 65.81 254.94 23.3
95.0 65.82 254.94 24.0
95.0 65.74 254.94 23.8
95.0 65.60 254.95 23.8
95.0 65.59 254.95 23.6
95.0 65.62 254.95 24.1
95.0 65.67 254.95 23.5
95.0 65.79 254.96 23.6
95.0 65.86 254.96 23.3
95.0 65.86 254.96 23.3
95.0 65.93 254.96 23.4
95.0 65.96 254.96 23.5
95.0 65.95 254.97 23.0
95.0 66.03 254.97 23.4
95.0 66.07 254.97 23.5
95.0 66.00 254.97 23.4
95.0 66.07 254.97 23.4
95.0 66.11 254.97 23.4
95.0 66.17 254.97 23.3
95.0 66.28 254.98 23.2
95.0 66.37 254.98 23.5
95.0 66.40 254.98 23.6
95.0 66.43 254.98 23.1
95.0 66.52 254.98 23.7
95.0 66.58 254.98 23.4
95.0 66.65 254.98 23.2
95.0 66.65 254.98 23.1
95.0 66.64 254.98 22.6
95.0 66.69 254.98 22.8
95.0 66.71 254.99 22.9
95.0 66.96 254.99 23.0
95.0 67.02 254.99 23.4
95.0 67.05 254.99 23.3
95.0 67.12 254.99 22.7
95.0 67.12 254.99 22.8
95.0 67.18 254.99 22.6
95.0 67.30 254.99 22.4
95.0 67.36 254.99 22.8
95.0 67.49 254.99 23.4
95.0 67.51 254.99 22.8
95.0 67.55 254.99 22.9
95.0 67.39 254.99 22.7
95.0 67.44 254.99 22.8
95.0 67.69 254.99 22.9
95.0 67.76 254.99 22.5
95.0 67.86 254.99 22.1
95.0 67.89 254.99 22.5
95.0 68.05 254.99 22.4
95.0 68.06 254.99 22.5
95.0 68.14 254.99 22.0
95.0 68.27 255.00 22.1
95.0 68.30 255.00 22.5
95.0 68.38 255.00 21.3
95.0 68.40 255.00 22.2
95.0 68.57 255.00 22.2
95.0 68.43 255.00 22.3
95.0 68.51 255.00 22.0
95.0 68.67 255.00 21.9
95.0 68.73 255.00 22.3
95.0 68.80 255.00 22.4
95.0 68.83 255.00 22.4
95.0 68.82 255.00 22.4
95.0 68.89 255.00 22.2
95.0 68.95 255.00 22.5
95.0 69.07 255.00 22.4
95.0 69.06 255.00 22.1
95.0 69.04 255.00 22.2
95.0 69.04 255.00 22.5
95.0 69.12 255.00 22.0
95.0 69.25 255.00 22.1
95.0 69.32 255.00 22.4
95.0 69.44 255.00 22.0
95.0 69.45 255.00 22.0
95.0 69.47 255.00 22.6
95.0 69.56 255.00 22.2
95.0 69.66 255.00 22.0
95.0 69.85 255.00 21.6
95.0 69.93 255.00 21.7
95.0 69.97 255.00 21.9
95.0 70.13 255.00 21.8
95.0 70.17 255.00 22.1
95.0 70.22 255.00 21.7
95.0 70.28 255.00 21.9
95.0 70.36 255.00 22.5
95.0 70.43 255.00 21.9
95.0 70.33 255.00 21.8
95.0 70.67 255.00 21.7
95.0 70.76 255.00 21.5
95.0 70.79 255.00 21.7
95.0 70.86 255.00 21.7
95.0 71.00 255.00 21.5
95.0 71.10 255.00 21.3
95.0 71.19 255.00 21.5
95.0 71.20 255.00 22.3
95.0 71.19 255.00 21.9
95.0 71.22 255.00 21.6
95.0 71.27 255.00 21.4
95.0 71.42 255.00 21.6
95.0 71.48 255.00 21.5
95.0 71.65 255.00 21.5
95.0 71.69 255.00 21.7
95.0 71.63 255.00 21.3
95.0 71.71 255.00 21.5
95.0 71.84 255.00 21.5
95.0 71.90 255.00 21.8
95.0 72.01 255.00 21.3
95.0 72.18 255.00 20.9
95.0 72.21 255.00 21.9
95.0 72.24 255.00 21.5
95.0 72.31 255.00 21.2
95.0 72.45 255.00 21.6
95.0 72.51 255.00 21.5
95.0 72.41 255.00 21.3
95.0 72.49 255.00 20.9
95.0 72.77 255.00 21.3
95.0 72.86 255.00 21.3
95.0 72.90 255.00 21.2
95.0 73.01 255.00 21.2
95.0 73.15 255.00 21.3
95.0 73.19 255.00 22.0
95.0 73.32 255.00 21.6
95.0 73.38 255.00 21.3
95.0 73.27 255.00 21.2
95.0 73.26 255.00 21.0
95.0 73.39 255.00 21.1
95.0 73.55 255.00 21.2
95.0 73.51 255.00 21.2
95.0 73.61 255.00 21.1
95.0 73.52 255.00 21.2
95.0 73.65 255.00 21.2
95.0 73.63 255.00 21.2
95.0 73.64 255.00 21.1
95.0 73.80 255.00 21.3
95.0 73.69 255.00 20.9
95.0 73.82 255.00 21.1
95.0 73.97 255.00 21.5
95.0 74.10 255.00 21.2
95.0 74.30 255.00 21.1
95.0 74.34 255.00 21.7
95.0 74.46 255.00 20.5
95.0 74.62 255.00 21.1
95.0 74.66 255.00 21.6
95.0 74.83 255.00 20.8
95.0 74.87 255.00 20.9
95.0 74.88 255.00 21.6
95.0 74.95 255.00 20.7
95.0 75.20 255.00 20.9
95.0 75.15 255.00 20.9
95.0 75.24 255.00 20.7
95.0 75.33 255.00 21.0
95.0 75.29 255.00 20.8
95.0 75.43 255.00 20.6
95.0 75.55 255.00 20.9
95.0 75.62 255.00 20.8
95.0 75.75 255.00 20.8
95.0 76.09 255.00 21.1
95.0 76.09 255.00 20.8
95.0 76.20 255.00 20.7
95.0 76.21 255.00 21.1
95.0 76.31 255.00 20.6
95.0 76.42 255.00 20.9
95.0 76.39 255.00 20.9
95.0 76.55 255.00 20.7
95.0 76.64 255.00 21.4
95.0 76.64 255.00 20.4
95.0 76.77 255.00 20.6
95.0 76.79 255.00 21.4
95.0 76.88 255.00 20.4
95.0 76.96 255.00 20.6
95.0 77.16 255.00 21.3
95.0 77.21 255.00 20.7
95.0 77.32 255.00 20.8
95.0 77.66 255.00 20.4
95.0 77.61 255.00 20.7
95.0 77.62 255.00 20.5
95.0 77.47 255.00 20.7
95.0 77.73 255.00 20.4
95.0 77.76 255.00 20.8
95.0 77.87 255.00 20.6
95.0 78.00 255.00 20.7
95.0 78.06 255.00 20.7
95.0 78.03 255.00 20.6
95.0 78.08 255.00 20.7
95.0 78.19 255.00 20.5
95.0 77.95 255.00 20.5
95.0 78.02 255.00 20.5
95.0 78.22 255.00 20.7
95.0 78.15 255.00 20.5
95.0 78.22 255.00 20.8
95.0 78.32 255.00 20.6
95.0 78.43 255.00 20.5
95.0 78.54 255.00 20.4
95.0 78.60 255.00 20.3
95.0 78.46 255.00 20.5
95.0 78.56 255.00 20.2
95.0 78.65 255.00 20.5
95.0 79.01 255.00 20.4
95.0 79.09 255.00 20.6
95.0 79.13 255.00 20.2
95.0 78.99 255.00 20.5
95.0 79.04 255.00 20.5
95.0 78.99 255.00 20.4
95.0 79.04 255.00 20.4
95.0 79.18 255.00 20.2
95.0 79.46 255.00 20.7
95.0 79.55 255.00 20.4
95.0 79.51 255.00 20.2
95.0 79.76 255.00 20.4
95.0 79.91 255.00 20.4
95.0 79.99 255.00 20.7
95.0 79.94 255.00 20.2
95.0 80.18 255.00 20.5
95.0 80.23 255.00 20.4
95.0 80.18 255.00 20.1
95.0 80.11 255.00 21.2
95.0 80.20 255.00 19.9
95.0 80.25 255.00 20.4
95.0 80.49 255.00 20.1
95.0 80.48 255.00 19.8
95.0 80.56 255.00 20.4
95.0 80.87 255.00 19.9
95.0 80.95 255.00 20.7
95.0 81.15 255.00 20.3
95.0 81.20 255.00 19.8
95.0 81.27 255.00 20.5
95.0 81.34 255.00 20.3
95.0 81.47 255.00 20.2
95.0 81.58 255.00 20.5
95.0 81.56 255.00 20.2
95.0 81.60 255.00 20.5
95.0 81.70 255.00 20.2
95.0 81.54 255.00 20.2
95.0 81.61 255.00 20.4
95.0 81.75 255.00 20.3
95.0 81.61 255.00 20.7
95.0 81.74 255.00 20.4
95.0 81.67 255.00 20.1
95.0 81.70 255.00 21.1
95.0 81.93 255.00 20.1
95.0 81.93 255.00 20.1
95.0 81.90 255.00 20.7
95.0 82.01 255.00 19.7
95.0 82.13 255.00 20.0
95.0 82.15 255.00 20.0
95.0 82.40 255.00 20.0
95.0 82.49 255.00 20.1
95.0 82.57 255.00 19.8
95.0 82.96 255.00 20.2
95.0 82.99 255.00 20.1
95.0 83.12 255.00 19.8
95.0 83.45 255.00 20.4
95.0 83.72 255.00 20.0
95.0 83.77 255.00 19.8
95.0 83.83 255.00 20.2
95.0 83.74 255.00 19.3
95.0 83.80 255.00 19.8
95.0 83.78 255.00 20.1
95.0 83.87 255.00 20.1
95.0 83.88 255.00 19.6
95.0 83.82 255.00 20.1
95.0 83.76 255.00 20.5
95.0 83.82 255.00 19.7
95.0 83.83 255.00 20.0
95.0 83.84 255.00 19.9
95.0 84.00 255.00 20.2
95.0 83.99 255.00 20.0
95.0 84.16 255.00 19.7
95.0 84.25 255.00 20.0
95.0 84.66 255.00 20.0
95.0 84.69 255.00 19.6
95.0 84.73 255.00 19.9
95.0 85.05 255.00 19.3
95.0 84.94 255.00 19.8
95.0 84.98 255.00 20.0
95.0 85.09 255.00 19.8
95.0 85.12 255.00 20.2
95.0 85.18 255.00 19.8
95.0 85.09 255.00 20.0
95.0 85.23 255.00 19.6
95.0 85.28 255.00 20.0
95.0 85.36 255.00 19.6
95.0 85.39 255.00 20.0
95.0 85.08 255.00 19.8
95.0 85.18 255.00 19.9
95.0 85.31 255.00 19.8
95.0 85.39 255.00 19.0
95.0 85.32 255.00 20.3
95.0 85.36 255.00 19.9
95.0 85.39 255.00 20.4
95.0 85.61 255.00 19.5
95.0 85.62 255.00 19.8
95.0 85.82 255.00 19.4
95.0 86.03 255.00 20.0
95.0 85.90 255.00 19.9
95.0 86.06 255.00 20.1
95.0 85.92 255.00 19.7
95.0 85.73 255.00 20.1
95.0 85.95 255.00 19.7
95.0 86.04 255.00 19.8
95.0 86.08 255.00 20.4
95.0 86.31 255.00 19.4
95.0 86.32 255.00 19.7
95.0 86.49 255.00 19.5
95.0 86.92 255.00 19.8
95.0 86.99 255.00 19.8
95.0 87.01 255.00 19.9
95.0 87.10 255.00 19.6
95.0 87.11 255.00 18.8
95.0 87.05 255.00 20.0
95.0 87.22 255.00 19.8
95.0 87.18 255.00 20.3
95.0 87.26 255.00 19.4
95.0 87.25 255.00 19.8
95.0 87.36 255.00 19.4
95.0 87.39 255.00 20.0
95.0 87.33 255.00 19.7
95.0 87.43 255.00 19.9
95.0 87.49 255.00 19.8
95.0 87.53 255.00 19.4
95.0 87.66 255.00 19.7
95.0 87.65 255.00 19.6
95.0 87.76 255.00 19.2
95.0 87.78 255.00 19.8
95.0 87.84 255.00 19.7
95.0 87.97 255.00 19.7
95.0 87.82 255.00 19.6
95.0 88.12 255.00 19.3
95.0 88.18 255.00 19.4
95.0 88.28 255.00 19.6
95.0 88.33 255.00 20.4
95.0 88.41 255.00 19.2
95.0 88.48 255.00 19.6
95.0 88.51 255.00 19.1
95.0 88.78 255.00 19.5
95.0 88.51 255.00 19.6
95.0 88.54 255.00 19.5
95.0 88.89 255.00 19.7
95.0 88.80 255.00 20.5
95.0 89.00 255.00 19.4
95.0 88.94 255.00 19.7
95.0 89.00 255.00 19.2
95.0 88.97 255.00 19.4
95.0 88.99 255.00 19.6
95.0 89.13 255.00 19.3
95.0 89.17 255.00 19.7
95.0 89.09 255.00 20.0
95.0 89.18 255.00 19.8
95.0 89.26 255.00 19.7
95.0 89.50 255.00 20.0
95.0 89.67 255.00 19.3
95.0 89.66 255.00 19.6
95.0 89.69 255.00 19.4
95.0 89.52 255.00 19.5
95.0 89.78 255.00 19.3
95.0 89.88 255.00 19.3
95.0 90.06 255.00 19.5
95.0 90.13 255.00 19.2
95.0 90.16 255.00 19.6
95.0 90.31 255.00 19.5
95.0 90.36 255.00 19.8
95.0 90.40 255.00 19.6
95.0 90.90 250.03 19.6
95.0 91.02 250.28 19.1
95.0 91.17 250.52 18.9
95.0 91.13 250.74 19.0
95.0 91.23 250.95 19.0
95.0 91.54 246.97 19.3
95.0 91.60 247.38 18.5
95.0 91.27 247.76 18.1
95.0 91.31 248.12 18.4
95.0 91.14 248.46 18.6
95.0 91.15 248.79 18.2
95.0 91.16 249.10 19.0
95.0 91.16 249.39 18.9
95.0 91.21 249.68 18.9
95.0 91.58 243.56 19.0
95.0 91.63 244.14 18.2
95.0 91.72 244.21 18.5
95.0 91.59 244.75 18.3
95.0 91.64 245.22 18.8
95.0 91.64 245.71 18.5
95.0 91.73 244.93 18.3
95.0 92.24 234.36 18.7
95.0 92.01 235.39 17.7
95.0 91.77 236.37 17.5
95.0 91.51 237.30 17.0
95.0 91.48 238.19 18.1
95.0 91.54 239.03 17.8
95.0 91.47 239.83 17.6
95.0 91.85 233.63 18.5
95.0 92.30 224.62 17.6
95.0 92.24 226.14 17.0
95.0 92.27 225.40 16.8
95.0 92.43 222.56 16.6
95.0 92.44 221.69 16.6
95.0 92.28 223.35 16.4
95.0 92.22 224.90 16.4
95.0 91.99 226.40 16.5
95.0 92.14 223.76 17.0
95.0 92.22 222.81 16.8
95.0 92.25 222.83 16.4
95.0 92.42 218.79 16.9
95.0 92.57 215.33 16.3
95.0 92.61 213.47 16.0
95.0 92.60 213.71 15.5
95.0 92.83 207.19 15.9
95.0 92.58 209.58 15.3
95.0 92.54 210.67 15.3
95.0 92.54 210.72 15.0
95.0 92.63 208.00 15.5
95.0 92.85 203.04 16.1
95.0 92.96 199.04 15.1
95.0 93.05 195.56 14.6
95.0 93.09 192.78 14.1
95.0 92.99 193.76 13.8
95.0 93.08 190.48 14.0
95.0 93.36 181.92 13.8
95.0 93.37 180.01 12.6
95.0 93.56 172.76 12.7
95.0 93.64 168.32 12.0
95.0 93.72 163.95 11.6
95.0 93.64 163.04 11.2
95.0 93.36 167.59 11.0
95.0 93.46 163.79 11.4
95.0 93.46 162.25 11.5
95.0 93.55 158.53 11.1
95.0 93.78 150.82 11.3
95.0 93.66 151.69 10.4
95.0 93.68 148.98 10.4
95.0 93.90 141.55 10.1
95.0 93.80 141.57 9.6
95.0 93.86 137.66 9.5
95.0 93.91 134.14 8.7
95.0 93.91 131.69 9.0
95.0 93.91 129.79 8.9
95.0 94.01 125.08 8.9
95.0 94.14 119.56 8.5
95.0 94.12 117.54 7.7
95.0 94.14 114.63 7.5
95.0 94.26 109.42 7.3
95.0 94.09 111.32 7.0
95.0 94.12 108.97 7.3
95.0 94.29 102.50 6.7
95.0 94.30 100.07 7.0
95.0 94.31 97.60 6.8
95.0 94.41 92.74 7.4
95.0 94.55 86.71 6.5
95.0 94.58 83.21 6.0
95.0 94.56 81.28 6.2
95.0 94.69 75.40 5.8
95.0 94.66 73.66 6.5
95.0 94.72 69.41 6.1
95.0 94.88 62.84 6.2
95.0 94.83 61.47 6.7
95.0 94.88 57.65 6.3
95.0 94.88 55.30 6.5
95.0 94.93 51.82 5.9
95.0 94.97 48.39 6.1
95.0 94.77 51.26 6.0
95.0 94.78 49.32 6.3
95.0 94.83 46.37 6.1
95.0 94.88 43.30 6.1
95.0 94.93 40.34 6.3
95.0 94.97 37.54 6.1
95.0 94.96 36.09 6.4
95.0 94.90 35.96 6.0
95.0 94.94 33.35 5.6
95.0 94.75 36.83 6.0
95.0 94.91 31.63 6.0
95.0 95.00 27.90 6.3
95.0 94.75 32.93 6.7
95.0 94.81 30.73 7.4
95.0 94.86 28.56 7.0
95.0 95.06 22.29 7.2
95.0 95.19 17.50 7.6
95.0 95.15 16.69 8.1
95.0 95.22 13.43 7.6
95.0 95.23 11.58 7.8
95.0 95.29 8.50 7.8
95.0 95.34 5.52 8.1
95.0 95.29 5.41 7.8
95.0 95.30 3.96 7.5
95.0 95.30 2.53 7.6
95.0 95.26 2.48 7.4
95.0 95.41 -3.06 7.3
95.0 95.46 -5.64 7.9
95.0 95.54 -9.45 7.9
95.0 95.62 -13.19 8.1
95.0 95.64 -15.55 8.7
95.0 95.66 -17.93 9.1
95.0 95.48 -15.38 9.1
95.0 95.28 -11.20 9.1
95.0 95.19 -9.54 8.4
95.0 95.30 -12.87 8.2
95.0 95.36 -14.84 8.4
95.0 95.45 -18.05 8.5
95.0 95.64 -23.81 9.4
95.0 95.56 -23.32 9.7
95.0 95.69 -27.71 9.9
95.0 95.60 -26.89 9.8
95.0 95.58 -27.26 9.7
95.0 95.70 -31.48 9.6
95.0 95.57 -29.24 9.9
95.0 95.65 -32.07 9.7
95.0 95.61 -32.40 9.5
95.0 95.64 -33.89 9.5
95.0 95.75 -37.86 9.7
95.0 95.71 -37.89 10.1
95.0 95.63 -37.24 10.2
95.0 95.65 -38.51 10.0
95.0 95.71 -41.07 9.2
95.0 95.63 -39.84 10.4
95.0 95.70 -42.31 9.9
95.0 95.86 -47.29 10.0
95.0 95.86 -48.62 10.6
95.0 95.62 -44.08 11.1
95.0 95.69 -46.31 10.4
95.0 95.85 -51.06 10.5
95.0 95.85 -52.36 11.2
95.0 95.95 -55.78 11.7
95.0 95.84 -54.20 11.9
95.0 95.89 -56.49 11.8
95.0 95.98 -59.77 11.9
95.0 95.96 -60.71 12.1
95.0 96.00 -62.63 12.1
95.0 95.84 -60.26 12.4
95.0 95.84 -60.74 11.7
95.0 95.74 -58.98 11.8
95.0 95.56 -54.81 11.7
95.0 95.63 -56.39 10.8
95.0 95.55 -54.25 10.8
95.0 95.58 -54.64 10.8
95.0 95.51 -52.69 10.3
95.0 95.49 -51.75 10.1
95.0 95.43 -49.76 10.4
95.0 95.37 -47.75 9.3
95.0 95.46 -49.32 9.1
95.0 95.50 -49.66 9.2
95.0 95.58 -51.39 9.3
95.0 95.61 -51.78 10.0
95.0 95.44 -47.72 9.9
95.0 95.38 -45.55 9.1
95.0 95.47 -47.24 8.9
95.0 95.51 -47.76 9.0
95.0 95.54 -48.23 8.9
95.0 95.82 -55.29 9.1
95.0 95.50 -47.70 9.8
95.0 95.53 -48.23 10.2
95.0 95.66 -51.32 10.1
95.0 95.63 -51.02 10.8
95.0 95.85 -56.74 10.3
95.0 95.90 -58.79 10.9
95.0 95.70 -54.95 11.4
95.0 95.76 -56.71 11.0
95.0 95.82 -58.59 10.9
95.0 95.77 -57.88 11.1
95.0 95.68 -56.35 11.0
95.0 95.69 -56.75 10.8
95.0 95.61 -54.91 10.4
95.0 95.44 -50.69 10.2
95.0 95.33 -47.50 9.7
95.0 95.33 -46.46 8.6
95.0 95.28 -44.32 8.9
95.0 95.44 -47.19 8.4
95.0 95.43 -46.31 8.6
95.0 95.28 -41.96 8.6
95.0 95.19 -38.75 8.2
95.0 95.25 -39.21 7.8
95.0 95.21 -37.21 8.5
95.0 95.27 -37.78 7.5
95.0 95.23 -35.97 7.2
95.0 95.10 -31.80 7.1
95.0 95.12 -31.23 7.1
95.0 95.05 -28.30 6.5
95.0 94.98 -25.39 6.4
95.0 94.97 -23.71 6.3
95.0 95.26 -29.69 5.4
95.0 95.17 -27.06 6.4
95.0 95.00 -22.07 7.1
95.0 95.03 -21.84 6.3
95.0 95.06 -21.64 6.7
95.0 94.81 -14.47 6.3
95.0 94.67 -9.45 6.2
95.0 94.64 -6.92 6.3
95.0 94.52 -2.06 6.9
95.0 94.56 -0.96 6.8
95.0 94.59 -0.07 6.7
95.0 94.56 2.03 6.2
95.0 94.59 2.87 6.0
95.0 94.82 -2.21 5.9
95.0 94.63 3.38 6.1
95.0 94.52 7.88 6.5
95.0 94.41 12.19 6.3
95.0 94.36 15.19 6.9
95.0 94.31 18.03 6.8
95.0 94.23 22.07 7.0
95.0 94.15 26.02 7.1
95.0 94.12 28.53 7.3
95.0 94.06 32.29 6.9
95.0 94.00 35.94 7.4
95.0 93.90 40.69 7.6
95.0 93.80 45.21 8.0
95.0 93.77 48.54 8.4
95.0 94.02 44.25 7.8
95.0 93.79 52.08 8.6
95.0 93.89 51.42 9.1
95.0 93.76 56.63 8.6
95.0 93.68 60.82 9.3
95.0 93.66 63.29 9.7
95.0 93.88 59.19 9.4
95.0 93.70 65.26 9.9
95.0 93.49 72.40 10.2
95.0 93.35 78.46 10.5
95.0 93.41 79.51 11.3
95.0 93.32 84.48 11.2
95.0 93.29 87.67 11.8
95.0 93.31 89.55 12.0
95.0 93.23 93.94 12.1
95.0 93.12 99.35 12.2
95.0 92.97 105.76 12.6
95.0 92.84 112.09 13.4
95.0 92.81 116.91 14.2
95.0 92.25 123.81 14.4
95.0 92.10 130.37 15.3
95.0 92.15 134.63 15.8
95.0 92.23 138.75 16.0
95.0 92.18 144.56 17.0
95.0 92.12 150.08 17.2
95.0 91.99 155.33 17.6
95.0 92.00 159.63 18.7
95.0 91.76 164.39 18.3
95.0 91.79 168.92 19.0
95.0 91.82 173.23 18.9
95.0 91.94 174.66 20.0
95.0 91.83 178.67 19.6
95.0 91.81 182.49 19.8
95.0 91.79 186.12 20.1
95.0 91.91 186.94 20.5
95.0 91.89 190.35 20.5
95.0 91.74 193.58 20.3
95.0 91.73 196.65 20.9
95.0 91.77 199.57 21.5
95.0 91.67 202.34 21.0
95.0 91.67 204.97 22.1
95.0 91.80 205.05 21.1
95.0 91.79 207.55 21.1
95.0 91.65 209.92 20.9
95.0 91.52 212.18 21.5
95.0 91.49 214.32 21.5
95.0 91.51 216.35 22.0
95.0 91.23 218.29 21.6
95.0 91.15 220.12 21.9
95.0 91.11 221.87 21.7
95.0 91.13 223.52 22.2
95.0 91.09 225.10 22.1
95.0 90.98 226.59 22.0
95.0 90.84 228.01 22.2
95.0 90.79 229.36 22.1
95.0 90.67 230.64 22.6
95.0 90.25 231.86 22.0
95.0 90.14 233.02 22.2
95.0 90.16 234.12 22.2
95.0 90.23 235.16 22.2
95.0 90.46 236.15 22.3
95.0 90.71 237.10 22.0
95.0 91.08 234.77 22.4
95.0 90.81 235.78 22.2
95.0 90.76 236.75 22.2
95.0 90.81 237.66 22.0
95.0 90.64 238.53 21.5
95.0 90.62 239.35 22.4
95.0 90.43 240.13 21.9
95.0 90.51 240.88 22.6
95.0 90.38 241.58 21.5
95.0 90.50 242.25 22.0
95.0 90.53 242.89 21.5
95.0 90.52 243.50 22.2
95.0 90.51 244.07 22.0
95.0 90.25 244.62 22.8
95.0 90.27 245.14 21.6
95.0 90.19 245.63 21.9
95.0 90.13 246.10 22.5
95.0 90.11 246.54 22.2
95.0 90.10 246.97 22.0
95.0 90.05 247.37 21.5
95.0 90.00 247.75 22.3
95.0 90.04 248.11 22.0
95.0 90.11 248.46 21.6
95.0 90.14 248.78 21.6
95.0 90.00 249.09 21.9
95.0 90.04 249.39 22.1
95.0 89.91 249.67 22.0
95.0 89.96 249.94 21.9
95.0 89.92 250.19 22.2
95.0 89.96 250.43 21.3
95.0 89.97 250.66 21.8
95.0 89.92 250.88 21.5
95.0 89.81 251.08 21.5
95.0 89.95 251.28 21.7
95.0 90.08 251.46 21.2
95.0 90.03 251.64 21.9
95.0 90.06 251.81 21.5
95.0 90.01 251.97 21.7
95.0 90.05 252.12 21.8
95.0 90.08 252.26 21.6
95.0 90.07 252.40 21.9
95.0 89.67 252.53 21.4
95.0 89.66 252.65 21.6
95.0 89.65 252.77 21.2
95.0 89.90 252.88 21.3
95.0 90.07 252.99 21.4
95.0 90.10 253.09 21.6
95.0 89.81 253.18 21.3
95.0 90.04 253.28 21.3
95.0 90.03 253.36 21.1
95.0 89.99 253.44 21.4
95.0 89.82 253.52 21.3
95.0 89.92 253.60 21.1
95.0 90.05 253.67 21.0
95.0 90.13 253.73 21.3
95.0 90.20 253.80 21.1
95.0 90.34 253.86 21.3
95.0 90.30 253.91 21.1
95.0 90.23 253.97 21.5
95.0 90.20 254.02 20.9
95.0 90.02 254.07 21.1
95.0 90.06 254.11 20.7
95.0 90.09 254.16 21.2
95.0 89.96 254.20 21.1
95.0 89.92 254.24 21.0
95.0 89.72 254.28 20.9
95.0 89.43 254.32 21.1
95.0 89.49 254.35 20.9
95.0 89.66 254.38 21.2
95.0 89.77 254.41 20.9
95.0 89.88 254.44 20.7
95.0 90.33 254.18 20.6
95.0 90.69 251.62 20.7
95.0 90.78 251.79 20.2
95.0 90.87 251.95 20.6
95.0 90.78 252.10 19.9
95.0 90.62 252.25 20.2
95.0 90.59 252.38 20.4
95.0 90.62 252.52 19.5
95.0 90.63 252.64 20.5
95.0 90.74 252.76 20.5
95.0 90.92 252.87 20.1
95.0 90.91 252.98 20.1
95.0 90.77 253.08 20.5
95.0 90.57 253.17 21.1
95.0 90.77 253.26 20.7
95.0 90.86 253.35 20.6
95.0 90.77 253.43 20.0
95.0 90.73 253.51 20.9
95.0 90.78 253.59 20.5
95.0 91.00 253.66 19.9
95.0 90.98 253.72 20.7
95.0 91.05 253.79 20.4
95.0 91.07 253.85 20.4
95.0 91.21 253.91 20.2
95.0 91.13 253.96 20.5
95.0 91.01 254.01 20.6
95.0 91.04 254.06 20.1
95.0 91.01 254.11 20.5
95.0 91.17 254.15 20.2
95.0 91.39 251.43 20.7
95.0 91.51 251.61 20.1
95.0 91.48 251.78 20.4
95.0 91.25 251.94 20.0
95.0 90.88 252.09 20.1
95.0 90.96 252.24 20.0
95.0 91.12 252.21 20.3
95.0 91.35 250.64 20.2
95.0 91.51 249.81 20.1
95.0 91.53 250.07 19.8
95.0 91.25 250.32 20.5
95.0 91.38 250.55 19.7
95.0 91.28 250.78 19.9
95.0 91.19 250.99 20.2
95.0 91.11 251.19 20.0
95.0 91.39 248.55 20.0
95.0 91.46 248.88 19.5
95.0 91.57 248.22 19.3
95.0 91.62 248.56 19.5
95.0 91.76 246.54 19.5
95.0 92.22 237.06 19.4
95.0 92.29 235.30 18.3
95.0 92.70 225.39 17.9
95.0 92.64 225.07 17.0
95.0 92.45 226.56 16.8
95.0 92.25 227.99 17.9
95.0 92.32 226.01 17.1
95.0 92.21 227.46 17.2
95.0 92.29 226.18 17.6
95.0 92.27 226.99 17.4
95.0 92.12 228.39 17.4
95.0 92.21 227.88 17.7
95.0 92.11 229.23 17.7
95.0 92.58 218.73 17.7
95.0 92.62 216.68 17.4
95.0 92.71 214.60 16.4
95.0 92.60 215.90 16.2
95.0 92.64 214.47 16.5
95.0 92.68 213.04 16.3
95.0 92.71 211.13 16.2
95.0 92.74 209.74 16.2
95.0 92.90 205.00 15.8
95.0 92.91 203.56 15.4
95.0 93.06 198.27 15.1
95.0 93.09 195.76 14.5
95.0 93.13 193.31 14.6
95.0 93.21 189.80 14.3
95.0 93.19 188.20 13.7
95.0 93.17 187.42 13.6
95.0 93.15 186.00 13.8
95.0 93.09 186.14 13.7
95.0 93.62 171.34 13.6
95.0 93.65 168.01 14.2
95.0 93.72 163.65 13.2
95.0 93.79 159.06 13.3
95.0 93.80 156.28 12.9
95.0 93.81 153.12 12.1
95.0 94.32 138.14 11.6
95.0 94.37 132.86 12.3
95.0 94.33 130.04 12.8
95.0 94.19 129.66 11.5
95.0 94.26 125.04 11.3
95.0 94.27 121.69 11.0
95.0 94.43 114.96 10.3
95.0 94.47 110.49 10.4
95.0 94.51 106.46 9.5
95.0 94.49 103.39 9.1
95.0 94.53 99.26 8.4
95.0 94.33 101.32 8.2
95.0 94.34 98.88 7.5
95.0 94.44 93.92 8.0
95.0 94.57 87.53 7.9
95.0 94.56 85.33 8.0
95.0 94.58 82.02 7.6
95.0 94.66 77.41 7.4
95.0 94.58 76.83 7.4
95.0 94.61 73.91 7.1
95.0 94.36 78.29 6.7
95.0 94.51 72.76 6.9
95.0 94.64 67.36 7.4
95.0 95.07 54.67 7.4
95.0 95.14 49.61 8.4
95.0 95.21 44.77 8.8
95.0 94.99 47.80 9.0
95.0 95.07 43.26 9.2
95.0 95.10 40.12 8.9
95.0 95.27 33.02 9.1
95.0 95.18 32.48 9.3
95.0 95.20 29.75 9.4
95.0 95.57 17.69 9.0
95.0 95.65 12.58 9.9
95.0 95.66 8.90 10.4
95.0 95.68 5.38 10.6
95.0 95.69 2.13 10.7
95.0 95.76 -2.40 10.6
95.0 95.81 -6.89 10.9
95.0 95.81 -9.83 11.1
95.0 95.97 -16.61 11.5
95.0 95.95 -19.69 11.1
95.0 95.94 -22.58 12.3
95.0 96.03 -27.64 12.3
95.0 96.06 -31.50 12.3
95.0 96.19 -37.71 12.8
95.0 96.25 -42.61 13.5
95.0 96.16 -43.42 14.0
95.0 96.18 -46.96 14.0
95.0 96.14 -48.67 13.7
95.0 96.26 -54.18 14.1
95.0 96.27 -56.92 15.5
95.0 96.22 -58.56 14.8
95.0 96.33 -63.74 14.7
95.0 96.33 -66.13 14.6
95.0 96.38 -70.12 15.3
95.0 96.43 -73.54 15.5
95.0 96.47 -77.12 15.6
95.0 96.40 -78.15 16.0
95.0 96.55 -83.97 16.2
95.0 96.58 -86.98 16.6
95.0 96.50 -87.73 17.5
95.0 96.58 -92.00 17.0
95.0 96.61 -94.96 17.2
95.0 96.63 -97.52 17.6
95.0 97.03 -105.40 17.4
95.0 97.33 -112.88 18.5
95.0 97.13 -112.61 19.3
95.0 97.10 -116.51 19.8
95.0 97.12 -120.50 20.3
95.0 97.20 -125.99 20.5
95.0 97.06 -126.55 21.5
95.0 97.14 -131.59 21.1
95.0 97.21 -136.18 21.3
95.0 97.33 -142.12 21.7
95.0 97.38 -146.99 22.2
95.0 97.33 -149.29 23.5
95.0 97.23 -149.61 23.5
95.0 97.29 -154.27 23.6
95.0 97.29 -156.76 23.8
95.0 97.25 -158.37 24.0
95.0 97.42 -163.20 23.8
95.0 97.46 -167.21 24.3
95.0 97.40 -168.13 25.0
95.0 97.34 -169.92 24.6
95.0 97.39 -172.99 24.5
95.0 97.39 -175.22 25.0
95.0 97.43 -178.56 25.2
95.0 97.42 -180.60 25.0
95.0 97.47 -183.31 25.3
95.0 97.61 -186.89 25.8
95.0 97.64 -190.16 26.2
95.0 97.56 -190.87 25.6
95.0 97.59 -193.32 26.7
95.0 98.13 -196.40 26.9
95.0 98.05 -198.42 27.1
95.0 98.08 -201.25 27.3
95.0 97.96 -202.39 26.9
95.0 97.95 -205.02 27.5
95.0 97.54 -197.88 27.8
95.0 97.27 -194.01 26.7
95.0 97.44 -197.06 25.7
95.0 97.59 -199.96 25.9
95.0 97.36 -196.54 26.5
95.0 97.86 -199.46 25.6
95.0 97.86 -202.24 25.0
95.0 97.71 -200.96 25.8
95.0 97.28 -194.12 26.0
95.0 97.29 -194.59 24.8
95.0 97.24 -194.30 24.6
95.0 97.10 -191.54 24.4
95.0 97.28 -194.72 23.8
95.0 97.45 -197.73 24.4
95.0 97.60 -200.59 24.8
95.0 97.57 -201.36 25.9
95.0 97.60 -203.80 24.8
95.0 97.63 -206.19 25.7
95.0 97.25 -199.16 26.0
95.0 97.26 -199.33 25.2
95.0 97.17 -198.06 24.7
95.0 97.24 -199.39 23.5
95.0 97.20 -198.74 24.0
95.0 97.42 -201.55 24.4
95.0 97.47 -204.12 24.6
95.0 97.35 -201.97 25.3
95.0 97.79 -204.62 25.2
95.0 97.60 -202.59 25.2
95.0 97.47 -201.39 24.8
95.0 97.31 -198.17 24.8
95.0 97.31 -199.41 24.4
95.0 96.79 -186.88 24.1
95.0 96.64 -182.33 23.3
95.0 96.51 -177.67 21.9
95.0 96.59 -177.70 21.1
95.0 96.67 -177.65 20.8
95.0 96.68 -177.14 20.9
95.0 96.65 -174.81 21.1
95.0 96.57 -171.71 20.6
95.0 96.49 -168.20 19.9
95.0 96.47 -166.56 19.4
95.0 96.36 -161.94 19.2
95.0 96.12 -154.31 18.2
95.0 96.14 -152.21 17.6
95.0 96.11 -149.09 16.9
95.0 96.08 -145.82 16.4
95.0 96.26 -147.70 16.0
95.0 96.21 -145.07 16.0
95.0 96.27 -144.65 15.7
95.0 96.13 -140.27 16.1
95.0 96.05 -136.29 15.7
95.0 95.98 -132.62 15.0
95.0 96.01 -131.31 14.4
95.0 95.71 -122.26 14.4
95.0 95.63 -117.18 14.0
95.0 95.80 -118.25 12.9
95.0 95.66 -112.65 13.4
95.0 95.43 -104.81 12.5
95.0 95.33 -98.90 11.9
95.0 95.28 -94.34 11.0
95.0 95.29 -90.94 10.4
95.0 95.15 -84.29 9.6
95.0 95.07 -78.75 9.6
95.0 95.05 -74.56 9.2
95.0 95.18 -74.37 8.6
95.0 95.14 -70.51 8.3
95.0 95.12 -66.91 7.9
95.0 95.04 -62.09 7.4
95.0 95.12 -61.13 7.3
95.0 94.86 -52.08 7.0
95.0 94.81 -47.69 6.9
95.0 94.50 -36.35 7.6
95.0 94.53 -33.36 7.9
95.0 94.42 -27.05 8.5
95.0 94.33 -20.90 7.6
95.0 94.29 -16.04 7.8
95.0 94.44 -16.18 7.9
95.0 94.48 -14.11 7.7
95.0 94.52 -12.35 7.7
95.0 94.41 -7.06 6.9
95.0 94.41 -4.32 7.1
95.0 94.40 -1.83 7.0
95.0 94.31 3.09 7.1
95.0 94.18 9.11 7.3
95.0 94.15 12.57 6.8
95.0 94.13 15.74 7.1
95.0 93.97 22.50 7.7
95.0 93.87 27.96 8.2
95.0 94.02 27.14 8.2
95.0 93.91 32.30 8.0
95.0 93.78 38.44 8.1
95.0 93.61 45.76 8.4
95.0 93.55 50.30 8.9
95.0 93.45 55.90 10.3
95.0 93.40 60.62 10.4
95.0 93.18 69.61 10.3
95.0 93.03 77.40 11.4
95.0 92.98 82.49 11.9
95.0 92.94 87.75 12.7
95.0 92.99 90.54 13.4
95.0 93.08 91.45 13.4
95.0 93.21 91.49 12.9
95.0 93.06 98.15 12.9
95.0 92.96 103.62 13.9
95.0 92.62 111.19 14.4
95.0 92.35 118.38 14.9
95.0 92.33 124.46 16.1
95.0 92.40 128.11 16.7
95.0 92.32 134.23 16.6
95.0 92.34 139.06 16.5
95.0 92.36 142.50 17.5
95.0 92.34 146.85 18.1
95.0 92.23 152.26 18.3
95.0 92.13 157.39 18.5
95.0 92.55 151.69 19.3
95.0 92.55 154.17 18.7
95.0 92.41 159.22 18.3
95.0 92.38 162.65 18.7
95.0 92.40 165.39 18.8
95.0 92.16 169.87 19.4
95.0 92.15 173.75 19.4
95.0 92.19 175.76 20.0
95.0 92.14 179.72 20.0
95.0 92.09 183.49 20.7
95.0 91.76 187.06 20.9
95.0 91.83 189.75 20.9
95.0 91.77 193.01 21.1
95.0 91.59 196.11 21.9
95.0 91.43 199.06 21.5
95.0 91.37 201.85 21.7
95.0 91.31 204.51 22.4
95.0 91.30 207.04 21.5
95.0 91.43 208.73 22.0
95.0 91.20 211.04 22.2
95.0 91.12 213.24 22.4
95.0 91.31 214.72 22.0
95.0 91.21 216.73 22.6
95.0 91.21 218.65 22.5
95.0 91.13 220.46 22.4
95.0 90.78 222.19 22.7
95.0 90.70 223.83 22.8
95.0 90.93 224.51 22.7
95.0 90.83 226.04 23.0
95.0 90.70 227.49 22.5
95.0 90.63 228.86 22.8
95.0 90.48 230.17 22.8
95.0 90.47 231.41 22.4
95.0 90.51 232.59 22.9
95.0 90.45 233.71 22.8
95.0 90.49 234.78 22.8
95.0 90.39 235.79 23.2
95.0 90.61 236.75 22.5
95.0 90.54 237.66 23.0
95.0 90.49 238.53 22.9
95.0 90.31 239.35 22.6
95.0 89.96 240.13 23.1
95.0 89.97 240.88 23.0
95.0 90.01 241.58 22.8
95.0 90.22 242.25 23.2
95.0 90.36 242.89 22.5
95.0 90.45 243.50 22.9
95.0 90.66 244.07 22.8
95.0 90.51 244.62 22.4
95.0 90.18 245.14 22.8
95.0 90.11 245.63 22.8
95.0 89.90 246.10 22.7
95.0 90.12 246.54 23.0
95.0 90.36 246.97 22.4
95.0 90.41 247.37 22.7
95.0 90.66 247.33 22.7
95.0 90.68 247.72 22.4
95.0 90.49 248.08 22.8
95.0 90.48 248.43 22.6
95.0 90.51 248.76 22.1
95.0 90.41 249.07 22.4
95.0 89.87 249.36 22.4
95.0 90.01 249.65 22.5
95.0 89.84 249.91 22.4
95.0 89.86 250.17 22.0
95.0 89.52 250.41 21.9
95.0 89.64 250.64 22.2
95.0 90.02 250.86 22.2
95.0 89.98 251.06 21.9
95.0 89.90 251.26 22.7
95.0 89.86 251.45 22.1
95.0 90.04 251.63 22.1
95.0 89.99 251.79 22.0
95.0 89.91 251.95 22.2
95.0 89.87 252.11 22.2
95.0 89.50 252.25 22.0
95.0 89.63 252.39 22.2
95.0 89.66 252.52 21.6
95.0 89.61 252.64 22.2
95.0 89.60 252.76 22.0
95.0 89.72 252.87 21.7
95.0 89.79 252.98 21.9
95.0 89.57 253.08 21.8
95.0 89.22 253.18 21.8
95.0 89.30 253.27 22.4
95.0 89.24 253.35 21.3
95.0 89.53 253.44 21.7
95.0 89.37 253.52 21.7
95.0 89.35 253.59 22.1
95.0 89.41 253.66 21.7
95.0 89.47 253.73 21.7
95.0 89.64 253.79 21.7
95.0 89.76 253.85 21.2
95.0 89.78 253.91 21.7
95.0 89.76 253.96 21.3
95.0 89.99 254.01 21.6
95.0 90.12 254.06 20.7
95.0 90.10 254.11 21.4
95.0 89.89 254.16 21.2
95.0 89.98 254.20 21.3
95.0 90.06 254.24 22.4
95.0 90.14 254.28 21.3
95.0 90.20 254.31 21.3
95.0 90.14 254.35 21.2
95.0 90.16 254.38 21.6
95.0 89.98 254.41 21.0
95.0 90.33 254.44 21.5
95.0 90.29 254.47 21.3
95.0 90.06 254.49 21.1
95.0 90.09 254.52 21.5
95.0 90.47 254.54 21.2
95.0 90.64 254.57 21.2
95.0 90.92 253.77 21.3
95.0 90.99 253.83 20.8
95.0 91.10 253.89 20.7
95.0 91.03 253.95 20.7
95.0 90.97 254.00 21.0
95.0 90.99 254.05 20.5
95.0 91.06 254.10 20.9
95.0 90.95 254.14 20.9
95.0 90.89 254.19 20.9
95.0 91.06 254.23 20.3
95.0 91.12 254.27 20.9
95.0 91.09 254.30 20.5
95.0 90.93 254.34 20.8
95.0 90.88 254.37 20.4
95.0 90.91 254.40 20.8
95.0 91.41 247.32 20.8
95.0 91.35 247.70 20.3
95.0 91.51 247.03 19.9
95.0 91.27 247.43 19.8
95.0 91.36 247.81 19.8
95.0 91.22 248.17 19.7
95.0 91.31 248.51 20.2
95.0 91.34 248.84 19.9
95.0 91.37 249.14 20.0
95.0 91.58 247.24 19.1
95.0 91.68 247.25 20.4
95.0 91.51 247.64 19.4
95.0 91.61 246.98 19.8
95.0 91.57 247.38 20.7
95.0 91.76 244.35 19.6
95.0 91.84 244.17 19.9
95.0 91.95 242.76 19.5
95.0 91.97 243.37 19.8
95.0 92.02 242.19 19.6
95.0 92.36 233.96 19.3
95.0 92.20 235.01 18.4
95.0 92.37 230.44 18.5
95.0 92.57 225.35 17.9
95.0 92.61 223.50 17.4
95.0 92.65 221.67 17.0
95.0 92.64 220.50 17.2
95.0 92.72 218.19 16.6
95.0 93.08 207.57 16.5
95.0 93.07 205.66 15.7
95.0 93.16 201.18 15.0
95.0 93.28 196.54 15.1
95.0 93.16 196.75 14.4
95.0 93.23 192.57 14.0
95.0 93.54 183.62 14.2
95.0 93.58 179.49 13.4
95.0 93.57 176.95 13.1
95.0 93.65 172.29 12.7
95.0 93.67 168.86 11.9
95.0 93.99 157.92 12.0
95.0 93.84 157.89 11.8
95.0 93.85 154.81 11.8
95.0 93.81 153.00 11.6
95.0 93.73 152.29 11.6
95.0 93.99 144.29 11.7
95.0 94.03 140.24 11.4
95.0 93.88 141.03 10.6
95.0 93.93 137.32 10.6
95.0 93.97 133.97 10.7
95.0 94.06 129.55 10.2
95.0 94.14 124.94 9.7
95.0 94.46 114.61 8.8
95.0 94.50 109.96 9.1
95.0 94.53 105.63 9.5
95.0 94.71 97.49 8.4
95.0 94.87 89.75 8.8
95.0 94.87 85.78 8.6
95.0 94.92 80.71 8.6
95.0 94.77 80.71 8.4
95.0 94.83 75.99 8.6
95.0 94.83 72.79 8.0
95.0 94.60 76.01 7.6
95.0 94.63 73.11 7.8
95.0 94.65 70.32 7.7
95.0 94.44 73.85 7.4
95.0 94.68 66.10 7.4
95.0 94.65 64.84 7.8
95.0 94.72 61.18 7.5
95.0 94.73 58.80 7.4
95.0 94.74 56.53 7.1
95.0 94.80 53.27 6.8
95.0 94.95 47.20 6.5
95.0 94.85 47.75 6.8
95.0 94.85 45.94 7.0
95.0 95.05 38.81 6.5
95.0 95.33 29.31 6.8
95.0 95.48 22.50 8.0
95.0 95.61 15.96 8.7
95.0 95.59 13.59 9.1
95.0 95.61 10.03 9.1
95.0 95.63 6.53 9.3
95.0 95.60 4.61 9.3
95.0 95.62 1.49 9.5
95.0 95.74 -4.27 9.5
95.0 95.96 -12.67 9.9
95.0 95.85 -13.55 10.8
95.0 96.05 -21.51 11.0
95.0 96.07 -25.72 11.6
95.0 96.25 -33.52 11.8
95.0 96.11 -33.94 12.8
95.0 96.24 -40.01 12.7
95.0 96.50 -50.02 13.2
95.0 96.59 -56.18 13.8
95.0 96.72 -63.46 14.9
95.0 96.83 -70.38 16.2
95.0 96.83 -75.28 17.0
95.0 96.88 -80.49 17.0
95.0 97.14 -89.21 18.1
95.0 97.01 -91.49 19.0
95.0 96.99 -94.89 19.2
95.0 97.13 -102.32 19.3
95.0 97.05 -104.60 20.0
95.0 96.98 -107.54 20.4
95.0 97.01 -111.75 20.0
95.0 96.99 -114.98 20.3
95.0 97.08 -120.45 20.8
95.0 97.27 -127.18 21.0
95.0 97.38 -133.54 21.9
95.0 97.27 -135.85 22.8
95.0 97.38 -141.78 22.6
95.0 97.43 -146.79 23.5
95.0 97.42 -150.42 24.2
95.0 97.47 -155.08 24.8
95.0 97.56 -160.07 24.9
95.0 98.04 -164.82 25.6
95.0 97.58 -158.74 26.3
95.0 97.17 -152.90 24.9
95.0 97.40 -158.00 23.2
95.0 97.05 -153.59 24.0
95.0 97.40 -158.66 22.6
95.0 97.25 -158.05 22.9
95.0 97.15 -158.29 22.8
95.0 97.28 -163.13 22.8
95.0 97.34 -166.42 23.1
95.0 97.49 -170.84 23.5
95.0 97.75 -175.05 24.5
95.0 97.87 -179.05 24.7
95.0 98.44 -182.85 24.8
95.0 98.38 -186.45 25.7
95.0 98.49 -189.88 26.5
95.0 98.70 -193.14 26.4
95.0 98.56 -196.23 26.8
95.0 98.60 -199.17 27.1
95.0 98.74 -201.96 27.5
95.0 98.71 -204.61 27.7
95.0 98.57 -207.13 27.9
95.0 98.61 -209.53 27.7
95.0 98.59 -211.80 28.6
95.0 98.46 -213.95 29.1
95.0 98.45 -216.00 28.8
95.0 98.45 -217.95 28.4
95.0 98.61 -219.80 28.8
95.0 98.23 -215.52 29.2
95.0 98.41 -217.49 28.4
95.0 98.36 -219.37 28.2
95.0 98.31 -221.15 27.5
95.0 98.31 -222.84 29.0
95.0 98.32 -224.45 28.0
95.0 98.38 -225.98 29.0
95.0 97.94 -219.66 28.8
95.0 97.53 -212.66 27.9
95.0 97.67 -214.77 26.5
95.0 97.49 -211.29 26.7
95.0 97.74 -213.47 25.7
95.0 97.97 -215.55 25.3
95.0 98.12 -217.52 26.9
95.0 98.15 -219.39 26.1
95.0 98.17 -221.17 26.7
95.0 97.79 -214.81 27.3
95.0 97.45 -209.63 26.2
95.0 97.49 -210.93 25.0
95.0 97.64 -213.14 25.1
95.0 97.82 -215.23 25.2
95.0 97.88 -217.22 26.0
95.0 98.45 -219.11 26.0
95.0 98.66 -220.90 26.4
95.0 98.33 -218.84 26.8
95.0 98.28 -220.64 27.1
95.0 98.19 -221.76 26.2
95.0 98.16 -223.42 27.0
95.0 98.07 -224.14 26.9
95.0 98.50 -225.68 27.1
95.0 98.55 -227.15 27.7
95.0 98.53 -228.54 27.6
95.0 98.52 -229.87 27.5
95.0 98.72 -231.12 27.8
95.0 98.59 -232.32 28.1
95.0 98.62 -233.45 28.2
95.0 98.76 -234.53 28.2
95.0 98.83 -235.55 28.4
95.0 98.68 -236.52 28.7
95.0 98.50 -236.37 29.9
95.0 98.43 -237.31 28.2
95.0 98.38 -238.19 28.2
95.0 98.33 -239.03 29.0
95.0 97.84 -230.84 28.7
95.0 97.84 -232.05 27.5
95.0 97.74 -230.47 27.4
95.0 97.91 -231.69 27.7
95.0 97.85 -231.52 27.5
95.0 97.80 -231.86 26.9
95.0 98.14 -233.02 27.2
95.0 97.91 -230.34 27.5
95.0 98.18 -231.57 26.9
95.0 98.09 -232.74 27.1
95.0 97.72 -225.65 27.2
95.0 97.48 -221.24 26.3
95.0 97.42 -219.51 25.3
95.0 97.41 -219.96 24.8
95.0 97.25 -215.70 25.5
95.0 97.16 -213.07 24.3
95.0 96.88 -205.77 24.3
95.0 96.88 -204.00 23.0
95.0 96.87 -201.94 22.2
95.0 96.87 -200.72 22.1
95.0 96.81 -197.56 22.0
95.0 96.62 -191.39 21.6
95.0 96.54 -187.38 20.8
95.0 96.62 -186.98 19.8
95.0 96.39 -179.28 18.5
95.0 96.44 -177.75 19.0
95.0 96.33 -172.86 18.3
95.0 96.48 -173.80 18.0
95.0 96.46 -171.54 18.0
95.0 96.40 -168.19 17.4
95.0 96.10 -159.23 17.7
95.0 96.08 -155.45 16.8
95.0 96.05 -152.27 16.0
95.0 96.03 -148.73 15.5
95.0 96.06 -146.72 14.9
95.0 95.99 -142.54 15.3
95.0 96.02 -140.74 14.9
95.0 95.95 -136.52 14.1
95.0 95.79 -130.64 13.6
95.0 95.70 -125.30 12.9
95.0 95.76 -123.73 11.9
95.0 96.08 -128.53 12.3
95.0 95.91 -123.05 12.7
95.0 95.80 -118.31 12.5
95.0 95.66 -112.72 11.9
95.0 95.53 -107.08 11.0
95.0 95.42 -101.45 10.1
95.0 95.31 -95.67 9.1
95.0 95.27 -91.14 8.8
95.0 95.08 -82.87 8.1
95.0 95.06 -78.50 8.4
95.0 94.81 -68.49 7.6
95.0 94.58 -58.40 7.6
95.0 94.52 -52.07 7.8
95.0 94.55 -48.45 8.6
95.0 94.48 -42.54 8.2
95.0 94.29 -33.32 7.8
95.0 94.12 -24.35 8.4
95.0 94.09 -19.14 8.9
95.0 94.03 -12.84 9.0
95.0 93.97 -6.75 9.3
95.0 93.78 2.49 9.3
95.0 93.70 9.18 9.9
95.0 93.82 9.98 10.4
95.0 93.52 21.97 9.9
95.0 93.12 33.62 10.7
95.0 93.25 36.48 11.9
95.0 93.31 40.18 12.1
95.0 93.37 43.19 12.3
95.0 93.29 49.80 11.8
95.0 93.17 57.31 12.3
95.0 93.11 63.53 12.5
95.0 92.79 73.11 13.5
95.0 92.72 80.24 14.1
95.0 92.71 86.02 15.5
95.0 92.69 91.10 16.1
95.0 92.86 91.77 15.8
95.0 92.70 99.93 15.4
95.0 92.55 107.69 15.7
95.0 92.37 115.05 16.6
95.0 92.48 118.59 17.4
95.0 92.58 120.56 17.6
95.0 92.40 127.28 17.9
95.0 92.16 133.67 18.3
95.0 92.11 139.74 19.0
95.0 92.02 145.50 19.2
95.0 91.90 150.97 20.0
95.0 92.01 154.81 20.3
95.0 91.89 159.82 20.4
95.0 91.82 164.58 20.0
95.0 91.85 169.10 21.7
95.0 91.96 171.42 21.5
95.0 92.16 170.41 21.4
95.0 91.94 174.64 21.2
95.0 91.87 178.66 21.3
95.0 92.03 179.35 21.6
95.0 91.95 183.14 21.2
95.0 91.87 186.73 21.5
95.0 91.85 190.14 21.6
95.0 91.66 193.39 22.4
95.0 91.71 196.47 22.4
95.0 91.49 199.39 22.4
95.0 91.18 202.17 22.7
95.0 91.10 204.82 22.4
95.0 91.07 207.32 23.4
95.0 91.09 209.71 23.0
95.0 91.32 210.32 22.9
95.0 91.49 211.56 23.1
95.0 91.42 213.73 22.7
95.0 91.32 215.80 22.9
95.0 91.31 217.76 23.1
95.0 91.34 219.62 23.2
95.0 91.33 221.39 23.2
95.0 91.24 223.07 22.8
95.0 91.15 224.67 23.3
95.0 91.03 226.18 23.5
95.0 90.81 227.62 23.1
95.0 90.81 228.99 23.5
95.0 91.16 225.76 23.4
95.0 91.26 227.22 22.9
95.0 91.21 228.61 22.4
95.0 91.13 229.93 22.8
95.0 90.62 231.18 23.0
95.0 90.32 232.37 22.8
95.0 90.16 233.50 22.7
95.0 90.14 234.58 23.2
95.0 90.47 235.60 23.0
95.0 90.55 236.57 23.2
95.0 90.57 237.49 23.7
95.0 90.43 238.37 22.6
95.0 90.39 239.20 22.7
95.0 90.26 239.99 23.1
95.0 90.28 240.74 22.8
95.0 90.29 241.45 23.2
95.0 90.30 242.13 23.2
95.0 90.18 242.77 23.0
95.0 90.24 243.38 23.0
95.0 90.18 243.96 23.0
95.0 90.07 244.52 23.7
95.0 90.10 245.04 22.7
95.0 90.13 245.54 22.8
95.0 90.46 246.01 22.8
95.0 90.46 246.46 22.6
95.0 90.45 246.89 23.1
95.0 90.40 247.29 22.7
95.0 90.48 247.68 22.9
95.0 90.35 248.05 22.9
95.0 90.53 248.39 22.9
95.0 90.43 248.72 23.4
95.0 90.47 249.04 23.0
95.0 90.42 249.34 22.6
95.0 90.77 248.09 23.0
95.0 90.81 248.44 22.2
95.0 90.65 248.77 22.6
95.0 90.93 249.08 22.4
95.0 90.87 249.37 22.4
95.0 90.82 249.66 22.2
95.0 90.70 249.92 21.9
95.0 90.79 250.18 21.9
95.0 90.79 250.42 22.0
95.0 90.79 250.65 22.1
95.0 90.67 250.86 21.9
95.0 90.44 251.07 22.2
95.0 90.43 251.27 22.3
95.0 90.31 251.45 22.3
95.0 90.19 251.63 22.2
95.0 90.13 251.80 22.3
95.0 90.07 251.96 22.8
95.0 90.10 252.11 22.1
95.0 90.26 252.26 21.9
95.0 90.67 248.73 22.0
95.0 90.90 249.04 22.0
95.0 91.11 248.14 21.3
95.0 91.12 248.48 21.4
95.0 91.09 248.80 21.5
95.0 91.10 249.11 21.7
95.0 91.03 249.41 21.9
95.0 90.93 249.69 21.8
95.0 91.00 249.95 21.7
95.0 90.98 250.21 21.7
95.0 91.14 250.45 21.8
95.0 91.02 250.67 21.5
95.0 91.04 250.89 21.6
95.0 90.89 251.10 21.5
95.0 90.97 251.29 21.5
95.0 91.00 251.48 20.8
95.0 90.89 251.65 20.9
95.0 90.88 251.82 21.1
95.0 90.83 251.98 21.3
95.0 90.67 252.13 21.6
95.0 90.68 252.27 21.1
95.0 90.73 252.41 21.3
95.0 90.70 252.54 21.4
95.0 90.71 252.66 21.3
95.0 90.80 252.78 21.3
95.0 90.80 252.89 20.8
95.0 90.93 253.00 20.6
95.0 90.80 253.10 20.9
95.0 90.88 253.19 21.0
95.0 90.92 253.28 21.0
95.0 91.22 249.83 21.6
95.0 91.53 246.92 20.7
95.0 91.59 247.33 20.5
95.0 91.43 247.71 20.5
95.0 91.28 248.08 21.1
95.0 91.36 248.42 21.0
95.0 91.57 246.58 20.9
95.0 91.58 247.00 20.2
95.0 91.72 246.72 20.5
95.0 91.89 243.48 19.9
95.0 91.83 244.06 20.4
95.0 92.18 236.04 20.0
95.0 92.17 236.99 19.4
95.0 92.16 236.92 18.8
95.0 91.82 237.83 18.9
95.0 91.89 237.85 19.3
95.0 92.05 235.54 19.4
95.0 92.48 225.12 19.2
95.0 92.48 224.56 17.6
95.0 92.53 222.92 17.6
95.0 92.24 224.52 17.7
95.0 92.18 226.05 17.6
95.0 92.08 227.49 17.9
95.0 92.51 218.36 18.1
95.0 92.51 217.58 17.2
95.0 92.51 217.83 17.3
95.0 92.61 214.78 17.2
95.0 92.56 215.57 17.0
95.0 92.38 217.54 16.8
95.0 92.35 218.61 17.8
95.0 92.51 214.62 17.6
95.0 92.60 211.75 16.6
95.0 92.51 213.91 16.7
95.0 92.65 209.91 16.9
95.0 92.68 208.69 17.2
95.0 92.80 205.25 15.9
95.0 93.01 199.45 15.9
95.0 93.10 195.38 15.5
95.0 93.13 193.34 14.9
95.0 93.17 190.54 14.9
95.0 93.24 187.10 14.5
95.0 93.08 188.93 14.2
95.0 93.16 186.17 14.3
95.0 93.38 178.93 13.7
95.0 93.83 166.06 13.5
95.0 93.84 162.59 13.5
95.0 93.89 157.87 13.1
95.0 93.89 154.71 12.7
95.0 93.99 149.10 12.0
95.0 93.98 146.38 11.9
95.0 93.93 144.59 10.8
95.0 93.93 142.01 11.2
95.0 94.02 137.28 10.5
95.0 93.92 137.14 10.5
95.0 94.01 132.37 10.1
95.0 94.19 125.93 10.0
95.0 94.26 121.29 9.5
95.0 94.27 117.97 9.1
95.0 94.38 112.14 9.0
95.0 94.38 109.09 7.8
95.0 94.47 103.78 7.5
95.0 94.97 87.58 7.1
95.0 94.87 85.99 7.9
95.0 94.82 83.52 8.2
95.0 95.07 73.46 8.1
95.0 95.10 68.80 9.8
95.0 95.02 66.86 8.6
95.0 95.15 60.02 8.8
95.0 95.17 55.94 8.5
95.0 95.24 50.74 8.7
95.0 95.15 49.51 8.2
95.0 95.22 44.62 8.1
95.0 95.33 38.62 8.2
95.0 95.14 40.59 8.5
95.0 95.06 39.89 8.4
95.0 95.19 34.22 8.2
95.0 95.40 25.91 8.0
95.0 95.55 19.32 9.1
95.0 95.62 14.16 9.5
95.0 95.64 10.43 9.9
95.0 95.52 10.92 10.6
95.0 95.60 6.13 9.7
95.0 95.77 -1.31 9.5
95.0 95.88 -7.06 10.4
95.0 96.08 -15.40 10.8
95.0 96.15 -21.20 11.9
95.0 96.32 -29.37 12.8
95.0 96.58 -40.04 13.2
95.0 96.66 -47.11 14.5
95.0 96.73 -53.44 16.4
95.0 96.74 -58.61 15.9
95.0 97.18 -68.43 16.5
95.0 97.15 -74.20 17.7
95.0 97.11 -78.70 18.2
95.0 97.24 -86.86 18.7
95.0 97.36 -95.27 18.5
95.0 97.30 -99.07 20.0
95.0 97.36 -105.61 21.0
95.0 97.36 -111.13 21.1
95.0 97.41 -117.61 22.0
95.0 97.51 -124.48 21.3
95.0 97.54 -130.62 23.5
95.0 97.68 -136.84 23.4
95.0 97.80 -142.75 24.1
95.0 97.61 -143.12 24.7
95.0 97.96 -148.71 24.5
95.0 98.11 -154.03 24.8
95.0 98.20 -159.08 25.2
95.0 98.44 -163.87 25.8
95.0 97.89 -158.61 26.0
95.0 98.00 -163.43 25.2
95.0 98.20 -168.01 25.2
95.0 98.06 -170.33 25.7
95.0 98.09 -174.57 25.9
95.0 97.92 -175.88 26.2
95.0 98.07 -179.84 26.2
95.0 98.00 -182.58 26.3
95.0 97.73 -180.95 26.8
95.0 97.80 -184.65 26.3
95.0 97.75 -187.21 26.3
95.0 97.76 -190.22 26.5
95.0 97.72 -193.00 26.7
95.0 97.84 -196.10 27.1
95.0 97.95 -199.05 27.7
95.0 97.79 -198.82 27.7
95.0 97.85 -201.63 27.5
95.0 97.60 -198.70 27.5
95.0 97.73 -201.52 26.6
95.0 97.90 -204.19 26.3
95.0 97.75 -202.90 27.3
95.0 97.60 -202.67 26.9
95.0 97.68 -205.28 26.7
95.0 97.60 -205.33 26.9
95.0 97.78 -207.82 26.9
95.0 97.44 -202.96 27.2
95.0 97.65 -205.56 26.2
95.0 97.83 -208.04 25.6
95.0 98.22 -210.38 26.8
95.0 97.93 -207.86 26.9
95.0 98.38 -210.22 26.2
95.0 98.54 -212.46 25.8
95.0 98.53 -214.58 27.0
95.0 98.46 -216.61 26.7
95.0 98.56 -218.53 27.9
95.0 98.71 -220.35 27.4
95.0 98.84 -222.08 27.7
95.0 98.85 -223.73 27.9
95.0 98.86 -225.29 28.1
95.0 98.60 -225.78 27.8
95.0 98.75 -227.24 28.5
95.0 98.55 -228.63 28.3
95.0 99.00 -229.94 28.4
95.0 98.73 -230.50 28.0
95.0 98.75 -231.73 28.2
95.0 98.82 -232.89 27.7
95.0 98.62 -233.20 28.5
95.0 98.76 -234.29 28.5
95.0 98.67 -235.32 28.4
95.0 98.87 -236.31 28.6
95.0 99.04 -237.24 29.0
95.0 99.14 -238.13 28.2
95.0 98.86 -237.56 28.6
95.0 98.60 -238.37 28.4
95.0 98.75 -239.20 28.8
95.0 98.76 -239.99 29.1
95.0 98.89 -240.74 28.8
95.0 98.84 -241.45 28.7
95.0 98.90 -242.13 28.7
95.0 98.85 -242.77 28.7
95.0 98.92 -243.38 28.6
95.0 99.26 -243.96 29.4
95.0 99.51 -244.52 28.8
95.0 99.51 -245.04 28.4
95.0 99.50 -245.54 28.2
95.0 99.50 -246.01 28.8
95.0 99.34 -246.46 28.9
95.0 99.52 -246.89 29.2
95.0 99.86 -247.29 29.3
95.0 99.83 -247.68 28.6
95.0 99.38 -246.87 28.8
95.0 98.92 -242.75 28.8
95.0 98.92 -243.36 28.6
95.0 98.92 -243.94 28.0
95.0 98.87 -244.50 29.0
95.0 98.93 -245.02 28.2
95.0 98.82 -245.52 28.4
95.0 98.95 -245.99 28.5
95.0 99.17 -246.44 28.8
95.0 99.20 -246.87 28.6
95.0 99.23 -247.28 28.0
95.0 98.65 -239.41 28.2
95.0 98.62 -240.19 27.5
95.0 98.44 -239.74 27.5
95.0 98.13 -236.24 27.0
95.0 98.21 -237.18 26.8
95.0 98.63 -238.07 26.5
95.0 98.02 -227.27 26.7
95.0 98.06 -228.66 25.8
95.0 97.98 -229.59 24.9
95.0 98.19 -230.86 25.2
95.0 97.81 -224.05 25.4
95.0 97.92 -225.59 25.2
95.0 97.91 -227.02 24.7
95.0 98.18 -228.42 25.5
95.0 97.90 -224.90 25.2
95.0 98.00 -226.41 25.3
95.0 98.15 -227.83 25.0
95.0 98.07 -229.01 24.9
95.0 98.05 -230.31 26.0
95.0 97.82 -226.78 25.8
95.0 97.72 -226.71 25.6
95.0 97.63 -225.17 25.4
95.0 97.55 -224.12 25.2
95.0 97.58 -224.90 24.9
95.0 97.46 -223.16 25.2
95.0 97.50 -223.80 25.1
95.0 97.43 -222.52 25.0
95.0 97.42 -222.36 24.9
95.0 97.52 -223.99 25.0
95.0 97.55 -224.71 25.3
95.0 97.80 -226.22 25.5
95.0 97.60 -222.41 26.1
95.0 97.48 -220.24 25.0
95.0 97.41 -219.08 25.2
95.0 97.56 -220.88 24.5
95.0 97.98 -222.58 24.7
95.0 97.82 -221.95 24.7
95.0 97.67 -219.60 25.1
95.0 97.48 -216.53 24.8
95.0 97.42 -215.03 23.5
95.0 97.26 -212.22 23.7
95.0 96.92 -203.37 23.5
95.0 96.62 -194.92 22.4
95.0 96.54 -190.75 20.9
95.0 96.33 -183.18 20.0
95.0 96.18 -176.26 19.0
95.0 96.09 -171.16 17.8
95.0 95.92 -163.23 17.1
95.0 95.82 -156.78 16.1
95.0 95.72 -150.41 15.3
95.0 95.63 -144.15 14.4
95.0 95.91 -146.45 13.2
95.0 95.85 -142.17 13.5
95.0 95.70 -135.21 13.2
95.0 95.62 -129.67 12.6
95.0 95.54 -124.04 11.8
95.0 95.33 -115.38 10.9
95.0 95.33 -111.14 10.4
95.0 95.28 -105.88 10.1
95.0 95.24 -100.96 9.1
95.0 95.11 -93.56 8.4
95.0 95.03 -87.49 8.4
95.0 94.97 -81.60 8.0
95.0 94.91 -75.90 7.7
95.0 95.00 -74.15 7.3
95.0 94.89 -67.70 7.3
95.0 94.79 -61.39 7.1
95.0 94.75 -56.43 6.9
95.0 94.62 -49.31 7.3
95.0 94.69 -47.09 6.7
95.0 94.43 -36.95 6.7
95.0 94.38 -31.52 7.1
95.0 94.29 -25.05 7.4
95.0 94.16 -17.62 7.8
95.0 94.23 -15.03 7.9
95.0 94.44 -16.74 7.8
95.0 94.34 -11.10 7.9
95.0 94.20 -4.44 7.6
95.0 94.32 -4.35 7.8
95.0 94.14 3.17 7.8
95.0 93.98 10.55 7.6
95.0 93.88 16.58 8.6
95.0 93.88 19.82 9.1
95.0 94.23 13.55 9.0
95.0 94.10 19.15 9.2
95.0 93.99 24.54 9.7
95.0 93.98 27.46 10.1
95.0 93.80 34.97 10.1
95.0 93.63 42.43 10.3
95.0 93.56 47.54 11.0
95.0 93.33 56.86 11.5
95.0 93.25 63.12 11.1
95.0 93.22 67.46 13.4
95.0 93.11 74.20 13.1
95.0 93.06 79.35 13.7
95.0 93.14 81.67 14.2
95.0 93.04 87.56 14.2
95.0 92.94 93.29 14.0
95.0 92.90 98.45 15.7
95.0 92.82 103.81 15.3
95.0 92.71 110.80 16.1
95.0 92.64 116.20 16.8
95.0 92.50 123.14 16.6
95.0 92.42 129.34 17.7
95.0 92.34 135.62 18.3
95.0 92.28 141.59 18.9
95.0 92.09 147.26 19.3
95.0 92.22 148.42 19.8
95.0 92.25 152.17 19.9
95.0 92.24 156.75 20.2
95.0 92.22 160.59 20.2
95.0 92.04 165.31 20.4
95.0 92.09 168.55 20.6
95.0 91.96 172.87 20.9
95.0 91.89 176.98 21.3
95.0 91.87 180.88 21.4
95.0 91.76 184.59 21.6
95.0 91.71 188.11 21.3
95.0 91.75 191.22 21.9
95.0 91.69 194.41 22.6
95.0 91.65 197.44 22.8
95.0 91.65 200.32 22.8
95.0 91.78 202.22 23.3
95.0 91.56 204.86 23.2
95.0 91.40 207.37 23.0
95.0 91.38 209.75 23.6
95.0 91.00 212.01 23.2
95.0 90.78 214.16 23.2
95.0 90.78 216.20 23.0
95.0 90.78 218.14 23.0
95.0 90.70 219.99 23.7
95.0 90.71 221.74 23.6
95.0 90.56 223.40 23.7
95.0 90.94 220.84 23.7
95.0 90.93 222.55 23.5
95.0 90.48 224.17 23.2
95.0 90.47 225.71 23.2
95.0 90.46 227.17 23.1
95.0 90.41 228.57 22.9
95.0 90.37 229.89 23.5
95.0 90.41 231.14 23.7
95.0 90.41 232.34 23.8
95.0 90.36 233.47 24.0
95.0 90.32 234.55 23.5
95.0 90.37 235.57 23.5
95.0 90.50 236.54 23.6
95.0 90.53 237.46 23.6
95.0 90.60 238.34 23.2
95.0 90.62 239.17 23.3
95.0 90.60 239.96 23.5
95.0 90.53 240.72 23.2
95.0 90.48 241.43 23.1
95.0 90.39 242.11 24.1
95.0 90.47 242.75 23.5
95.0 90.50 243.37 23.5
95.0 90.58 243.95 23.3
95.0 90.39 244.50 23.4
95.0 90.48 245.03 23.1
95.0 90.39 245.52 23.2
95.0 90.18 246.00 23.2
95.0 90.16 246.45 22.8
95.0 90.14 246.88 22.6
95.0 90.21 247.28 23.2
95.0 90.14 247.67 23.1
95.0 90.17 248.03 23.1
95.0 90.32 248.38 23.2
95.0 90.20 248.71 23.0
95.0 90.18 249.03 23.2
95.0 90.41 249.33 23.2
95.0 90.81 248.17 23.2
95.0 90.73 248.51 23.2
95.0 90.65 248.83 23.4
95.0 90.54 249.14 22.8
95.0 90.36 249.43 22.6
95.0 90.45 249.71 22.6
95.0 90.20 249.98 22.7
95.0 90.22 250.23 22.4
95.0 90.19 250.47 22.4
95.0 90.30 250.69 22.2
95.0 90.31 250.91 22.3
95.0 90.36 251.11 22.0
95.0 90.32 251.31 22.0
95.0 90.41 251.49 22.4
95.0 90.53 251.67 22.4
95.0 90.56 251.83 22.4
95.0 90.54 251.99 22.4
95.0 90.49 252.14 22.6
95.0 90.60 252.29 22.3
95.0 90.89 250.55 22.4
95.0 90.67 250.77 21.9
95.0 90.69 250.98 21.8
95.0 90.87 251.18 21.3
95.0 90.82 251.37 21.9
95.0 90.74 251.55 21.9
95.0 90.87 251.73 21.9
95.0 90.91 251.89 22.0
95.0 90.82 252.05 22.0
95.0 90.94 252.19 21.8
95.0 90.93 252.33 21.8
95.0 90.96 252.47 21.5
95.0 90.94 252.59 21.5
95.0 91.02 252.71 21.9
95.0 91.04 252.83 21.9
95.0 91.14 252.94 21.7
95.0 90.94 253.04 21.7
95.0 91.10 253.00 21.4
95.0 91.16 253.10 22.1
95.0 91.21 253.19 21.5
95.0 91.17 253.28 22.0
95.0 91.01 253.37 22.4
95.0 91.12 253.45 21.7
95.0 91.00 253.53 21.5
95.0 91.11 253.60 21.5
95.0 91.21 253.67 21.5
95.0 91.26 253.74 21.5
95.0 91.17 253.80 21.3
95.0 91.59 247.46 21.7
95.0 91.73 246.36 20.6
95.0 91.59 246.79 21.1
95.0 91.97 240.01 20.7
95.0 92.30 232.87 20.3
95.0 92.56 226.63 19.0
95.0 92.51 226.47 18.3
95.0 92.43 227.89 18.0
95.0 92.53 224.48 18.2
95.0 92.40 226.01 18.3
95.0 92.50 223.35 18.0
95.0 92.55 221.73 18.0
95.0 92.55 220.71 17.9
95.0 92.51 220.85 17.6
95.0 92.29 222.56 17.7
95.0 91.98 224.18 17.9
95.0 91.90 225.72 18.1
95.0 92.10 222.88 18.5
95.0 92.10 224.20 18.3
95.0 92.15 223.76 17.8
95.0 92.47 217.90 18.4
95.0 92.56 214.93 17.9
95.0 92.65 212.52 17.3
95.0 92.69 210.66 17.0
95.0 92.76 208.75 16.6
95.0 92.57 211.06 16.5
95.0 92.75 205.93 16.8
95.0 92.82 204.13 16.3
95.0 92.79 203.56 16.2
95.0 92.86 201.29 15.8
95.0 92.91 198.54 15.9
95.0 93.01 195.65 15.7
95.0 92.92 196.32 15.5
95.0 92.88 196.36 15.7
95.0 92.68 199.29 15.5
95.0 92.89 194.03 16.0
95.0 93.44 179.14 15.2
95.0 93.63 172.73 15.3
95.0 93.66 169.01 14.8
95.0 93.73 164.58 13.8
95.0 93.80 159.92 13.5
95.0 93.85 155.69 13.2
95.0 93.91 151.56 12.5
95.0 93.73 153.02 12.1
95.0 93.84 148.45 12.1
95.0 93.85 145.61 11.7
95.0 93.67 147.54 11.9
95.0 93.74 144.16 11.2
95.0 93.85 139.67 11.4
95.0 94.25 127.31 11.2
95.0 94.22 124.99 11.0
95.0 94.23 121.72 10.9
95.0 94.25 118.57 10.8
95.0 94.46 110.51 10.1
95.0 94.54 105.19 10.0
95.0 94.88 93.83 10.0
95.0 94.83 90.93 9.7
95.0 94.69 90.66 9.9
95.0 94.75 85.66 9.2
95.0 94.91 78.24 9.1
95.0 94.81 77.39 9.9
95.0 94.91 71.61 8.6
95.0 94.95 67.27 9.0
95.0 95.14 58.96 8.9
95.0 95.21 53.66 10.1
95.0 95.27 48.54 9.3
95.0 95.38 42.27 9.3
95.0 95.32 40.16 9.5
95.0 95.63 28.54 9.1
95.0 95.70 22.72 9.4
95.0 96.08 8.84 10.1
95.0 96.65 -4.36 11.6
95.0 96.71 -12.54 13.1
95.0 97.05 -24.66 14.2
95.0 97.13 -34.08 14.8
95.0 97.47 -45.13 16.6
95.0 97.46 -53.94 18.1
95.0 97.45 -61.27 18.3
95.0 97.65 -70.96 18.9
95.0 97.32 -71.09 20.1
95.0 96.98 -69.42 19.6
95.0 96.97 -73.89 18.9
95.0 96.95 -78.51 18.5
95.0 96.99 -84.12 18.7
95.0 97.13 -92.09 19.2
95.0 97.10 -95.67 19.8
95.0 97.57 -103.63 20.2
95.0 97.54 -109.19 21.2
95.0 97.13 -105.75 21.2
95.0 97.26 -113.21 20.9
95.0 97.27 -117.69 21.8
95.0 97.12 -118.82 21.5
95.0 97.04 -120.76 21.3
95.0 97.07 -124.82 21.0
95.0 97.15 -129.62 21.3
95.0 97.33 -135.89 21.8
95.0 97.44 -141.85 22.2
95.0 97.75 -147.50 22.2
95.0 97.71 -151.23 23.7
95.0 97.89 -156.42 24.0
95.0 97.99 -161.35 24.8
95.0 97.82 -163.09 25.0
95.0 97.72 -165.57 24.9
95.0 97.74 -170.04 25.2
95.0 97.36 -164.24 25.1
95.0 97.46 -168.78 24.3
95.0 97.55 -173.09 24.5
95.0 97.80 -177.19 25.1
95.0 97.70 -178.91 25.8
95.0 97.42 -175.66 25.4
95.0 97.57 -179.62 25.0
95.0 97.70 -183.39 24.8
95.0 97.99 -186.97 25.2
95.0 98.03 -190.37 26.3
95.0 98.35 -193.60 26.6
95.0 98.35 -196.67 26.5
95.0 98.00 -193.05 27.0
95.0 98.04 -196.15 26.5
95.0 98.13 -199.09 26.3
95.0 98.26 -201.89 26.3
95.0 98.44 -204.54 26.5
95.0 98.38 -207.06 27.3
95.0 98.28 -209.05 28.0
95.0 98.34 -211.35 27.4
95.0 98.24 -213.53 27.8
95.0 98.05 -213.23 27.9
95.0 98.25 -215.32 27.5
95.0 98.78 -217.30 27.2
95.0 99.14 -219.19 27.3
95.0 99.17 -220.98 27.9
95.0 99.20 -222.68 28.0
95.0 99.29 -224.30 28.2
95.0 99.42 -225.83 28.2
95.0 99.48 -227.29 28.3
95.0 99.37 -228.67 28.3
95.0 99.33 -229.99 29.0
95.0 99.45 -231.24 28.4
95.0 99.63 -232.43 28.2
95.0 99.50 -233.56 28.0
95.0 99.50 -234.63 28.8
95.0 99.39 -235.65 28.6
95.0 98.98 -233.28 29.2
95.0 99.03 -234.37 28.4
95.0 98.92 -235.40 27.9
95.0 99.32 -236.38 27.9
95.0 99.39 -237.31 28.4
95.0 99.29 -238.20 28.6
95.0 99.10 -239.04 28.7
95.0 99.13 -239.84 28.5
95.0 99.22 -240.59 28.8
95.0 99.25 -241.31 29.0
95.0 99.33 -242.00 28.6
95.0 99.23 -242.65 28.8
95.0 99.31 -243.27 28.7
95.0 99.33 -243.85 28.6
95.0 99.46 -244.41 28.6
95.0 99.46 -244.94 28.8
95.0 99.46 -245.44 28.7
95.0 99.63 -245.92 28.6
95.0 99.73 -246.37 28.5
95.0 99.82 -246.81 28.7
95.0 99.62 -247.22 28.5
95.0 99.61 -247.60 28.6
95.0 99.70 -247.97 28.7
95.0 99.68 -248.33 28.6
95.0 99.77 -248.66 28.8
95.0 99.80 -248.98 28.7
95.0 99.94 -249.28 28.9
95.0 99.73 -249.56 29.2
95.0 99.82 -249.84 28.8
95.0 99.62 -250.09 29.1
95.0 99.72 -250.34 28.6
95.0 99.69 -250.57 28.8
95.0 99.36 -250.79 28.4
95.0 99.66 -251.00 29.0
95.0 99.69 -251.20 28.8
95.0 99.56 -251.39 29.1
95.0 99.56 -251.57 28.1
95.0 99.55 -251.75 28.8
95.0 99.43 -251.91 28.3
95.0 99.44 -252.06 28.5
95.0 99.23 -252.21 28.6
95.0 98.94 -252.17 28.8
95.0 98.39 -244.69 29.0
95.0 98.39 -245.20 27.7
95.0 98.50 -245.69 27.3
95.0 98.88 -246.16 27.5
95.0 98.83 -246.60 28.1
95.0 98.90 -247.02 27.6
95.0 98.64 -246.51 27.7
95.0 98.84 -246.93 27.4
95.0 99.07 -247.33 27.8
95.0 99.17 -247.72 27.9
95.0 99.61 -248.08 27.5
95.0 99.59 -248.43 27.7
95.0 99.58 -248.76 28.0
95.0 99.31 -249.07 27.8
95.0 99.32 -249.36 28.0
95.0 99.13 -249.65 28.2
95.0 99.22 -249.91 28.0
95.0 99.24 -250.17 27.7
95.0 99.10 -250.41 28.3
95.0 98.98 -250.64 28.2
95.0 98.82 -250.86 27.8
95.0 98.77 -251.06 28.8
95.0 98.68 -251.26 28.2
95.0 98.50 -250.37 27.6
95.0 98.43 -250.60 28.6
95.0 98.43 -250.82 28.0
95.0 98.22 -248.23 27.7
95.0 98.13 -248.54 27.8
95.0 98.05 -248.64 27.7
95.0 98.03 -248.96 27.3
95.0 97.96 -248.17 27.7
95.0 97.65 -242.83 27.8
95.0 97.42 -236.70 26.7
95.0 97.52 -237.62 25.8
95.0 97.45 -235.68 25.4
95.0 97.39 -233.69 25.4
95.0 97.43 -233.67 25.2
95.0 97.48 -234.19 24.7
95.0 97.85 -235.23 24.3
95.0 97.80 -235.36 25.6
95.0 97.80 -236.05 25.6
95.0 97.70 -235.46 26.1
95.0 97.52 -231.00 26.0
95.0 97.20 -223.60 25.2
95.0 97.06 -219.29 24.0
95.0 97.36 -221.08 23.1
95.0 96.92 -209.75 23.0
95.0 96.72 -203.74 22.5
95.0 96.44 -194.25 21.0
95.0 96.48 -192.07 19.4
95.0 96.31 -185.42 19.0
95.0 96.47 -185.85 18.8
95.0 96.61 -186.41 18.1
95.0 96.16 -174.44 18.3
95.0 95.98 -166.47 18.2
95.0 95.82 -158.86 16.6
95.0 95.82 -154.53 15.9
95.0 95.82 -150.75 14.4
95.0 95.72 -144.46 14.4
95.0 95.64 -138.50 13.7
95.0 95.56 -132.65 12.6
95.0 95.49 -126.91 12.0
95.0 95.28 -117.73 11.3
95.0 95.19 -111.12 10.6
95.0 95.16 -105.58 9.7
95.0 95.18 -101.41 9.3
95.0 95.19 -97.53 8.8
95.0 95.06 -90.05 8.1
95.0 95.24 -90.27 8.0
95.0 95.11 -83.22 8.2
95.0 94.99 -76.61 8.4
95.0 94.93 -71.14 7.5
95.0 94.87 -65.89 7.8
95.0 94.68 -57.34 7.5
95.0 95.00 -61.54 8.0
95.0 94.94 -56.90 7.7
95.0 94.98 -54.85 8.4
95.0 94.92 -50.55 7.6
95.0 94.82 -45.06 7.3
95.0 94.82 -42.15 7.2
95.0 95.02 -44.59 7.1
95.0 94.82 -37.51 6.7
95.0 94.68 -31.35 7.6
95.0 94.51 -24.12 7.4
95.0 94.41 -18.22 7.4
95.0 94.26 -11.30 8.3
95.0 94.05 -2.27 8.4
95.0 94.43 -9.01 9.2
95.0 94.20 -0.36 9.1
95.0 93.99 8.35 9.8
95.0 93.80 16.86 10.4
95.0 93.58 26.32 11.2
95.0 93.57 31.16 11.9
95.0 93.34 41.35 12.7
95.0 93.26 47.85 13.2
95.0 92.93 58.21 13.6
95.0 93.17 57.09 14.4
95.0 92.97 66.44 14.2
95.0 92.89 73.63 14.1
95.0 92.85 79.48 15.8
95.0 92.78 86.21 15.7
95.0 92.75 91.18 16.0
95.0 92.64 98.94 16.5
95.0 92.63 103.45 16.7
95.0 92.49 111.03 18.2
95.0 92.45 116.75 17.8
95.0 92.51 120.55 18.5
95.0 92.30 127.28 18.3
95.0 92.32 131.38 19.0
95.0 92.48 133.13 18.9
95.0 92.23 139.23 19.6
95.0 92.00 145.02 20.0
95.0 91.97 150.51 20.1
95.0 91.98 155.71 20.7
95.0 91.91 160.68 21.2
95.0 91.88 165.39 21.4
95.0 91.82 169.87 21.9
95.0 91.80 174.13 21.9
95.0 91.79 178.17 22.8
95.0 91.69 182.01 22.4
95.0 91.69 185.66 22.7
95.0 91.82 186.69 22.2
95.0 91.71 190.10 23.2
95.0 91.67 193.35 22.4
95.0 91.75 195.89 23.9
95.0 91.58 198.84 22.8
95.0 91.37 201.65 23.5
95.0 91.32 204.32 23.2
95.0 91.53 204.77 23.5
95.0 91.72 204.79 23.2
95.0 91.85 205.57 23.1
95.0 91.83 208.04 23.0
95.0 91.68 210.39 23.1
95.0 91.64 212.62 23.4
95.0 91.51 214.74 23.2
95.0 91.44 216.75 23.2
95.0 91.38 218.66 23.2
95.0 91.36 220.48 23.6
95.0 91.22 222.21 23.5
95.0 91.18 223.85 23.9
95.0 91.19 225.40 23.6
95.0 91.37 226.15 23.5
95.0 91.40 227.59 23.7
95.0 91.38 228.96 23.7
95.0 91.08 230.26 23.7
95.0 91.05 231.50 23.5
95.0 90.86 232.67 23.6
95.0 90.73 233.79 23.7
95.0 90.70 234.85 24.0
95.0 90.62 235.86 23.7
95.0 90.52 236.81 24.1
95.0 90.46 237.72 23.5
95.0 90.54 238.59 23.7
95.0 90.28 239.41 23.9
95.0 90.33 240.19 23.4
95.0 90.55 240.93 23.7
95.0 90.58 241.63 23.7
95.0 90.69 242.30 23.9
95.0 90.66 242.94 23.5
95.0 90.47 243.54 23.5
95.0 90.72 243.60 24.0
95.0 90.69 244.17 23.5
95.0 90.83 244.71 23.2
95.0 90.74 245.23 23.2
95.0 90.83 245.71 23.3
95.0 90.51 246.18 23.5
95.0 90.29 246.62 22.8
95.0 90.26 247.04 23.3
95.0 90.49 247.44 23.2
95.0 90.65 247.81 22.9
95.0 90.71 248.17 23.1
95.0 90.68 248.52 23.4
95.0 90.65 248.84 23.9
95.0 90.62 249.15 23.0
95.0 90.64 249.44 23.4
95.0 90.57 249.72 23.0
95.0 90.47 249.98 22.8
95.0 90.59 250.23 23.3
95.0 90.61 250.47 23.0
95.0 90.85 249.96 22.9
95.0 90.89 250.21 23.1
95.0 90.63 250.45 22.8
95.0 90.69 250.68 22.6
95.0 90.97 249.97 23.2
95.0 90.95 250.22 22.6
95.0 90.90 250.46 22.4
95.0 90.84 250.69 23.0
95.0 90.84 250.90 22.5
95.0 90.92 251.11 22.2
95.0 90.91 251.30 21.7
95.0 90.86 251.49 22.4
95.0 90.85 251.66 22.6
95.0 90.76 251.83 22.3
95.0 90.94 251.99 22.2
95.0 90.97 252.14 22.0
95.0 91.22 250.84 22.2
95.0 91.05 251.05 22.1
95.0 91.34 249.54 22.6
95.0 91.37 249.81 21.8
95.0 91.53 248.99 22.0
95.0 91.91 242.21 22.5
95.0 91.93 242.29 21.3
95.0 91.86 242.93 20.5
95.0 91.80 243.53 20.7
95.0 91.78 244.11 20.8
95.0 91.69 244.65 20.9
95.0 91.86 242.39 21.3
95.0 91.84 243.02 20.8
95.0 91.82 243.62 20.7
95.0 91.99 240.38 21.1
95.0 92.00 241.11 20.4
95.0 92.05 240.00 20.3
95.0 92.19 237.29 20.5
95.0 92.14 238.17 20.6
95.0 92.22 235.85 20.2
95.0 92.26 235.23 19.8
95.0 92.56 226.97 20.0
95.0 92.65 224.51 19.2
95.0 92.51 226.04 18.4
95.0 92.65 222.04 18.2
95.0 92.82 216.85 18.3
95.0 92.75 217.13 17.8
95.0 92.64 218.24 18.0
95.0 92.72 215.52 17.9
95.0 92.70 214.98 17.7
95.0 92.64 215.57 17.9
95.0 92.72 212.44 17.6
95.0 92.89 207.59 17.4
95.0 92.85 207.13 17.0
95.0 92.87 205.23 17.0
95.0 93.16 197.60 16.6
95.0 93.38 189.79 16.3
95.0 93.34 188.21 14.6
95.0 93.40 184.18 14.5
95.0 93.18 187.28 14.2
95.0 93.21 184.71 14.4
95.0 93.28 181.48 14.6
95.0 93.16 182.67 14.4
95.0 93.23 179.63 14.6
95.0 93.30 176.20 14.2
95.0 93.27 175.76 13.8
95.0 93.29 173.62 13.8
95.0 93.44 168.02 13.4
95.0 93.63 161.72 13.1
95.0 93.62 159.96 12.4
95.0 93.55 159.43 12.3
95.0 93.54 157.66 12.1
95.0 93.58 155.48 12.1
95.0 93.52 155.01 12.3
95.0 93.51 153.80 11.8
95.0 93.46 153.78 11.8
95.0 93.46 152.74 11.7
95.0 93.32 154.85 11.8
95.0 93.38 152.89 12.1
95.0 93.63 146.27 12.1
95.0 93.61 145.04 11.4
95.0 93.68 141.91 10.8
95.0 93.80 137.63 11.0
95.0 93.77 136.77 10.8
95.0 93.87 132.26 10.1
95.0 93.97 128.11 9.9
95.0 94.06 123.70 9.7
95.0 94.00 122.91 9.4
95.0 93.99 120.91 8.7
95.0 93.98 119.40 8.8
95.0 93.97 117.60 8.8
95.0 94.01 114.66 8.5
95.0 94.35 104.61 8.8
95.0 94.26 104.32 8.6
95.0 94.36 99.44 8.6
95.0 94.51 92.84 8.4
95.0 94.59 88.13 8.2
95.0 94.57 85.82 8.0
95.0 94.65 81.03 7.7
95.0 94.77 75.28 7.6
95.0 94.87 69.66 7.8
95.0 94.92 65.47 7.7
95.0 95.01 60.03 7.3
95.0 95.29 49.20 6.8
95.0 95.40 42.91 9.0
95.0 95.59 33.95 8.6
95.0 95.66 27.97 9.1
95.0 95.73 22.25 9.7
95.0 95.84 15.30 10.0
95.0 95.94 8.59 10.4
95.0 96.03 2.16 10.8
95.0 96.32 -9.58 11.1
95.0 96.37 -15.71 12.3
95.0 96.97 -27.68 13.2
95.0 96.95 -34.20 14.4
95.0 96.89 -39.98 15.0
95.0 96.88 -45.76 15.4
95.0 96.93 -52.87 15.4
95.0 96.92 -58.47 15.6
95.0 96.96 -64.67 17.1
95.0 97.00 -70.99 17.4
95.0 96.69 -68.03 18.1
95.0 96.75 -73.94 16.8
95.0 96.81 -79.09 16.9
95.0 96.92 -85.67 17.7
95.0 96.66 -83.63 18.1
95.0 96.78 -89.69 17.7
95.0 96.89 -95.41 17.8
95.0 97.15 -103.39 18.1
95.0 97.22 -109.42 19.6
95.0 97.50 -116.70 20.0
95.0 97.49 -121.99 20.9
95.0 97.37 -124.57 21.1
95.0 97.47 -131.09 21.6
95.0 97.51 -136.83 22.2
95.0 97.76 -142.74 22.7
95.0 97.77 -148.35 23.5
95.0 97.83 -153.68 24.1
95.0 97.63 -154.98 25.1
95.0 97.50 -155.62 24.5
95.0 97.70 -160.59 23.9
95.0 97.82 -165.31 24.5
95.0 97.77 -168.29 24.6
95.0 97.84 -172.62 24.8
95.0 97.94 -176.74 24.9
95.0 97.99 -180.65 25.2
95.0 98.43 -184.37 26.0
95.0 98.32 -187.90 26.5
95.0 98.38 -191.26 26.3
95.0 98.66 -194.44 26.2
95.0 98.63 -197.47 27.4
95.0 98.35 -198.58 27.1
95.0 98.35 -201.40 27.4
95.0 98.31 -204.08 27.2
95.0 98.42 -206.63 27.6
95.0 98.70 -209.04 27.4
95.0 99.06 -211.34 27.0
95.0 98.84 -213.53 28.0
95.0 99.02 -215.60 27.9
95.0 99.17 -217.57 27.8
95.0 99.15 -219.44 28.2
95.0 98.97 -221.22 28.3
95.0 99.13 -222.91 28.8
95.0 98.75 -222.87 28.3
95.0 99.11 -224.47 28.2
95.0 99.20 -226.00 28.1
95.0 99.29 -227.45 27.7
95.0 99.20 -228.83 28.6
95.0 98.86 -227.63 28.4
95.0 98.81 -229.00 28.1
95.0 99.05 -230.30 28.0
95.0 99.04 -231.53 27.8
95.0 99.08 -232.70 28.2
95.0 98.86 -233.82 28.8
95.0 99.09 -234.88 28.6
95.0 99.30 -235.88 28.4
95.0 99.26 -236.84 28.0
95.0 99.02 -237.75 28.5
95.0 98.85 -238.61 29.6
95.0 99.02 -239.43 28.0
95.0 99.30 -240.21 28.4
95.0 99.79 -240.95 28.2
95.0 99.76 -241.65 28.3
95.0 99.79 -242.32 28.0
95.0 99.59 -242.95 28.2
95.0 99.64 -243.55 28.6
95.0 99.51 -244.13 28.4
95.0 99.56 -244.67 28.9
95.0 99.14 -243.43 28.6
95.0 98.96 -244.01 28.4
95.0 99.07 -244.56 28.3
95.0 99.34 -245.08 28.0
95.0 99.24 -245.58 28.0
95.0 99.68 -246.05 28.4
95.0 99.15 -242.73 28.1
95.0 99.18 -243.34 28.2
95.0 99.38 -243.92 27.3
95.0 99.07 -243.54 28.0
95.0 99.01 -244.11 27.0
95.0 99.40 -244.65 28.0
95.0 99.04 -244.21 27.7
95.0 99.32 -244.75 27.7
95.0 99.39 -245.26 27.7
95.0 99.34 -245.75 28.3
95.0 99.14 -246.21 27.7
95.0 99.17 -246.65 27.8
95.0 99.32 -247.07 27.6
95.0 99.39 -247.46 27.7
95.0 99.57 -247.84 28.0
95.0 99.79 -248.20 28.2
95.0 99.81 -248.54 28.1
95.0 99.72 -248.86 28.8
95.0 99.64 -249.17 28.1
95.0 99.74 -249.46 28.1
95.0 99.60 -249.74 27.8
95.0 99.54 -250.00 28.3
95.0 99.27 -250.25 28.1
95.0 99.02 -250.49 27.8
95.0 99.01 -250.71 28.1
95.0 99.00 -250.93 28.7
95.0 99.11 -251.13 28.4
95.0 99.14 -251.32 28.2
95.0 99.07 -251.51 27.7
95.0 98.95 -251.68 27.7
95.0 99.35 -251.85 28.1
95.0 99.36 -252.01 28.5
95.0 99.43 -252.16 27.9
95.0 99.07 -252.30 28.2
95.0 99.28 -252.43 28.2
95.0 99.24 -252.56 28.1
95.0 99.32 -252.68 28.2
95.0 99.12 -252.80 27.8
95.0 99.05 -252.91 27.9
95.0 99.21 -253.01 28.6
95.0 99.23 -253.11 27.7
95.0 99.26 -253.21 28.1
95.0 99.22 -253.30 27.9
95.0 99.09 -253.38 28.2
95.0 98.66 -248.37 28.0
95.0 98.28 -243.79 27.4
95.0 98.29 -244.35 26.7
95.0 98.30 -244.88 26.1
95.0 98.26 -245.39 26.5
95.0 98.07 -244.31 26.7
95.0 98.10 -244.84 26.9
95.0 98.02 -245.06 26.7
95.0 97.66 -237.21 26.7
95.0 97.63 -237.38 25.9
95.0 97.60 -236.36 25.0
95.0 97.62 -237.12 25.3
95.0 97.70 -238.01 25.9
95.0 97.77 -238.86 25.9
95.0 97.83 -239.67 25.8
95.0 97.53 -234.43 25.8
95.0 97.57 -234.65 25.4
95.0 97.34 -229.45 25.2
95.0 97.34 -228.75 24.6
95.0 97.29 -226.87 24.3
95.0 97.30 -225.72 24.2
95.0 97.10 -220.95 23.7
95.0 97.18 -221.00 23.4
95.0 97.04 -216.23 23.7
95.0 97.07 -215.51 22.8
95.0 97.05 -213.68 22.6
95.0 96.78 -206.10 22.4
95.0 96.84 -204.99 21.5
95.0 96.73 -201.23 21.3
95.0 96.69 -197.79 20.6
95.0 96.71 -196.01 20.0
95.0 96.67 -193.15 19.6
95.0 96.84 -195.24 18.9
95.0 96.79 -192.31 19.9
95.0 96.50 -184.66 19.8
95.0 96.20 -174.58 18.5
95.0 96.47 -177.81 17.6
95.0 96.40 -174.15 18.1
95.0 96.35 -170.53 17.9
95.0 96.15 -163.12 17.0
95.0 96.22 -161.86 16.2
95.0 95.99 -153.90 16.3
95.0 96.02 -151.54 14.9
95.0 95.90 -145.60 14.4
95.0 95.90 -142.47 13.2
95.0 95.89 -139.12 12.9
95.0 95.78 -133.80 12.8
95.0 95.74 -129.65 11.8
95.0 95.80 -127.95 11.6
95.0 95.66 -121.60 11.4
95.0 95.48 -114.65 10.7
e 54.02292823791504