55.0 -255.00 0.0
55.0 60.99 -255.00 0.0
55.0 60.98 -255.00 0.0
55.0 61.00 -255.00 0.3
55.0 
55.0 60.95 -255.00 0.0
55.0 60.92 115.78 0.0
55.0 60.86 118.20 0.0
55.0 60.86 -54.99 0.0
55.0 60.88 -106.84 0.5
55.0 60.79 -239.75 1.5
55.0 60.69 -219.96 2.7
55.0 60.61 -231.77 6.0
55.0 60.70 -255.00 7.4
55.0 60.66 -237.64 9.3
55.0 60.65 -255.00 11.2
55.0 60.63 -255.00 12.3
55.0 60.54 -237.73 15.0
55.0 60.69 -255.00 15.7
55.0 60.71 -255.00 16.9
55.0 60.67 -249.62 17.8
55.0 60.64 -255.00 19.2
55.0 60.61 -248.81 20.9
55.0 60.70 -255.00 21.2
55.0 60.66 -249.54 21.7
55.0 60.67 -255.00 22.4
55.0 60.50 -215.91 23.6
55.0 60.52 -255.00 24.8
55.0 60.53 -255.00 24.1
55.0 60.51 -255.00 24.7
55.0 60.49 -247.39 25.3
55.0 60.46 -252.66 25.4
55.0 60.55 -255.00 26.5
55.0 60.57 -255.00 26.3
55.0 60.54 -248.00 26.9
55.0 60.56 -255.00 27.6
55.0 60.57 -255.00 27.0
55.0 60.61 -255.00 27.3
55.0 60.60 -254.50 27.6
55.0 60.61 -255.00 27.9
55.0 60.52 -224.98 27.7
55.0 60.50 -255.00 28.0
55.0 60.60 -255.00 28.2
55.0 60.63 -255.00 28.3
55.0 60.58 -242.78 28.5
55.0 60.56 -255.00 28.3
55.0 60.57 -255.00 28.2
55.0 60.55 -255.00 29.0
55.0 60.52 -255.00 28.9
55.0 60.50 -247.52 29.0
55.0 60.42 -235.83 29.4
55.0 60.29 -217.84 29.1
55.0 60.20 -221.54 27.7
55.0 60.21 -243.78 28.7
55.0 60.22 -254.20 28.6
55.0 60.20 -242.99 28.7
55.0 60.16 -236.99 28.3
55.0 60.06 -202.50 28.7
55.0 60.00 -234.47 28.7
55.0 60.07 -253.51 28.2
55.0 60.06 -240.77 28.2
55.0 60.06 -240.66 28.6
55.0 60.02 -229.26 28.1
55.0 59.95 -206.59 28.0
55.0 59.92 -237.86 28.0
55.0 59.91 -222.91 27.5
55.0 59.97 -255.00 27.8
55.0 59.99 -244.94 28.0
55.0 59.99 -239.54 28.0
55.0 59.94 -212.06 28.1
55.0 59.99 -255.00 27.8
55.0 59.98 -233.99 27.1
55.0 60.15 -255.00 28.0
55.0 60.15 -237.36 27.9
55.0 60.15 -255.00 28.0
55.0 60.19 -249.26 27.8
55.0 60.24 -255.00 27.9
55.0 60.21 -243.23 27.8
55.0 60.21 -248.55 28.4
55.0 60.17 -226.24 28.4
55.0 60.08 -231.02 28.3
55.0 60.09 -236.59 28.6
55.0 59.97 -202.01 28.4
55.0 59.85 -200.15 27.7
55.0 59.78 -209.52 27.6
55.0 59.75 -209.71 27.3
55.0 59.74 -224.81 27.1
55.0 59.73 -224.67 26.8
55.0 59.69 -203.37 26.7
55.0 59.76 -246.63 26.6
55.0 59.75 -224.87 26.7
55.0 59.72 -219.12 26.9
55.0 59.63 -186.01 26.0
55.0 59.48 -184.31 26.4
55.0 59.47 -200.53 26.0
55.0 59.45 -209.46 25.7
55.0 59.44 -209.24 25.6
55.0 59.44 -214.63 25.4
55.0 59.41 -194.31 25.3
55.0 59.42 -223.02 25.2
55.0 59.41 -199.82 25.0
55.0 59.40 -208.64 25.0
55.0 59.50 -234.73 25.6
55.0 59.39 -192.41 24.6
55.0 59.52 -246.58 24.6
55.0 59.44 -188.20 25.3
55.0 59.39 -197.92 25.2
55.0 59.33 -191.76 25.0
55.0 59.30 -187.33 24.8
55.0 59.25 -199.53 24.6
55.0 59.18 -169.33 24.5
55.0 59.14 -188.60 24.3
55.0 59.12 -193.59 23.9
55.0 59.09 -187.86 23.9
55.0 59.07 -178.88 23.9
55.0 58.98 -174.34 23.6
55.0 58.96 -177.55 23.2
55.0 58.93 -179.98 23.2
55.0 58.92 -177.02 22.9
55.0 58.91 -192.81 22.7
55.0 58.92 -182.50 23.0
55.0 58.91 -184.83 22.6
55.0 58.87 -173.74 22.6
55.0 58.85 -178.59 22.4
55.0 58.73 -136.75 22.7
55.0 58.84 -221.76 21.9
55.0 58.79 -158.99 21.7
55.0 58.74 -166.54 21.9
55.0 58.73 -176.77 21.7
55.0 58.69 -157.78 22.0
55.0 58.66 -165.16 21.5
55.0 58.62 -164.63 21.1
55.0 58.59 -164.15 21.1
55.0 58.55 -150.59 20.9
55.0 58.40 -120.42 21.6
55.0 58.31 -134.06 20.3
55.0 58.28 -148.81 20.0
55.0 58.26 -141.45 19.5
55.0 58.25 -159.96 20.0
55.0 58.21 -135.47 19.4
55.0 58.15 -136.53 19.1
55.0 58.14 -146.48 18.7
55.0 58.19 -167.96 19.2
55.0 58.08 -107.36 19.0
55.0 58.02 -136.08 18.5
55.0 58.07 -155.31 18.1
55.0 58.02 -129.20 17.9
55.0 57.98 -133.72 18.1
55.0 57.97 -138.58 17.7
55.0 57.97 -137.86 17.7
55.0 57.91 -122.47 17.2
55.0 57.89 -132.21 17.4
55.0 57.85 -126.56 17.2
55.0 57.82 -119.92 17.8
55.0 57.87 -157.46 17.0
55.0 57.95 -159.25 16.9
55.0 57.83 -101.16 17.4
55.0 57.86 -147.09 17.0
55.0 57.86 -136.83 16.5
55.0 57.80 -109.04 16.6
55.0 57.77 -131.08 16.7
55.0 57.71 -107.99 16.4
55.0 57.68 -118.67 16.1
55.0 57.66 -123.47 16.0
55.0 57.73 -150.08 16.2
55.0 57.81 -151.98 16.1
55.0 57.83 -141.37 16.6
55.0 57.83 -136.30 16.2
55.0 57.83 -130.69 15.7
55.0 57.80 -125.69 16.3
55.0 57.74 -114.66 16.1
55.0 57.66 -103.31 15.9
55.0 57.60 -101.25 15.6
55.0 57.53 -107.15 16.0
55.0 57.34 -51.70 15.3
55.0 57.28 -86.81 14.9
55.0 57.22 -86.12 14.3
55.0 57.18 -85.51 14.0
55.0 57.13 -80.00 13.4
55.0 57.06 -73.71 14.2
55.0 56.94 -51.68 13.1
55.0 56.89 -71.48 12.7
55.0 56.84 -66.50 12.7
55.0 56.85 -90.15 12.1
55.0 56.74 -44.10 11.7
55.0 56.70 -63.93 11.4
55.0 56.72 -84.88 11.4
55.0 56.69 -65.13 11.1
55.0 56.68 -73.99 11.0
55.0 56.67 -70.39 10.6
55.0 56.63 -66.88 10.5
55.0 56.64 -75.60 10.4
55.0 56.63 -73.44 10.2
55.0 56.58 -57.36 10.1
55.0 56.55 -62.09 9.7
55.0 56.49 -43.21 9.7
55.0 56.42 -41.26 9.5
55.0 56.41 -57.24 9.3
55.0 56.38 -48.32 8.9
55.0 56.35 -51.36 8.6
55.0 56.33 -51.15 8.4
55.0 56.37 -73.22 8.4
55.0 56.32 -36.68 8.2
55.0 56.27 -39.85 8.2
55.0 56.34 -83.96 7.8
55.0 56.35 -62.15 7.9
55.0 56.31 -42.32 8.0
55.0 56.23 -28.92 7.8
55.0 56.18 -33.72 7.1
55.0 56.11 -24.43 7.3
55.0 56.02 -16.46 6.7
55.0 56.01 -42.96 7.1
55.0 55.93 -15.69 6.2
55.0 55.92 -34.73 6.3
55.0 55.91 -36.69 5.6
55.0 55.90 -36.60 5.9
55.0 55.89 -34.58 5.4
55.0 55.84 -20.12 5.8
55.0 55.81 -25.11 5.7
55.0 55.81 -35.76 5.1
55.0 55.84 -45.64 5.4
55.0 55.91 -64.32 5.6
55.0 55.81 -0.75 5.3
55.0 55.72 2.91 5.2
55.0 55.70 -20.59 4.8
55.0 55.67 -18.58 4.6
55.0 55.62 -12.91 4.5
55.0 55.66 -39.06 4.4
55.0 55.63 -18.22 3.8
55.0 55.60 -17.98 4.2
55.0 55.58 -16.20 3.9
55.0 55.57 -23.00 4.1
55.0 55.53 -12.12 3.8
55.0 55.61 -50.10 3.8
55.0 55.58 -16.23 3.7
55.0 55.55 -12.23 3.7
55.0 55.54 -22.76 3.7
55.0 55.51 -10.30 3.4
55.0 55.51 -22.46 3.3
55.0 55.48 -11.64 3.2
55.0 55.47 -16.80 3.4
55.0 55.49 -26.94 3.1
55.0 55.47 -16.86 3.1
55.0 55.45 -11.36 3.1
55.0 55.42 -11.14 2.9
55.0 55.33 18.08 2.7
55.0 55.30 -2.61 2.8
55.0 55.28 -4.59 2.6
55.0 55.24 3.29 2.7
55.0 55.22 -2.54 2.4
55.0 55.24 -14.51 2.5
55.0 55.16 18.92 2.2
55.0 55.15 -2.98 1.8
55.0 55.13 3.37 2.1
55.0 55.15 -14.08 2.0
55.0 55.13 2.66 2.0
55.0 55.10 3.39 1.9
55.0 55.07 10.14 1.8
55.0 55.04 8.58 1.5
55.0 55.06 -8.28 1.8
55.0 55.06 -2.41 1.5
55.0 55.04 3.07 1.5
55.0 55.01 9.29 1.5
55.0 54.99 9.74 1.6
55.0 55.00 -2.40 1.3
55.0 54.97 9.06 1.4
55.0 54.89 30.03 1.1
55.0 54.92 -8.89 1.4
55.0 54.91 8.50 1.3
55.0 54.89 8.37 1.3
55.0 54.87 13.93 1.5
55.0 54.86 8.05 1.8
55.0 54.79 31.70 1.5
55.0 54.71 34.51 1.6
55.0 54.70 12.76 2.1
55.0 54.77 -16.14 1.5
55.0 54.74 18.26 1.5
55.0 54.76 2.05 1.8
55.0 54.79 -5.23 1.8
55.0 54.75 18.48 1.6
55.0 54.75 7.16 1.8
55.0 54.76 7.55 1.5
55.0 54.74 12.77 1.6
55.0 54.73 12.74 1.5
55.0 54.69 23.58 1.7
55.0 54.67 18.03 1.6
55.0 54.66 12.55 1.6
55.0 54.66 12.10 1.7
55.0 54.70 -3.77 1.6
55.0 54.73 -3.58 1.5
55.0 54.78 -10.14 1.5
55.0 54.76 13.13 1.4
55.0 54.73 18.38 1.5
55.0 54.71 18.24 1.5
55.0 54.71 6.80 1.8
55.0 54.72 6.31 0.7
55.0 54.71 12.79 1.6
55.0 54.68 18.12 1.3
55.0 54.69 7.23 1.3
55.0 54.65 23.92 1.4
55.0 54.65 12.50 1.3
55.0 54.63 17.86 1.5
55.0 54.62 17.53 1.6
55.0 54.59 23.07 2.0
55.0 54.57 17.57 1.6
55.0 54.64 -9.60 1.6
55.0 54.64 11.92 1.7
55.0 54.60 23.18 1.6
55.0 54.53 38.42 1.6
55.0 54.51 22.37 2.0
55.0 54.51 17.23 2.0
55.0 54.49 22.57 2.1
55.0 54.47 22.03 2.0
55.0 54.47 17.05 2.2
55.0 54.47 16.26 2.1
55.0 54.44 28.07 2.1
55.0 54.49 -0.98 2.2
55.0 54.47 22.02 2.0
55.0 54.49 11.67 2.0
55.0 54.45 27.82 1.9
55.0 54.40 38.31 2.0
55.0 54.39 21.31 2.0
55.0 54.40 16.68 2.3
55.0 54.39 22.08 2.4
55.0 54.38 21.26 2.0
55.0 54.38 22.01 2.2
55.0 54.37 21.15 2.4
55.0 54.43 2.20 2.3
55.0 54.43 14.95 2.2
55.0 54.43 15.93 2.1
55.0 54.44 17.78 2.2
55.0 54.48 -1.02 3.0
55.0 54.48 17.11 2.0
55.0 54.47 21.98 2.2
55.0 54.51 2.33 2.0
55.0 54.42 51.19 1.8
55.0 54.39 27.09 2.1
55.0 54.39 22.07 2.2
55.0 54.40 16.67 2.3
55.0 54.36 32.74 2.1
55.0 54.37 15.38 2.9
55.0 54.41 4.15 2.3
55.0 54.39 27.47 2.4
55.0 54.39 15.59 2.1
55.0 54.40 16.70 2.1
55.0 54.41 15.71 2.6
55.0 54.41 16.76 2.2
55.0 54.39 27.50 2.0
55.0 54.40 15.62 2.6
55.0 54.42 12.59 2.2
55.0 54.42 15.86 2.0
55.0 54.40 27.13 2.2
55.0 54.39 22.09 2.8
55.0 54.40 16.69 2.2
55.0 54.41 16.72 2.3
55.0 54.43 10.10 2.4
55.0 54.43 16.85 2.6
55.0 54.41 27.57 2.2
55.0 54.37 32.57 2.0
55.0 54.39 11.20 2.2
55.0 54.43 4.33 2.2
55.0 54.43 16.86 2.1
55.0 54.48 -1.05 1.8
55.0 54.48 16.34 2.0
55.0 54.46 22.98 2.0
55.0 54.42 33.03 1.8
55.0 54.45 6.03 2.2
55.0 54.55 -20.77 2.1
55.0 54.52 23.43 2.4
55.0 54.56 -0.34 2.2
55.0 54.54 22.60 2.0
55.0 54.52 22.71 2.0
55.0 54.51 17.25 2.0
55.0 54.49 22.59 2.2
55.0 54.59 -23.57 2.1
55.0 54.55 28.31 2.3
55.0 54.54 17.95 2.0
55.0 54.55 11.18 2.2
55.0 54.50 33.44 2.2
55.0 54.50 17.17 2.1
55.0 54.46 27.87 2.2
55.0 54.49 4.88 2.3
55.0 54.48 21.66 2.2
55.0 54.48 17.84 2.4
55.0 54.52 -0.72 2.2
55.0 54.50 22.63 1.8
55.0 54.50 16.48 1.9
55.0 54.51 11.78 2.2
55.0 54.53 6.43 1.9
55.0 54.54 10.23 1.9
55.0 54.49 33.40 1.8
55.0 54.55 -4.52 2.1
55.0 54.57 5.54 1.8
55.0 54.56 17.03 1.9
55.0 54.59 -0.07 1.8
55.0 54.54 33.34 1.7
55.0 54.55 11.13 1.5
55.0 54.52 22.47 2.0
55.0 54.53 12.77 1.6
55.0 54.56 5.42 1.8
55.0 54.58 5.60 1.8
55.0 54.57 16.67 1.9
55.0 54.57 12.83 1.6
55.0 54.60 0.03 1.8
55.0 54.63 -0.93 1.6
55.0 54.63 12.41 1.5
55.0 54.63 12.40 1.8
55.0 54.64 6.99 1.9
55.0 54.66 5.52 1.4
55.0 54.62 23.52 1.2
55.0 54.65 2.56 1.1
55.0 54.60 29.37 1.4
55.0 54.59 17.65 1.5
55.0 54.62 0.18 1.5
55.0 54.73 -28.35 1.5
55.0 54.73 7.89 1.6
55.0 54.76 -5.52 1.6
55.0 54.76 7.59 1.5
55.0 54.78 1.54 1.5
55.0 54.78 7.04 1.4
55.0 54.79 1.64 1.5
55.0 54.79 7.18 1.2
55.0 54.78 7.70 1.1
55.0 54.77 13.10 0.9
55.0 54.75 12.94 1.1
55.0 54.75 7.93 1.1
55.0 54.75 6.77 1.1
55.0 54.74 12.84 1.0
55.0 54.76 1.36 1.1
55.0 54.73 18.51 1.1
55.0 54.75 2.01 0.9
55.0 54.70 24.55 1.3
55.0 54.78 -20.00 1.1
55.0 54.80 2.79 1.3
55.0 54.81 1.27 1.3
55.0 54.80 7.59 1.8
55.0 54.79 13.32 1.1
55.0 54.77 13.14 1.3
55.0 54.78 1.58 1.0
55.0 54.81 -4.92 1.1
55.0 54.85 -8.53 1.2
55.0 54.87 -2.88 1.1
55.0 54.88 2.65 1.0
55.0 54.95 -28.17 0.9
55.0 54.95 3.03 1.1
55.0 54.96 -2.43 1.1
55.0 54.97 -2.62 0.9
55.0 54.96 3.10 0.7
55.0 55.00 -14.99 0.9
55.0 55.06 -17.73 1.0
55.0 55.04 3.08 1.0
55.0 55.03 3.79 1.2
55.0 55.03 -2.39 1.1
55.0 54.97 20.65 0.9
55.0 54.97 3.12 0.9
55.0 55.07 -40.03 1.1
55.0 55.04 7.98 1.4
55.0 55.12 -32.02 1.1
55.0 55.12 -8.40 1.1
55.0 55.12 -2.83 1.4
55.0 55.16 -19.71 1.4
55.0 55.15 -2.97 1.4
55.0 55.14 -2.93 1.4
55.0 55.12 3.38 1.2
55.0 55.11 -2.79 0.9
55.0 55.00 38.08 1.1
55.0 54.95 19.46 0.9
55.0 54.96 -2.44 1.5
55.0 54.94 8.78 1.4
55.0 54.98 -14.28 1.3
55.0 54.99 -2.29 1.3
55.0 55.01 -7.48 1.2
55.0 55.03 -8.26 1.2
55.0 55.06 -14.17 1.2
55.0 55.03 8.01 1.2
55.0 55.14 -44.02 1.4
55.0 55.13 -3.32 1.3
55.0 55.14 -8.34 1.6
55.0 55.15 -8.52 1.5
55.0 55.14 -2.93 1.4
55.0 55.15 -8.35 1.3
55.0 55.14 -2.93 1.4
55.0 55.13 -2.89 1.3
55.0 55.12 -2.85 1.5
55.0 55.13 -8.34 1.1
55.0 55.14 -8.34 1.1
55.0 55.13 -3.30 1.3
55.0 55.14 -8.34 1.1
55.0 55.13 -2.89 1.1
55.0 55.14 -8.34 1.1
55.0 55.15 -8.68 0.8
55.0 55.15 -8.35 1.1
55.0 55.16 -8.36 1.5
55.0 55.16 -8.59 1.2
55.0 55.17 -8.61 1.1
55.0 55.17 -8.64 1.5
55.0 55.18 -8.37 1.1
55.0 55.21 -19.96 0.9
55.0 55.22 -14.64 0.8
55.0 55.21 -3.27 1.2
55.0 55.25 -25.79 1.2
55.0 55.23 -4.21 1.2
55.0 55.23 -8.93 1.5
55.0 55.23 -8.41 1.3
55.0 55.24 -14.31 1.1
55.0 55.22 -4.86 1.3
55.0 55.24 -14.31 1.3
55.0 55.22 -4.08 1.1
55.0 55.23 -14.50 1.4
55.0 55.25 -14.84 1.3
55.0 55.27 -20.28 1.5
55.0 55.28 -14.74 1.5
55.0 55.27 -10.48 1.6
55.0 55.33 -31.78 1.5
55.0 55.35 -21.02 1.8
55.0 55.38 -26.40 1.7
55.0 55.41 -27.23 2.0
55.0 55.43 -26.67 2.1
55.0 55.43 -15.45 2.1
55.0 55.40 -12.11 2.0
55.0 55.32 12.65 2.4
55.0 55.34 -20.62 2.0
55.0 55.33 -9.41 2.1
55.0 55.38 -31.94 2.0
55.0 55.36 -9.57 1.8
55.0 55.38 -20.33 1.9
55.0 55.37 -16.75 2.4
55.0 55.42 -32.23 2.2
55.0 55.35 5.17 2.0
55.0 55.38 -26.18 2.2
55.0 55.40 -22.06 1.8
55.0 55.44 -32.33 2.5
55.0 55.46 -26.81 2.4
55.0 55.50 -32.99 3.0
55.0 55.51 -27.81 2.2
55.0 55.50 -17.07 2.5
55.0 55.53 -32.78 2.5
55.0 55.56 -34.20 2.6
55.0 55.55 -21.67 2.6
55.0 55.56 -28.26 3.0
55.0 55.54 -16.04 2.9
55.0 55.53 -17.32 2.8
55.0 55.52 -22.59 3.0
55.0 55.51 -15.86 2.8
55.0 55.54 -33.95 2.8
55.0 55.52 -15.92 3.0
55.0 55.52 -22.55 3.0
55.0 55.52 -21.50 1.7
55.0 55.53 -28.82 2.8
55.0 55.58 -38.66 2.8
55.0 55.58 -27.43 2.8
55.0 55.61 -34.84 3.1
55.0 55.55 -4.98 3.2
55.0 55.56 -27.32 3.0
55.0 55.56 -21.70 3.0
55.0 55.55 -24.05 3.0
55.0 55.55 -21.65 3.0
55.0 55.52 -10.34 2.6
55.0 55.43 9.71 2.8
55.0 55.48 -38.28 2.8
55.0 55.51 -33.14 2.8
55.0 55.53 -27.15 3.2
55.0 55.59 -44.76 3.1
55.0 55.59 -27.48 3.1
55.0 55.62 -33.21 3.3
55.0 55.62 -28.77 3.2
55.0 55.67 -45.27 3.4
55.0 55.69 -34.67 3.3
55.0 55.68 -27.92 3.9
55.0 55.71 -41.23 3.5
55.0 55.77 -50.97 3.7
55.0 55.73 -19.11 3.9
55.0 55.77 -45.27 3.8
55.0 55.74 -24.53 3.9
55.0 55.72 -24.32 4.2
55.0 55.71 -28.06 4.1
55.0 55.74 -41.56 4.1
55.0 55.78 -45.32 4.0
55.0 55.78 -35.51 4.1
55.0 55.77 -28.34 4.1
55.0 55.77 -35.45 4.4
55.0 55.79 -40.97 4.1
55.0 55.87 -62.94 4.2
55.0 55.83 -25.37 4.6
55.0 55.85 -41.47 4.6
55.0 55.84 -36.09 4.6
55.0 55.83 -28.63 4.5
55.0 55.86 -48.17 4.4
55.0 55.82 -23.00 4.3
55.0 55.79 -22.84 4.5
55.0 55.92 -80.15 4.4
55.0 55.89 -31.17 4.3
55.0 55.88 -36.44 4.5
55.0 55.91 -45.97 4.5
55.0 55.99 -70.49 4.6
55.0 55.94 -23.60 4.8
55.0 55.87 -15.11 5.4
55.0 55.82 -17.40 4.7
55.0 55.82 -35.85 4.8
55.0 55.79 -24.94 4.5
55.0 55.80 -39.80 5.0
55.0 55.79 -32.09 4.6
55.0 55.78 -28.39 4.5
55.0 55.77 -30.06 4.8
55.0 55.76 -28.28 4.6
55.0 55.70 -13.62 4.4
55.0 55.67 -18.58 4.2
55.0 55.68 -33.54 3.6
55.0 55.66 -25.45 4.0
55.0 55.68 -33.53 3.7
55.0 55.68 -29.28 3.9
55.0 55.69 -33.58 4.1
55.0 55.67 -25.56 3.8
55.0 55.78 -68.25 3.9
55.0 55.75 -22.66 4.8
55.0 55.71 -19.00 4.2
55.0 55.69 -24.11 4.1
55.0 55.66 -18.52 3.9
55.0 55.72 -50.75 3.7
55.0 55.72 -31.14 4.6
55.0 55.70 -22.37 3.9
55.0 55.74 -45.13 3.6
55.0 55.71 -24.30 4.0
55.0 55.69 -24.12 4.3
55.0 55.69 -29.40 4.0
55.0 55.78 -62.49 3.9
55.0 55.80 -42.34 4.2
55.0 55.71 -0.24 4.1
55.0 55.71 -28.03 3.9
55.0 55.70 -28.01 3.8
55.0 55.64 -7.80 4.1
55.0 55.62 -22.02 3.9
55.0 55.61 -21.96 3.7
55.0 55.66 -45.73 3.7
55.0 55.63 -16.48 3.7
55.0 55.65 -34.37 3.7
55.0 55.62 -16.43 3.7
55.0 55.63 -28.82 3.6
55.0 55.50 19.41 3.5
55.0 55.54 -38.33 3.5
55.0 55.52 -17.31 3.0
55.0 55.54 -28.03 3.7
55.0 55.55 -28.14 3.5
55.0 55.62 -50.25 3.7
55.0 55.61 -24.78 3.8
55.0 55.60 -21.91 3.6
55.0 55.59 -21.86 3.7
55.0 55.54 -6.93 3.8
55.0 55.58 -38.69 3.4
55.0 55.59 -28.50 3.6
55.0 55.57 -16.15 3.3
55.0 55.58 -29.38 3.5
55.0 55.59 -27.43 3.3
55.0 55.62 -38.90 3.2
55.0 55.61 -23.38 2.8
55.0 55.62 -28.73 3.7
55.0 55.62 -28.78 3.4
55.0 55.61 -21.95 3.3
55.0 55.60 -23.28 3.0
55.0 55.58 -17.78 3.5
55.0 55.57 -21.75 3.4
55.0 55.62 -44.86 3.2
55.0 55.58 -12.57 3.3
55.0 55.55 -12.23 3.9
55.0 55.54 -21.61 3.3
55.0 55.54 -22.73 2.8
55.0 55.52 -17.28 3.2
55.0 55.51 -17.14 3.1
55.0 55.58 -50.05 2.7
55.0 55.58 -23.05 3.4
55.0 55.57 -22.99 3.2
55.0 55.56 -21.72 3.5
55.0 55.54 -17.47 3.2
55.0 55.55 -28.18 3.1
55.0 55.55 -22.83 2.9
55.0 55.56 -27.31 3.8
55.0 55.56 -24.08 3.3
55.0 55.51 -4.75 3.3
55.0 55.51 -20.43 2.9
55.0 55.45 -0.88 3.0
55.0 55.47 -26.85 2.7
55.0 55.47 -22.14 2.4
55.0 55.46 -15.63 2.9
55.0 55.45 -16.66 2.8
55.0 55.46 -22.01 2.8
55.0 55.43 -9.93 2.8
55.0 55.44 -21.11 2.6
55.0 55.51 -43.82 2.6
55.0 55.39 20.35 2.8
55.0 55.39 -14.43 2.6
55.0 55.40 -21.48 2.8
55.0 55.38 -10.76 2.8
55.0 55.38 -15.22 2.4
55.0 55.42 -32.33 2.7
55.0 55.42 -16.34 3.0
55.0 55.43 -21.72 2.6
55.0 55.33 18.08 2.5
55.0 55.35 -20.65 2.6
55.0 55.30 0.40 2.4
55.0 55.25 10.79 2.4
55.0 55.26 -14.63 2.2
55.0 55.27 -14.68 2.4
55.0 55.26 -10.35 2.4
55.0 55.21 7.72 2.2
55.0 55.23 -14.30 2.1
55.0 55.23 -9.39 2.0
55.0 55.24 -14.31 1.9
55.0 55.19 6.60 2.2
55.0 55.22 -20.47 2.0
55.0 55.24 -15.02 2.0
55.0 55.31 -37.34 1.9
55.0 55.23 16.66 2.0
55.0 55.27 -26.18 2.0
55.0 55.26 -9.72 2.2
55.0 55.30 -26.03 2.2
55.0 55.26 1.97 2.2
55.0 55.27 -14.70 2.1
55.0 55.30 -20.40 2.0
55.0 55.29 -9.94 1.9
55.0 55.28 -8.45 2.2
55.0 55.27 -9.14 2.0
55.0 55.31 -26.08 1.9
55.0 55.29 -3.66 2.0
55.0 55.31 -20.46 1.9
55.0 55.33 -20.87 2.2
55.0 55.33 -14.99 2.4
55.0 55.29 0.52 2.0
55.0 55.28 -8.46 1.8
55.0 55.28 -9.14 1.8
55.0 55.27 -8.45 1.7
55.0 55.25 -3.47 1.3
55.0 55.23 -3.38 1.6
55.0 55.20 3.32 1.6
55.0 55.21 -14.29 1.5
55.0 55.21 -8.84 1.3
55.0 55.23 -14.67 1.5
55.0 55.23 -8.90 1.5
55.0 55.25 -20.23 1.6
55.0 55.25 -10.17 1.6
55.0 55.25 -9.00 1.8
55.0 55.21 2.23 1.7
55.0 55.26 -26.65 1.3
55.0 55.25 -10.20 1.4
55.0 55.26 -14.65 1.7
55.0 55.26 -9.06 1.6
55.0 55.24 -3.42 1.6
55.0 55.24 -8.95 1.5
55.0 55.23 -8.93 1.3
55.0 55.23 -8.42 1.6
55.0 55.20 2.29 1.4
55.0 55.17 3.34 1.3
55.0 55.17 -8.11 1.4
55.0 55.16 -3.05 1.6
55.0 55.12 8.17 1.2
55.0 55.13 -8.34 1.3
55.0 55.14 -8.34 1.1
55.0 55.15 -8.35 0.9
55.0 55.14 -3.35 0.9
55.0 55.10 9.22 1.1
55.0 55.11 -8.32 0.9
55.0 55.14 -14.23 1.2
55.0 55.13 -3.27 0.9
55.0 55.11 2.75 1.4
55.0 55.10 -2.14 1.1
55.0 55.10 -2.73 1.1
55.0 55.05 14.01 0.9
55.0 55.04 3.10 0.9
55.0 55.04 -2.38 1.0
55.0 55.00 15.06 0.9
55.0 54.99 3.09 0.9
55.0 54.99 -2.58 0.9
55.0 55.00 -2.24 1.1
55.0 55.04 -14.15 1.1
55.0 55.01 8.23 1.1
55.0 54.99 9.17 1.2
55.0 54.99 -2.61 1.1
55.0 55.01 -7.50 0.9
55.0 55.02 -2.39 0.9
55.0 55.01 3.47 0.9
55.0 55.01 -2.38 0.8
55.0 55.02 -2.33 0.7
55.0 55.01 3.24 0.9
55.0 55.06 -21.07 0.7
55.0 55.13 -30.81 0.9
55.0 55.11 1.54 1.0
55.0 55.14 -14.51 1.0
55.0 55.10 7.44 1.1
55.0 55.12 -14.55 0.9
55.0 55.12 -3.52 0.9
55.0 55.02 32.35 1.1
55.0 55.03 -2.39 1.3
55.0 55.06 -13.18 1.3
55.0 55.08 -8.15 1.3
55.0 55.07 -2.61 1.5
55.0 55.06 3.43 1.3
55.0 55.12 -26.06 1.1
55.0 55.10 2.24 1.0
55.0 55.11 -8.35 1.2
55.0 55.10 -2.75 0.9
55.0 55.10 -2.73 1.4
55.0 55.08 2.88 1.5
55.0 55.06 3.93 1.0
55.0 55.00 22.19 0.9
55.0 55.05 -18.42 1.3
55.0 55.06 -2.51 1.5
55.0 55.03 8.65 1.1
55.0 55.00 9.88 1.1
55.0 54.99 3.40 1.3
55.0 54.94 20.34 1.3
55.0 54.94 2.92 1.1
55.0 54.98 -14.31 1.1
55.0 54.97 3.06 1.0
55.0 54.94 15.23 1.1
55.0 54.95 -2.50 0.9
55.0 54.92 13.83 0.8
55.0 54.90 8.28 0.9
55.0 54.95 -15.69 1.3
55.0 54.90 19.20 1.3
55.0 54.90 2.95 0.9
55.0 54.89 8.43 1.2
55.0 54.95 -20.49 1.7
55.0 54.91 13.83 1.2
55.0 54.94 -7.45 1.2
55.0 54.93 8.65 1.1
55.0 54.92 2.74 1.2
55.0 54.98 -20.18 1.0
55.0 54.98 3.07 1.3
55.0 54.98 -2.51 0.9
55.0 54.93 20.29 1.2
55.0 54.93 2.87 1.0
55.0 54.94 -2.52 1.3
55.0 54.90 19.97 1.2
55.0 54.90 2.77 1.3
55.0 54.85 19.61 1.1
55.0 54.89 -9.19 1.2
55.0 54.88 8.16 1.3
55.0 54.87 8.18 0.7
55.0 54.84 13.46 1.1
55.0 54.86 -3.56 1.2
55.0 54.85 8.01 1.2
55.0 54.83 13.61 1.1
55.0 54.81 13.29 1.0
55.0 54.86 -14.03 1.0
55.0 54.85 8.04 1.2
55.0 54.77 37.55 1.3
55.0 54.78 2.77 0.9
55.0 54.81 -4.90 1.4
55.0 54.81 7.81 1.2
55.0 54.80 7.38 1.1
55.0 54.83 -3.86 1.1
55.0 54.81 13.29 1.2
55.0 54.74 30.14 1.3
55.0 54.75 7.50 1.3
55.0 54.78 -4.31 1.3
55.0 54.78 7.34 1.3
55.0 54.77 7.33 1.3
55.0 54.79 1.01 1.2
55.0 54.76 18.49 1.1
55.0 54.76 7.18 1.3
55.0 54.82 -17.32 1.0
55.0 54.86 -6.76 1.3
55.0 54.98 -44.06 1.3
55.0 54.96 8.26 1.3
55.0 54.93 15.11 1.5
55.0 54.91 8.18 1.4
55.0 54.97 -21.67 1.5
55.0 54.92 19.31 1.4
55.0 54.90 8.30 1.6
55.0 54.89 8.34 1.3
55.0 54.86 13.90 1.4
55.0 54.85 8.01 1.5
55.0 54.87 -4.12 1.6
55.0 54.86 8.10 1.5
55.0 54.88 -4.01 1.3
55.0 54.87 8.13 1.3
55.0 54.79 37.75 1.2
55.0 54.80 2.27 1.6
55.0 54.82 -3.90 1.4
55.0 54.80 13.39 1.3
55.0 54.86 -14.05 1.3
55.0 54.88 -2.31 1.4
55.0 54.85 13.82 0.6
55.0 54.84 7.99 1.3
55.0 54.85 2.17 1.1
55.0 54.84 7.92 1.0
55.0 54.86 -4.24 0.9
55.0 54.85 8.02 1.3
55.0 54.86 2.58 1.3
55.0 54.86 1.98 1.3
55.0 54.87 2.34 1.0
55.0 54.90 -9.97 1.0
55.0 54.95 -13.60 0.8
55.0 54.96 -2.18 1.1
55.0 54.97 -2.63 0.8
55.0 54.93 13.93 0.8
55.0 54.90 13.77 1.0
55.0 54.87 13.62 1.3
55.0 54.88 2.41 1.0
55.0 54.90 -3.83 1.1
55.0 54.88 8.13 1.0
55.0 54.86 14.22 1.1
55.0 54.85 8.01 0.8
55.0 54.82 13.81 1.1
55.0 54.83 2.44 0.9
55.0 54.84 2.08 0.8
55.0 54.83 7.75 0.7
55.0 54.84 2.08 0.9
55.0 54.83 7.84 0.9
55.0 54.83 7.67 0.8
55.0 54.83 2.03 0.6
55.0 54.86 -4.33 0.8
55.0 54.86 2.89 0.7
55.0 54.85 8.01 0.7
55.0 54.84 7.89 0.5
55.0 54.84 7.86 0.8
55.0 54.80 19.12 0.6
55.0 54.77 18.83 0.9
55.0 54.77 7.60 0.3
55.0 54.81 -9.89 0.8
55.0 54.81 7.80 0.8
55.0 54.80 7.35 1.3
55.0 54.80 7.31 1.0
55.0 54.78 13.14 1.0
55.0 54.78 7.35 0.8
55.0 54.78 7.34 1.1
55.0 54.77 7.02 0.9
55.0 54.77 7.32 0.9
55.0 54.80 -4.09 0.8
55.0 54.81 1.85 1.1
55.0 54.81 7.62 0.5
55.0 54.80 7.58 0.5
55.0 54.78 13.31 0.9
55.0 54.72 29.18 0.8
55.0 54.73 6.92 1.5
55.0 54.73 7.42 1.1
55.0 54.76 -5.51 1.3
55.0 54.72 24.19 0.7
55.0 54.71 12.79 0.9
55.0 54.71 7.34 0.9
55.0 54.75 -4.56 1.5
55.0 54.74 12.79 1.3
55.0 54.78 -8.87 1.3
55.0 54.75 18.46 1.1
55.0 54.77 1.45 1.1
55.0 54.64 57.56 1.1
55.0 54.65 6.23 1.6
55.0 54.69 -3.80 1.4
55.0 54.70 6.66 1.4
55.0 54.73 -5.89 1.4
55.0 54.75 2.71 1.2
55.0 54.72 18.67 1.7
55.0 54.67 28.90 1.3
55.0 54.66 12.16 1.3
55.0 54.61 28.62 1.2
55.0 54.63 6.91 1.5
55.0 54.66 -0.65 1.3
55.0 54.67 7.11 1.5
55.0 54.71 -4.92 1.3
55.0 54.71 6.79 1.5
55.0 54.72 6.83 1.5
55.0 54.74 0.36 1.3
55.0 54.74 7.47 1.1
55.0 54.74 6.61 1.2
55.0 54.77 -5.38 1.4
55.0 54.77 7.64 1.0
55.0 54.71 29.86 1.0
55.0 54.70 12.76 1.1
55.0 54.64 34.90 1.3
55.0 54.65 6.23 1.5
55.0 54.67 1.64 1.6
55.0 54.68 5.87 1.3
55.0 54.71 0.91 1.2
55.0 54.71 6.23 1.1
55.0 54.70 12.50 1.0
55.0 54.72 1.89 1.1
55.0 54.71 12.40 1.1
55.0 54.69 18.14 1.1
55.0 54.70 7.25 1.1
55.0 54.69 12.08 1.1
55.0 54.65 23.39 1.1
55.0 54.66 7.08 1.3
55.0 54.70 -4.97 1.3
55.0 54.65 29.31 1.2
55.0 54.62 23.29 1.4
55.0 54.56 33.37 1.2
55.0 54.58 5.62 1.6
55.0 54.58 11.45 1.4
55.0 54.60 5.81 1.4
55.0 54.60 11.62 1.4
55.0 54.59 17.64 1.4
55.0 54.62 0.16 1.4
55.0 54.66 -5.30 1.4
55.0 54.67 7.14 1.5
55.0 54.68 5.86 1.3
55.0 54.68 12.28 1.3
55.0 54.67 12.22 1.2
55.0 54.66 12.98 1.2
55.0 54.62 29.02 1.1
55.0 54.68 -9.42 1.2
55.0 54.70 0.85 1.5
55.0 54.73 -4.68 1.3
55.0 54.74 7.46 1.3
55.0 54.76 0.59 1.9
55.0 54.76 7.17 1.1
55.0 54.76 7.17 1.1
55.0 54.77 0.80 1.2
55.0 54.73 24.25 1.0
55.0 54.73 6.95 1.3
55.0 54.73 7.44 1.1
55.0 54.74 6.54 1.1
55.0 54.70 24.43 1.1
55.0 54.69 13.01 1.2
55.0 54.69 6.64 0.9
55.0 54.69 12.07 1.1
55.0 54.69 7.24 1.1
55.0 54.73 -4.71 1.3
55.0 54.73 7.44 0.7
55.0 54.77 -5.47 1.1
55.0 54.71 29.10 1.3
55.0 54.70 12.74 1.1
55.0 54.69 12.39 1.3
55.0 54.71 1.83 1.2
55.0 54.67 24.15 1.2
55.0 54.71 -2.58 1.5
55.0 54.70 12.50 1.2
55.0 54.74 -4.65 1.3
55.0 54.73 12.88 1.2
55.0 54.71 12.82 1.3
55.0 54.76 -8.96 0.9
55.0 54.76 7.24 1.3
55.0 54.73 18.81 1.2
55.0 54.74 7.90 1.2
55.0 54.75 0.58 1.1
55.0 54.76 7.16 1.1
55.0 54.79 -5.23 0.9
55.0 54.78 7.69 1.3
55.0 54.78 7.39 1.1
55.0 54.76 13.06 1.1
55.0 54.76 7.95 1.0
55.0 54.78 0.90 1.1
55.0 54.73 24.92 1.1
55.0 54.74 7.45 0.7
55.0 54.72 12.69 1.3
55.0 54.73 7.41 1.3
55.0 54.76 -5.54 0.8
55.0 54.72 24.17 1.1
55.0 54.71 13.04 1.3
55.0 54.70 12.46 1.1
55.0 54.70 7.29 1.3
55.0 54.65 29.97 1.0
55.0 54.71 -9.25 1.0
55.0 54.70 12.74 1.3
55.0 54.70 6.72 1.5
55.0 54.68 18.09 1.0
55.0 54.67 12.62 1.0
55.0 54.73 -9.15 1.9
55.0 54.73 6.96 1.4
55.0 54.72 12.49 1.5
55.0 54.69 18.19 1.2
55.0 54.66 23.64 1.3
55.0 54.62 23.26 1.5
55.0 54.64 6.95 1.3
55.0 54.64 11.42 1.5
55.0 54.63 12.41 1.3
55.0 54.65 6.21 1.6
55.0 54.61 23.21 1.4
55.0 54.67 -11.08 1.5
55.0 54.67 12.58 0.9
55.0 54.66 12.56 1.6
55.0 54.72 -9.20 1.4
55.0 54.71 12.78 2.2
55.0 54.74 -4.62 1.1
55.0 54.70 23.64 1.4
55.0 54.69 12.71 1.3
55.0 54.68 12.34 1.3
55.0 54.71 1.80 1.5
55.0 54.73 0.23 1.4
55.0 54.72 12.83 1.3
55.0 54.75 -4.54 1.3
55.0 54.74 12.80 1.2
55.0 54.74 7.90 0.7
55.0 54.73 12.58 1.1
55.0 54.69 23.57 1.3
55.0 54.66 17.95 1.1
55.0 54.69 1.72 1.5
55.0 54.64 29.21 1.4
55.0 54.65 6.25 1.5
55.0 54.65 12.02 1.4
55.0 54.66 7.06 1.3
55.0 54.68 -0.32 1.6
55.0 54.69 7.23 1.3
55.0 54.73 -5.96 1.3
55.0 54.73 7.89 1.4
55.0 54.75 0.52 1.0
55.0 54.74 12.70 1.1
55.0 54.74 7.47 1.1
55.0 54.80 -15.86 1.1
55.0 54.83 -2.39 1.2
55.0 54.84 2.04 1.3
55.0 54.86 -4.32 1.1
55.0 54.88 -2.31 0.9
55.0 54.87 8.14 1.1
55.0 54.87 2.35 0.9
55.0 54.82 25.97 1.4
55.0 54.83 2.83 0.9
55.0 54.82 7.59 1.1
55.0 54.81 7.52 0.9
55.0 54.84 -3.78 0.9
55.0 54.80 18.72 1.1
55.0 54.80 7.53 1.0
55.0 54.81 1.81 1.2
55.0 54.80 7.59 1.0
55.0 54.80 7.56 1.3
55.0 54.80 7.30 0.8
55.0 54.82 -4.76 0.9
55.0 54.82 8.03 1.4
55.0 54.81 7.49 0.9
55.0 54.82 1.92 0.8
55.0 54.85 -4.48 0.8
55.0 54.85 2.54 0.5
55.0 54.83 13.60 0.7
55.0 54.82 7.74 0.7
55.0 54.82 7.69 0.9
55.0 54.83 1.95 0.8
55.0 54.88 -16.54 0.7
55.0 54.87 8.11 1.1
55.0 54.84 14.04 0.7
55.0 54.85 2.87 0.8
55.0 54.84 7.86 0.8
55.0 54.88 -10.30 0.9
55.0 54.87 8.11 0.7
55.0 54.89 -3.37 0.5
55.0 54.89 2.72 0.8
55.0 54.86 14.28 0.8
55.0 54.85 8.00 0.7
55.0 54.84 7.99 0.8
55.0 54.82 13.75 0.9
55.0 54.78 18.63 1.0
55.0 54.81 -4.01 0.8
55.0 54.84 -2.38 1.2
55.0 54.84 2.12 0.9
55.0 54.76 37.45 0.9
55.0 54.79 -2.45 0.9
55.0 54.79 7.46 1.1
55.0 54.77 13.11 1.1
55.0 54.74 18.62 0.8
55.0 54.73 12.89 0.7
55.0 54.67 28.92 0.9
55.0 54.70 0.84 1.0
55.0 54.67 18.04 1.1
55.0 54.70 1.76 0.5
55.0 54.73 -5.88 1.3
55.0 54.75 2.03 1.1
55.0 54.75 6.75 1.1
55.0 54.77 2.12 1.3
55.0 54.75 12.92 1.0
55.0 54.68 35.30 0.8
55.0 54.69 7.21 1.1
55.0 54.67 17.97 1.1
55.0 54.71 -3.72 1.2
55.0 54.71 6.79 1.2
55.0 54.73 0.30 1.2
55.0 54.74 7.45 0.9
55.0 54.75 0.56 0.9
55.0 54.78 -4.26 1.0
55.0 54.80 1.70 0.7
55.0 54.81 1.80 0.5
55.0 54.80 7.58 0.8
55.0 54.81 1.34 0.9
55.0 54.82 1.94 1.0
55.0 54.83 2.02 0.7
55.0 54.83 7.67 0.7
55.0 54.82 7.72 0.7
55.0 54.81 7.52 0.6
55.0 54.81 7.82 0.9
55.0 54.80 7.39 0.5
55.0 54.81 1.35 0.7
55.0 54.81 7.64 0.8
55.0 54.82 1.90 0.7
55.0 54.81 7.53 0.7
55.0 54.82 1.94 0.6
55.0 54.83 1.57 0.6
55.0 54.84 2.48 0.6
55.0 54.83 7.76 0.5
55.0 54.84 1.67 0.6
55.0 54.91 -20.84 0.5
55.0 54.89 8.15 0.2
55.0 54.89 2.56 0.4
55.0 54.91 -3.64 0.7
55.0 54.84 30.95 0.6
55.0 54.88 -7.57 0.7
55.0 54.86 8.11 1.0
55.0 54.84 13.69 0.9
55.0 54.85 2.51 0.7
55.0 54.87 -4.20 0.9
55.0 54.86 8.06 1.0
55.0 54.85 7.95 0.8
55.0 54.90 -13.85 0.9
55.0 54.92 -2.67 0.9
55.0 54.91 2.73 0.9
55.0 54.93 -2.99 0.9
55.0 54.94 -2.53 0.6
55.0 54.92 8.40 0.2
55.0 54.86 26.58 0.8
55.0 54.87 2.62 1.2
55.0 54.93 -20.62 1.1
55.0 54.92 8.36 0.7
55.0 54.93 -2.98 0.9
55.0 54.90 14.22 0.9
55.0 54.87 13.30 0.8
55.0 54.87 2.38 1.0
55.0 54.92 -15.98 0.8
55.0 54.91 8.06 0.7
55.0 54.86 20.45 0.9
55.0 54.82 18.83 1.2
55.0 54.89 -20.97 1.2
55.0 54.94 -12.73 0.9
55.0 54.95 -2.20 1.3
55.0 54.95 3.02 1.8
55.0 54.93 8.68 1.2
55.0 54.96 -8.61 1.2
55.0 54.94 8.47 1.6
55.0 54.91 14.84 1.0
55.0 54.94 -8.79 1.3
55.0 54.92 8.19 1.1
55.0 54.95 -9.41 0.9
55.0 54.96 -2.45 1.2
55.0 54.97 -2.64 1.2
55.0 54.92 19.31 1.1
55.0 54.99 -24.56 1.0
55.0 54.97 8.63 1.2
55.0 54.92 19.31 1.4
55.0 54.90 8.46 1.3
55.0 54.89 8.49 1.7
55.0 54.88 8.23 1.5
55.0 54.87 8.13 1.3
55.0 54.87 2.35 1.1
55.0 54.89 -3.92 1.0
55.0 54.89 2.53 1.5
55.0 54.94 -13.65 1.1
55.0 54.88 24.53 1.1
55.0 54.88 2.68 1.1
55.0 54.88 2.21 1.1
55.0 54.87 8.17 1.0
55.0 54.83 19.40 1.2
55.0 54.81 13.43 1.5
55.0 54.85 -8.54 0.9
55.0 54.89 -8.35 1.3
55.0 54.89 2.50 1.1
55.0 54.89 2.52 1.3
55.0 54.91 -3.69 0.8
55.0 54.91 2.96 1.0
55.0 54.79 49.89 1.0
55.0 54.79 7.45 1.1
55.0 54.83 -9.71 1.1
55.0 54.82 7.89 0.9
55.0 54.82 7.71 1.1
55.0 54.78 19.42 1.1
55.0 54.81 -4.02 1.2
55.0 54.84 -2.38 1.2
55.0 54.83 7.80 1.0
55.0 54.84 2.05 1.1
55.0 54.86 -4.31 1.1
55.0 54.86 2.60 1.1
55.0 54.87 2.33 1.0
55.0 54.89 -3.94 0.9
55.0 54.91 -2.27 0.7
55.0 54.91 2.65 0.9
55.0 54.89 8.50 0.8
55.0 54.88 8.24 0.6
55.0 54.87 8.14 0.9
55.0 54.89 -3.36 0.8
55.0 54.90 -3.21 0.8
55.0 54.87 14.01 0.5
55.0 54.86 8.10 0.7
55.0 54.79 31.79 0.5
55.0 54.76 18.52 1.3
55.0 54.75 12.90 1.1
55.0 54.76 2.73 0.9
55.0 54.75 12.86 1.1
55.0 54.75 7.12 1.1
55.0 54.77 1.44 1.0
55.0 54.75 12.93 1.3
55.0 54.77 2.11 1.1
55.0 54.78 0.93 1.0
55.0 54.79 1.09 0.9
55.0 54.79 7.73 0.9
55.0 54.79 7.20 0.9
55.0 54.77 13.14 0.8
55.0 54.82 -8.71 1.0
55.0 54.82 2.40 0.7
55.0 54.79 19.03 0.9
55.0 54.77 13.11 1.2
55.0 54.76 13.03 0.8
55.0 54.74 12.96 1.0
55.0 54.76 1.37 1.0
55.0 54.77 1.51 1.0
55.0 54.77 7.32 0.9
55.0 54.79 1.62 0.8
55.0 54.83 -10.91 0.9
55.0 54.82 7.89 0.9
55.0 54.79 18.64 0.7
55.0 54.80 1.73 0.9
55.0 54.80 7.52 0.9
55.0 54.81 1.25 0.8
55.0 54.79 13.25 0.7
55.0 54.80 2.28 1.1
55.0 54.80 7.30 0.2
55.0 54.79 7.50 0.8
55.0 54.82 -3.94 0.7
55.0 54.80 13.35 0.8
55.0 54.83 -3.12 0.9
55.0 54.83 2.03 1.0
55.0 54.83 7.91 0.8
55.0 54.82 7.61 0.7
55.0 54.83 1.53 0.8
55.0 54.79 19.08 0.7
55.0 54.75 23.87 0.7
55.0 54.76 2.08 1.3
55.0 54.73 18.80 0.9
55.0 54.71 18.32 1.1
55.0 54.73 2.67 1.2
55.0 54.70 18.40 1.1
55.0 54.72 1.88 1.1
55.0 54.73 6.41 1.1
55.0 54.76 -4.46 0.8
55.0 54.73 18.36 0.9
55.0 54.73 6.98 0.9
55.0 54.69 23.95 1.0
55.0 54.71 1.84 1.1
55.0 54.68 24.18 1.1
55.0 54.70 1.76 1.1
55.0 54.73 -4.68 1.1
55.0 54.74 7.46 1.1
55.0 54.77 -5.43 1.0
55.0 54.77 7.29 1.1
55.0 54.75 13.02 1.1
55.0 54.74 12.83 1.1
55.0 54.74 7.48 0.9
55.0 54.66 42.16 0.9
55.0 54.68 1.68 1.1
55.0 54.69 6.59 1.3
55.0 54.70 6.04 1.1
55.0 54.73 -4.69 1.0
55.0 54.75 2.03 1.0
55.0 54.74 12.72 0.7
55.0 54.73 12.88 1.1
55.0 54.71 12.61 1.1
55.0 54.66 28.42 1.1
55.0 54.67 6.42 1.8
55.0 54.67 11.80 1.0
55.0 54.67 7.14 1.3
55.0 54.73 -10.60 1.3
55.0 54.75 2.71 1.2
55.0 54.75 6.69 1.3
55.0 54.72 18.64 0.9
55.0 54.72 7.88 1.1
55.0 54.73 6.44 1.3
55.0 54.73 6.96 1.1
55.0 54.73 6.52 1.1
55.0 54.71 18.33 1.1
55.0 54.73 1.91 0.9
55.0 54.69 24.34 1.0
55.0 54.73 -2.56 1.5
55.0 54.71 12.61 1.1
55.0 54.70 12.52 1.3
55.0 54.78 -20.01 1.1
55.0 54.87 -23.44 1.2
55.0 54.88 2.91 1.3
55.0 54.87 8.17 1.4
55.0 54.85 8.03 1.1
55.0 54.83 13.62 1.2
55.0 54.82 7.76 1.5
55.0 54.83 2.02 1.3
55.0 54.86 -4.35 1.2
55.0 54.85 8.07 1.1
55.0 54.84 7.83 1.2
55.0 54.88 -10.33 1.0
55.0 54.82 23.54 1.0
55.0 54.80 13.25 1.2
55.0 54.78 13.15 1.0
55.0 54.78 7.37 1.3
55.0 54.76 13.04 0.9
55.0 54.75 13.11 1.1
55.0 54.73 12.78 1.3
55.0 54.71 18.24 1.1
55.0 54.68 18.12 1.1
55.0 54.66 17.93 1.3
55.0 54.60 33.94 1.4
55.0 54.60 11.62 1.5
55.0 54.62 7.71 1.5
55.0 54.68 -12.85 1.6
55.0 54.68 7.82 1.6
55.0 54.68 11.96 0.9
55.0 54.69 7.20 1.6
55.0 54.68 12.30 1.1
55.0 54.72 -4.83 1.5
55.0 54.69 18.17 1.4
55.0 54.70 7.27 1.5
55.0 54.68 18.08 1.9
55.0 54.67 12.60 1.4
55.0 54.66 12.18 1.6
55.0 54.69 2.62 1.5
55.0 54.79 -30.29 1.3
55.0 54.81 -3.17 1.3
55.0 54.81 8.02 1.5
55.0 54.79 13.37 1.3
55.0 54.76 18.49 1.6
55.0 54.77 1.49 1.5
55.0 54.80 -4.10 1.2
55.0 54.78 13.16 1.3
55.0 54.77 13.06 1.7
55.0 54.74 18.38 1.3
55.0 54.72 12.87 1.6
55.0 54.70 18.19 1.8
55.0 54.68 18.04 1.5
55.0 54.73 -10.59 1.6
55.0 54.75 3.37 1.6
55.0 54.73 12.67 1.7
55.0 54.71 18.24 1.5
55.0 54.68 18.11 1.6
55.0 54.66 18.01 1.1
55.0 54.69 1.70 1.6
55.0 54.68 11.98 1.5
55.0 54.67 12.99 1.6
55.0 54.65 17.85 1.5
55.0 54.63 17.69 1.0
55.0 54.57 33.82 1.5
55.0 54.59 6.73 1.6
55.0 54.59 11.56 1.5
55.0 54.60 11.58 1.8
55.0 54.57 22.98 1.8
55.0 54.57 12.11 1.5
55.0 54.58 11.42 1.6
55.0 54.61 1.32 1.6
55.0 54.61 11.12 1.7
55.0 54.61 12.89 1.6
55.0 54.60 17.37 1.5
55.0 54.61 5.93 1.5
55.0 54.63 6.06 1.5
55.0 54.64 6.18 1.6
55.0 54.64 11.96 1.3
55.0 54.64 11.93 1.3
55.0 54.59 28.51 1.4
55.0 54.59 12.21 1.4
55.0 54.60 11.57 1.5
55.0 54.66 -9.50 1.4
55.0 54.59 33.92 1.5
55.0 54.60 11.58 1.5
55.0 54.61 6.83 1.7
55.0 54.61 11.14 1.5
55.0 54.60 18.04 1.6
55.0 54.63 0.25 1.8
55.0 54.64 6.19 1.5
55.0 54.61 23.37 1.4
55.0 54.63 6.90 1.4
55.0 54.63 11.83 1.4
55.0 54.61 17.47 1.3
55.0 54.61 12.29 1.5
55.0 54.60 17.68 1.4
55.0 54.64 -5.49 1.6
55.0 54.65 7.04 1.5
55.0 54.65 11.61 1.3
55.0 54.68 2.59 1.4
55.0 54.64 23.75 1.3
55.0 54.62 17.59 1.5
55.0 54.61 18.05 1.4
55.0 54.65 -5.39 1.3
55.0 54.59 33.90 1.6
55.0 54.59 11.55 1.5
55.0 54.60 12.22 1.5
55.0 54.58 17.61 1.6
55.0 54.65 -11.32 1.7
55.0 54.61 23.21 1.7
55.0 54.58 23.06 1.9
55.0 54.56 22.92 1.8
55.0 54.58 5.62 1.7
55.0 54.58 10.74 1.5
55.0 54.60 7.68 1.5
55.0 54.62 5.02 2.2
55.0 54.65 0.39 1.3
55.0 54.63 17.47 1.5
55.0 54.61 17.76 1.5
55.0 54.55 33.72 1.5
55.0 54.56 11.26 1.5
55.0 54.55 17.96 1.5
55.0 54.53 22.51 1.7
55.0 54.55 5.38 1.6
55.0 54.56 11.24 1.5
55.0 54.56 12.06 1.5
55.0 54.57 12.08 1.2
55.0 54.62 -5.70 1.7
55.0 54.60 17.41 1.5
55.0 54.60 12.88 1.8
55.0 54.62 5.98 1.5
55.0 54.63 6.11 1.4
55.0 54.66 -0.59 1.5
55.0 54.61 28.35 1.3
55.0 54.61 11.73 1.9
55.0 54.58 23.01 1.5
55.0 54.56 22.92 1.6
55.0 54.46 49.32 1.4
55.0 54.46 17.01 1.8
55.0 54.52 -6.54 1.4
55.0 54.50 22.64 1.8
55.0 54.51 11.81 1.9
55.0 54.55 -0.42 1.5
55.0 54.54 17.42 1.8
55.0 54.55 12.00 1.8
55.0 54.56 11.24 1.7
55.0 54.50 33.47 1.7
55.0 54.53 5.21 1.6
55.0 54.51 22.68 2.0
55.0 54.51 16.57 2.0
55.0 54.49 22.57 1.8
55.0 54.50 10.74 2.2
55.0 54.53 6.39 1.7
55.0 54.55 5.37 1.8
55.0 54.60 -7.57 1.7
55.0 54.59 17.64 1.6
55.0 54.61 6.79 1.7
55.0 54.49 58.06 2.0
55.0 54.49 17.13 2.4
55.0 54.54 -4.53 1.9
55.0 54.51 28.09 2.0
55.0 54.53 5.23 1.7
55.0 54.56 4.26 2.1
55.0 54.55 17.44 1.9
55.0 54.54 16.86 1.6
55.0 54.55 11.98 1.7
55.0 54.44 55.83 1.6
55.0 54.40 32.93 2.7
55.0 54.42 11.33 2.2
55.0 54.44 10.20 2.0
55.0 54.49 0.69 2.0
55.0 54.51 5.05 1.8
55.0 54.52 10.00 1.8
55.0 54.52 17.29 1.7
55.0 54.53 10.98 1.7
55.0 54.51 23.04 1.0
55.0 54.53 5.22 1.8
55.0 54.53 16.74 1.8
55.0 54.56 -0.32 1.7
55.0 54.64 -15.13 1.6
55.0 54.64 12.94 1.7
55.0 54.67 0.58 1.5
55.0 54.68 7.16 1.6
55.0 54.69 5.90 1.3
55.0 54.69 6.00 1.5
55.0 54.67 18.01 1.4
55.0 54.65 17.96 1.2
55.0 54.71 -9.25 2.2
55.0 54.65 29.35 1.4
55.0 54.62 23.32 1.6
55.0 54.61 18.05 1.0
55.0 54.59 17.31 1.7
55.0 54.55 28.30 1.6
55.0 54.59 -0.14 1.4
55.0 54.57 17.57 1.7
55.0 54.58 12.13 2.1
55.0 54.57 17.10 2.0
55.0 54.54 22.85 1.6
55.0 54.52 22.74 1.4
55.0 54.44 43.89 2.8
55.0 54.47 4.71 1.8
55.0 54.47 16.29 1.6
55.0 54.49 11.68 1.9
55.0 54.43 38.78 2.0
55.0 54.42 22.22 2.0
55.0 54.47 0.59 2.4
55.0 54.50 3.49 1.8
55.0 54.49 16.45 1.8
55.0 54.51 10.78 1.7
55.0 54.50 17.89 2.2
55.0 54.53 5.18 2.0
55.0 54.54 10.17 2.0
55.0 54.56 6.56 1.6
55.0 54.59 -0.06 1.5
55.0 54.58 17.61 1.5
55.0 54.58 11.48 1.2
55.0 54.59 11.50 2.0
55.0 54.61 7.69 1.6
55.0 54.58 22.94 1.5
55.0 54.57 17.53 1.5
55.0 54.54 22.64 1.3
55.0 54.56 7.62 1.6
55.0 54.58 4.60 1.7
55.0 54.59 10.81 1.5
55.0 54.56 23.13 1.6
55.0 54.63 -11.50 1.9
55.0 54.61 18.06 1.5
55.0 54.57 28.58 2.0
55.0 54.53 28.19 1.7
55.0 54.54 11.92 1.6
55.0 54.54 11.12 1.6
55.0 54.55 11.99 1.8
55.0 54.51 28.12 1.8
55.0 54.54 5.27 1.8
55.0 54.56 5.47 1.8
55.0 54.55 16.50 1.7
55.0 54.51 28.19 2.0
55.0 54.54 5.27 2.6
55.0 54.55 10.29 1.7
55.0 54.57 6.60 1.5
55.0 54.60 0.01 1.6
55.0 54.59 17.29 1.5
55.0 54.62 0.17 1.3
55.0 54.64 5.26 1.5
55.0 54.65 7.01 1.5
55.0 54.62 23.42 1.0
55.0 54.62 12.32 1.3
55.0 54.59 23.07 1.7
55.0 54.56 22.79 1.6
55.0 54.52 28.15 1.6
55.0 54.53 11.00 1.8
55.0 54.52 17.92 2.0
55.0 54.55 5.36 1.6
55.0 54.55 11.21 1.7
55.0 54.56 11.27 1.6
55.0 54.52 28.16 1.3
55.0 54.50 22.64 1.5
55.0 54.50 16.50 1.5
55.0 54.55 -4.48 1.8
55.0 54.55 17.43 1.6
55.0 54.51 28.08 1.8
55.0 54.59 -15.38 2.0
55.0 54.58 18.01 2.1
55.0 54.56 22.91 1.2
55.0 54.55 16.92 1.9
55.0 54.57 6.61 2.0
55.0 54.57 11.37 2.0
55.0 54.58 11.41 2.1
55.0 54.60 6.74 1.6
55.0 54.58 16.89 1.6
55.0 54.59 12.85 1.8
55.0 54.59 11.52 1.3
55.0 54.59 11.54 1.8
55.0 54.65 -9.52 1.4
55.0 54.63 17.87 1.4
55.0 54.63 12.41 1.4
55.0 54.68 -5.20 1.7
55.0 54.65 17.86 1.5
55.0 54.62 23.23 1.7
55.0 54.62 11.79 1.5
55.0 54.62 12.35 1.6
55.0 54.56 33.76 1.7
55.0 54.57 12.07 1.6
55.0 54.56 17.01 1.3
55.0 54.61 -5.79 1.8
55.0 54.62 7.72 1.6
55.0 54.65 -0.72 1.6
55.0 54.66 7.08 1.6
55.0 54.64 17.66 1.4
55.0 54.63 17.83 2.0
55.0 54.61 17.75 1.4
55.0 54.65 -5.38 1.6
55.0 54.65 12.50 1.5
55.0 54.65 12.48 1.9
55.0 54.64 12.00 1.8
55.0 54.69 -3.82 1.5
55.0 54.68 12.30 1.5
55.0 54.69 7.82 1.6
55.0 54.71 0.01 1.4
55.0 54.69 18.19 1.3
55.0 54.65 23.27 1.5
55.0 54.63 17.66 1.8
55.0 54.56 39.11 1.1
55.0 54.61 -5.80 1.7
55.0 54.58 23.16 1.5
55.0 54.58 11.45 1.6
55.0 54.57 17.13 1.6
55.0 54.57 12.12 1.3
55.0 54.55 22.88 1.7
55.0 54.53 22.77 1.6
55.0 54.52 16.70 2.1
55.0 54.54 5.33 1.8
55.0 54.60 -4.27 1.7
55.0 54.61 5.93 1.6
55.0 54.61 11.73 1.6
55.0 54.58 23.01 1.4
55.0 54.57 17.56 1.6
55.0 54.58 12.13 1.6
55.0 54.57 17.09 1.6
55.0 54.50 38.37 1.6
55.0 54.51 10.82 1.6
55.0 54.52 11.84 2.0
55.0 54.56 -0.37 1.7
55.0 54.59 1.24 1.6
55.0 54.60 11.58 1.5
55.0 54.61 5.92 1.9
55.0 54.66 -5.35 1.3
55.0 54.67 7.11 1.3
55.0 54.65 17.72 1.3
55.0 54.67 1.64 1.4
55.0 54.74 -18.26 1.4
55.0 54.75 8.33 1.1
55.0 54.72 18.60 1.4
55.0 54.68 23.82 1.5
55.0 54.57 49.87 1.5
55.0 54.56 17.49 1.4
55.0 54.59 1.24 2.0
55.0 54.58 16.88 1.7
55.0 54.59 11.48 1.6
55.0 54.59 12.85 1.9
55.0 54.53 34.01 1.6
55.0 54.51 22.69 1.7
55.0 54.54 6.45 1.8
55.0 54.62 -17.45 1.8
55.0 54.59 23.08 1.8
55.0 54.61 5.87 1.7
55.0 54.51 49.55 1.9
55.0 54.49 22.16 1.8
55.0 54.51 6.33 2.2
55.0 54.51 15.97 2.0
55.0 54.52 11.84 2.0
55.0 54.59 -9.85 1.7
55.0 54.61 5.87 1.8
55.0 54.64 0.31 1.8
55.0 54.63 11.92 1.6
55.0 54.65 6.23 1.8
55.0 54.64 12.00 1.4
55.0 54.66 6.30 1.4
55.0 54.64 17.89 1.5
55.0 54.65 6.25 1.3
55.0 54.63 17.51 1.4
55.0 54.63 12.39 1.3
55.0 54.61 17.77 1.6
55.0 54.58 23.06 1.5
55.0 54.51 39.54 1.6
55.0 54.51 17.24 1.6
55.0 54.54 6.44 1.8
55.0 54.53 16.20 1.6
55.0 54.55 6.52 1.7
55.0 54.62 -11.57 1.7
55.0 54.63 7.74 1.5
55.0 54.65 5.39 1.6
55.0 54.63 17.46 1.3
55.0 54.64 7.75 2.0
55.0 54.62 17.41 1.6
55.0 54.62 12.36 1.5
55.0 54.64 6.13 1.3
55.0 54.65 6.24 1.5
55.0 54.65 12.01 1.4
55.0 54.58 34.46 1.8
55.0 54.59 12.18 1.8
55.0 54.59 12.19 1.6
55.0 54.53 34.02 1.3
55.0 54.54 11.95 1.6
55.0 54.56 6.59 1.5
55.0 54.61 -5.74 1.5
55.0 54.58 23.01 1.6
55.0 54.62 0.14 1.6
55.0 54.65 1.50 1.6
55.0 54.64 11.52 1.6
55.0 54.55 44.45 1.6
55.0 54.54 16.90 1.4
55.0 54.60 -4.27 1.8
55.0 54.61 6.83 1.9
55.0 54.64 -0.84 1.7
55.0 54.64 12.45 1.5
55.0 54.67 1.60 1.7
55.0 54.68 5.78 1.4
55.0 54.69 6.55 1.2
55.0 54.69 5.99 1.3
55.0 54.69 12.67 1.3
55.0 54.68 12.29 0.9
55.0 54.72 -4.84 1.3
55.0 54.69 18.16 0.9
55.0 54.71 1.84 1.4
55.0 54.69 18.16 1.2
55.0 54.68 12.32 1.3
55.0 54.65 23.37 1.4
55.0 54.66 7.05 1.6
55.0 54.64 17.60 0.9
55.0 54.64 12.43 1.3
55.0 54.66 1.59 1.3
55.0 54.61 29.01 1.3
55.0 54.61 11.74 1.5
55.0 54.61 11.74 1.4
55.0 54.60 18.04 1.3
55.0 54.62 5.95 1.5
55.0 54.63 6.08 1.4
55.0 54.63 11.35 1.4
55.0 54.63 12.38 1.4
55.0 54.60 23.12 1.1
55.0 54.61 5.93 1.2
55.0 54.58 23.01 1.5
55.0 54.59 12.18 1.3
55.0 54.61 5.85 1.4
55.0 54.71 -28.49 1.4
55.0 54.73 1.93 1.1
55.0 54.73 7.44 1.5
55.0 54.72 12.52 1.5
55.0 54.67 29.47 1.5
55.0 54.65 17.94 1.3
55.0 54.64 12.47 1.7
55.0 54.63 17.83 1.7
55.0 54.64 6.16 1.6
55.0 54.61 23.18 1.8
55.0 54.61 11.69 1.3
55.0 54.59 17.34 1.6
55.0 54.66 -9.51 1.6
55.0 54.65 12.51 1.7
55.0 54.63 17.87 1.7
55.0 54.65 6.22 1.6
55.0 54.66 5.55 1.5
55.0 54.65 12.51 1.6
55.0 54.74 -22.30 1.4
55.0 54.71 18.22 1.6
55.0 54.72 6.83 1.7
55.0 54.62 46.13 1.5
55.0 54.60 17.72 1.5
55.0 54.56 28.55 2.1
55.0 54.58 6.67 2.2
55.0 54.58 11.48 1.8
55.0 54.57 17.15 1.8
55.0 54.58 12.13 1.8
55.0 54.55 22.89 1.7
55.0 54.56 12.03 1.8
55.0 54.56 11.29 1.8
55.0 54.60 1.26 2.0
55.0 54.57 22.89 1.6
55.0 54.59 5.72 1.6
55.0 54.59 11.55 1.6
55.0 54.58 17.21 1.6
55.0 54.55 23.12 1.5
55.0 54.57 5.59 1.6
55.0 54.59 4.73 1.5
55.0 54.58 17.23 1.6
55.0 54.63 -4.11 1.4
55.0 54.63 12.38 1.3
55.0 54.67 -5.24 1.4
55.0 54.67 12.18 1.5
55.0 54.66 12.97 1.3
55.0 54.67 6.43 1.1
55.0 54.64 23.46 1.3
55.0 54.65 6.23 1.4
55.0 54.65 12.00 1.5
55.0 54.64 12.46 1.2
55.0 54.64 11.95 1.3
55.0 54.61 23.21 1.5
55.0 54.58 22.96 1.5
55.0 54.52 33.57 1.7
55.0 54.55 5.35 2.5
55.0 54.55 11.22 1.7
55.0 54.55 17.43 1.6
55.0 54.55 11.20 1.2
55.0 54.54 17.42 1.7
55.0 54.55 12.00 1.7
55.0 54.59 -0.12 1.5
55.0 54.62 1.37 1.5
55.0 54.60 17.17 1.4
55.0 54.62 7.71 0.7
55.0 54.62 11.23 1.3
55.0 54.60 17.43 1.6
55.0 54.61 12.27 1.6
55.0 54.64 1.45 1.3
55.0 54.65 6.24 1.3
55.0 54.66 5.58 1.3
55.0 54.66 11.68 1.6
55.0 54.59 33.43 1.3
55.0 54.55 28.46 1.2
55.0 54.54 17.41 2.6
55.0 54.54 17.37 1.5
55.0 54.54 11.96 1.5
55.0 54.54 16.83 1.4
55.0 54.54 11.12 1.6
55.0 54.54 17.94 1.7
55.0 54.53 16.77 1.5
55.0 54.55 6.53 1.7
55.0 54.51 28.25 1.3
55.0 54.55 1.04 1.8
55.0 54.67 -28.89 1.5
55.0 54.66 12.55 1.6
55.0 54.67 7.12 1.8
55.0 54.65 17.82 1.6
55.0 54.69 -5.06 1.8
55.0 54.76 -14.56 1.6
55.0 54.74 13.10 1.5
55.0 54.72 18.29 1.6
55.0 54.71 12.54 1.6
55.0 54.65 28.82 1.7
55.0 54.68 1.66 1.6
55.0 54.78 -30.41 1.5
55.0 54.75 18.28 1.8
55.0 54.73 12.77 1.7
55.0 54.72 13.06 2.2
55.0 54.70 18.22 1.6
55.0 54.67 18.02 1.8
55.0 54.67 12.58 2.0
55.0 54.66 12.56 1.8
55.0 54.67 7.13 1.9
55.0 54.68 5.84 2.0
55.0 54.67 11.92 1.5
55.0 54.67 12.98 1.5
55.0 54.66 12.16 1.5
55.0 54.60 33.95 1.5
55.0 54.60 12.25 1.6
55.0 54.62 6.85 1.4
55.0 54.65 -0.78 1.7
55.0 54.69 -5.09 1.6
55.0 54.68 13.00 1.6
55.0 54.66 17.91 1.5
55.0 54.58 39.24 1.4
55.0 54.56 22.76 1.9
55.0 54.55 17.43 2.4
55.0 54.51 28.10 1.7
55.0 54.48 27.80 1.7
55.0 54.48 17.07 1.9
55.0 54.52 0.86 2.0
55.0 54.54 4.09 1.8
55.0 54.57 5.51 1.6
55.0 54.57 10.60 1.6
55.0 54.60 2.48 1.3
55.0 54.61 11.04 1.4
55.0 54.56 28.55 1.8
55.0 54.58 7.65 1.8
55.0 54.57 16.74 1.2
55.0 54.62 -4.15 1.5
55.0 54.60 17.43 1.5
55.0 54.59 17.65 1.6
55.0 54.61 6.81 1.5
55.0 54.59 17.04 1.7
55.0 54.60 12.22 1.5
55.0 54.58 17.62 1.5
55.0 54.57 17.56 1.5
55.0 54.58 11.40 1.8
55.0 54.58 11.44 2.0
55.0 54.55 23.12 1.5
55.0 54.56 11.26 1.6
55.0 54.55 17.45 1.9
55.0 54.54 16.89 1.1
55.0 54.56 6.59 1.7
55.0 54.54 22.63 1.7
55.0 54.55 11.16 1.6
55.0 54.55 12.01 1.8
55.0 54.59 1.22 1.5
55.0 54.62 -1.09 1.5
55.0 54.62 12.35 1.5
55.0 54.55 39.07 1.4
55.0 54.57 6.61 1.7
55.0 54.57 10.64 1.5
55.0 54.59 5.75 1.5
55.0 54.58 17.60 1.5
55.0 54.55 22.75 1.5
55.0 54.60 -4.23 1.2
55.0 54.61 11.66 1.5
55.0 54.59 18.03 1.5
55.0 54.55 28.45 1.5
55.0 54.57 5.56 1.8
55.0 54.56 17.05 1.5
55.0 54.48 44.08 1.5
55.0 54.51 6.30 2.0
55.0 54.55 -2.04 1.6
55.0 54.53 22.49 1.3
55.0 54.52 17.91 1.6
55.0 54.54 5.32 1.8
55.0 54.52 22.46 1.7
55.0 54.53 11.89 1.6
55.0 54.54 11.08 2.2
55.0 54.58 1.15 1.6
55.0 54.60 4.75 1.6
55.0 54.60 12.23 1.5
55.0 54.60 11.60 1.5
55.0 54.63 0.25 1.5
55.0 54.64 6.19 1.4
55.0 54.64 11.96 1.3
55.0 54.68 -3.84 1.3
55.0 54.65 23.55 1.3
55.0 54.60 28.87 1.3
55.0 54.59 18.02 1.5
55.0 54.60 5.84 1.6
55.0 54.59 17.30 1.5
55.0 54.59 11.55 1.5
55.0 54.57 23.14 1.5
55.0 54.57 11.35 1.7
55.0 54.59 5.72 1.5
55.0 54.67 -17.03 1.3
55.0 54.62 28.35 1.4
55.0 54.63 6.93 1.1
55.0 54.63 11.36 1.4
55.0 54.60 23.14 1.6
55.0 54.68 -14.97 1.6
55.0 54.67 12.59 1.7
55.0 54.68 7.16 1.6
55.0 54.61 34.72 1.5
55.0 54.57 28.62 1.8
55.0 54.60 1.29 1.8
55.0 54.59 16.99 1.8
55.0 54.58 18.01 1.6
55.0 54.52 33.93 1.7
55.0 54.49 27.99 1.9
55.0 54.53 -0.61 2.2
55.0 54.55 6.53 2.0
55.0 54.55 16.91 1.8
55.0 54.54 16.84 1.8
55.0 54.53 17.35 1.8
55.0 54.49 28.02 1.8
55.0 54.51 10.80 1.8
55.0 54.53 6.43 1.9
55.0 54.56 5.42 1.6
55.0 54.56 11.28 1.6
55.0 54.55 16.97 1.6
55.0 54.53 22.53 1.6
55.0 54.48 33.25 1.8
55.0 54.51 5.00 2.2
55.0 54.52 10.90 1.9
55.0 54.50 22.26 1.6
55.0 54.48 22.54 1.8
55.0 54.44 33.12 1.9
55.0 54.45 10.33 2.0
55.0 54.45 16.97 1.6
55.0 54.44 22.34 2.1
55.0 54.44 16.91 1.9
55.0 54.49 -0.96 2.2
55.0 54.49 16.41 1.9
55.0 54.50 12.72 1.8
55.0 54.48 22.13 1.4
55.0 54.50 11.72 2.1
55.0 54.54 0.95 2.3
55.0 54.53 16.24 1.7
55.0 54.52 17.32 1.6
55.0 54.56 -0.33 2.1
55.0 54.57 12.82 1.6
55.0 54.54 22.65 1.4
55.0 54.52 22.74 1.9
55.0 54.52 16.66 1.6
55.0 54.50 22.62 1.8
55.0 54.49 17.16 2.6
55.0 54.49 16.44 1.5
55.0 54.47 22.50 1.9
55.0 54.50 6.28 1.8
55.0 54.53 3.91 1.9
55.0 54.55 5.40 1.7
55.0 54.56 10.45 1.6
55.0 54.56 12.82 2.2
55.0 54.54 22.62 1.5
55.0 54.58 -0.21 1.5
55.0 54.57 17.99 1.5
55.0 54.57 11.36 1.8
55.0 54.58 12.12 1.5
55.0 54.56 17.08 1.2
55.0 54.54 22.84 1.6
55.0 54.55 11.98 1.5
55.0 54.55 11.21 1.5
55.0 54.55 17.43 1.7
55.0 54.55 12.01 1.6
55.0 54.50 33.45 1.7
55.0 54.48 22.12 1.7
55.0 54.51 5.03 1.9
55.0 54.55 1.02 1.5
55.0 54.56 10.43 1.6
55.0 54.55 17.44 1.5
55.0 54.45 50.33 1.6
55.0 54.42 27.67 1.8
55.0 54.49 -4.81 2.0
55.0 54.50 10.75 1.8
55.0 54.48 23.01 1.9
55.0 54.47 21.98 2.0
55.0 54.45 21.86 1.2
55.0 54.41 32.99 1.9
55.0 54.42 16.77 2.1
55.0 54.59 -43.56 2.0
55.0 54.57 17.57 2.6
55.0 54.58 12.14 2.0
55.0 54.57 17.53 2.2
55.0 54.57 11.37 2.4
55.0 54.56 17.51 2.0
55.0 54.55 16.97 1.8
55.0 54.51 28.19 1.7
55.0 54.52 10.95 1.7
55.0 54.52 16.68 2.0
55.0 54.51 17.90 2.2
55.0 54.54 5.28 2.2
55.0 54.58 -0.22 2.0
55.0 54.57 17.08 1.8
55.0 54.56 17.97 1.8
55.0 54.61 -5.80 1.8
55.0 54.56 28.56 1.8
55.0 54.55 17.46 1.8
55.0 54.63 -15.18 1.9
55.0 54.62 18.07 1.7
55.0 54.60 17.41 1.4
55.0 54.57 22.92 1.7
55.0 54.59 7.67 1.7
55.0 54.54 34.59 1.9
55.0 54.54 11.97 2.2
55.0 54.54 17.38 2.0
55.0 54.54 11.13 1.8
55.0 54.57 6.60 2.0
55.0 54.63 -13.43 2.0
55.0 54.61 18.38 1.8
55.0 54.61 11.74 1.9
55.0 54.61 12.32 1.5
55.0 54.59 23.02 1.8
55.0 54.52 38.90 1.8
55.0 54.53 11.87 1.9
55.0 54.53 11.04 1.8
55.0 54.51 22.70 1.9
55.0 54.49 22.60 2.3
55.0 54.54 -0.57 2.0
55.0 54.53 17.34 2.0
55.0 54.54 11.93 1.8
55.0 54.52 22.71 1.6
55.0 54.48 27.85 1.7
55.0 54.44 33.13 2.1
55.0 54.41 27.60 2.4
55.0 54.52 -24.22 1.8
55.0 54.56 2.41 1.8
55.0 54.55 16.48 2.2
55.0 54.53 23.08 2.6
55.0 54.57 -0.31 2.1
55.0 54.54 22.63 2.0
55.0 54.52 22.73 1.9
55.0 54.51 17.27 2.1
55.0 54.52 11.86 2.0
55.0 54.52 16.68 1.3
55.0 54.50 22.26 2.0
55.0 54.44 38.28 2.1
55.0 54.54 -24.01 2.2
55.0 54.51 28.18 2.5
55.0 54.50 17.21 2.6
55.0 54.56 -4.46 2.4
55.0 54.49 39.35 2.2
55.0 54.47 22.05 2.4
55.0 54.50 7.53 2.4
55.0 54.51 9.89 2.2
55.0 54.52 10.95 2.2
55.0 54.52 16.68 2.2
55.0 54.48 27.97 2.0
55.0 54.51 6.32 2.2
55.0 54.46 33.67 2.0
55.0 54.51 0.81 2.4
55.0 54.52 10.91 2.0
55.0 54.53 10.99 2.0
55.0 54.63 -20.80 1.9
55.0 54.60 23.19 2.1
55.0 54.60 12.24 2.4
55.0 54.59 17.26 2.0
55.0 54.60 6.78 2.0
55.0 54.66 -11.17 2.0
55.0 54.60 33.95 1.8
55.0 54.60 12.25 2.0
55.0 54.60 11.64 1.5
55.0 54.59 18.02 1.9
55.0 54.53 34.01 1.8
55.0 54.57 -0.26 2.4
55.0 54.56 17.50 2.0
55.0 54.55 17.46 1.8
55.0 54.54 17.41 1.9
55.0 54.54 16.83 1.9
55.0 54.53 17.34 2.1
55.0 54.51 22.68 2.9
55.0 54.52 10.90 2.0
55.0 54.47 33.30 1.8
55.0 54.47 17.04 2.2
55.0 54.45 22.40 2.0
55.0 54.49 4.81 2.4
55.0 54.48 15.64 2.0
55.0 54.51 7.54 1.8
55.0 54.52 9.99 1.9
55.0 54.53 11.01 1.6
55.0 54.54 11.08 2.0
55.0 54.53 17.36 1.7
55.0 54.57 1.12 1.8
55.0 54.56 16.61 1.6
55.0 54.55 17.45 1.5
55.0 54.60 -4.24 1.0
55.0 54.60 11.64 1.6
55.0 54.60 12.26 1.3
55.0 54.64 0.29 1.6
55.0 54.59 28.50 1.5
55.0 54.59 11.54 1.8
55.0 54.58 17.60 1.4
55.0 54.51 38.87 1.6
55.0 54.52 10.92 1.5
55.0 54.51 17.27 2.0
55.0 54.50 22.24 1.8
55.0 54.55 -2.83 1.7
55.0 54.57 5.58 1.7
55.0 54.56 16.64 1.8
55.0 54.55 17.46 1.7
55.0 54.53 22.79 1.8
55.0 54.48 33.35 1.8
55.0 54.55 -12.13 1.8
55.0 54.53 23.08 1.7
55.0 54.55 6.53 2.2
55.0 54.53 22.34 1.8
55.0 54.54 11.93 1.8
55.0 54.58 -0.22 1.8
55.0 54.56 17.99 1.8
55.0 54.57 11.35 1.4
55.0 54.60 0.02 1.9
55.0 54.59 17.65 1.6
55.0 54.58 17.20 1.5
55.0 54.52 33.57 1.5
55.0 54.53 11.02 1.8
55.0 54.62 -15.28 1.5
55.0 54.60 18.04 1.8
55.0 54.57 22.91 1.8
55.0 54.62 -4.15 2.0
55.0 54.59 23.09 1.8
55.0 54.62 1.38 2.0
55.0 54.58 29.05 1.8
55.0 54.54 28.34 1.6
55.0 54.56 7.62 1.9
55.0 54.57 10.54 1.8
55.0 54.56 17.48 1.7
55.0 54.55 16.93 2.0
55.0 54.54 17.40 1.6
55.0 54.55 11.98 1.8
55.0 54.54 16.86 1.7
55.0 54.55 12.79 1.8
55.0 54.49 33.68 1.8
55.0 54.52 5.13 1.8
55.0 54.53 11.01 1.7
55.0 54.48 33.35 1.8
55.0 54.48 17.09 1.9
55.0 54.51 5.01 2.2
55.0 54.50 15.89 1.6
55.0 54.47 28.12 2.0
55.0 54.46 21.89 2.0
55.0 54.47 11.60 2.2
55.0 54.49 10.62 2.2
55.0 54.45 28.09 2.2
55.0 54.49 4.81 1.6
55.0 54.50 9.69 1.8
55.0 54.51 10.83 2.0
55.0 54.52 11.85 1.8
55.0 54.56 1.07 1.7
55.0 54.55 16.49 1.7
55.0 54.46 49.29 2.2
55.0 54.46 16.97 1.7
55.0 54.52 -6.58 1.8
55.0 54.53 11.87 1.6
55.0 54.52 17.30 1.7
55.0 54.53 11.00 2.0
55.0 54.51 22.68 2.0
55.0 54.53 5.24 2.0
55.0 54.57 1.13 1.8
55.0 54.55 22.56 1.6
55.0 54.60 -5.87 1.5
55.0 54.60 12.24 1.5
55.0 54.56 28.34 1.6
55.0 54.56 12.06 1.6
55.0 54.55 16.98 1.6
55.0 54.56 12.04 1.8
55.0 54.55 17.45 1.7
55.0 54.56 11.24 1.7
55.0 54.62 -9.68 1.8
55.0 54.59 23.10 1.8
55.0 54.61 6.81 1.6
55.0 54.60 17.05 1.7
55.0 54.60 11.59 1.8
55.0 54.64 -2.68 1.7
55.0 54.61 23.24 1.6
55.0 54.61 12.30 1.7
55.0 54.61 11.72 1.6
55.0 54.58 23.17 1.7
55.0 54.56 22.77 1.6
55.0 54.62 -11.53 1.6
55.0 54.71 -18.39 1.8
55.0 54.70 13.03 1.5
55.0 54.68 18.09 2.0
55.0 54.66 17.88 1.7
55.0 54.65 12.51 1.6
55.0 54.65 12.49 1.8
55.0 54.65 12.01 1.8
55.0 54.55 44.46 1.8
55.0 54.56 12.05 1.6
55.0 54.57 12.07 2.2
55.0 54.59 5.69 1.9
55.0 54.56 22.72 2.0
55.0 54.54 23.09 2.0
55.0 54.51 22.40 1.9
55.0 54.52 11.86 1.8
55.0 54.53 11.03 2.5
55.0 54.53 17.33 1.9
55.0 54.54 11.92 2.0
55.0 54.46 44.71 2.0
55.0 54.43 28.05 1.9
55.0 54.37 38.31 2.4
55.0 54.55 -47.85 2.2
55.0 54.45 48.43 2.5
55.0 54.45 16.96 3.1
55.0 54.47 11.59 2.6
55.0 54.48 10.61 2.8
55.0 54.48 17.11 2.6
55.0 54.48 17.10 2.6
55.0 54.48 16.34 2.2
55.0 54.51 6.30 2.4
55.0 54.49 21.83 2.2
55.0 54.52 7.55 2.2
55.0 54.51 16.00 1.9
55.0 54.52 10.93 2.1
55.0 54.53 11.90 2.6
55.0 54.58 -4.33 2.1
55.0 54.56 22.93 1.9
55.0 54.55 16.94 1.8
55.0 54.54 17.40 2.0
55.0 54.55 11.98 2.0
55.0 54.53 22.50 2.2
55.0 54.51 22.66 1.9
55.0 54.61 -20.91 2.2
55.0 54.64 2.53 1.9
55.0 54.62 17.36 2.0
55.0 54.63 6.10 2.2
55.0 54.62 17.79 1.9
55.0 54.60 17.41 1.6
55.0 54.56 28.35 1.7
55.0 54.59 -0.06 1.8
55.0 54.57 22.97 1.8
55.0 54.56 17.49 1.6
55.0 54.58 5.62 2.5
55.0 54.57 17.53 1.8
55.0 54.60 -0.00 2.1
55.0 54.59 17.28 1.7
55.0 54.58 17.58 1.7
55.0 54.58 12.14 1.5
55.0 54.52 33.57 1.8
55.0 54.52 16.68 1.7
55.0 54.48 27.97 2.0
55.0 54.51 6.32 1.4
55.0 54.54 4.02 1.8
55.0 54.56 5.46 1.6
55.0 54.52 28.33 1.6
55.0 54.52 17.91 1.6
55.0 54.51 16.61 1.6
55.0 54.55 -0.43 1.7
55.0 54.60 -4.24 1.7
55.0 54.62 6.86 1.5
55.0 54.60 17.41 1.8
55.0 54.62 5.98 1.6
55.0 54.60 17.16 1.7
55.0 54.62 7.71 1.1
55.0 54.66 -6.77 1.5
55.0 54.63 23.29 1.5
55.0 54.61 17.77 1.5
55.0 54.53 45.32 1.6
55.0 54.48 33.33 1.7
55.0 54.49 10.65 1.3
55.0 54.52 7.55 1.8
55.0 54.54 4.08 2.0
55.0 54.55 10.33 1.8
55.0 54.56 12.02 1.8
55.0 54.58 6.65 1.7
55.0 54.58 11.44 1.7
55.0 54.61 0.10 1.5
55.0 54.58 23.03 1.5
55.0 54.57 18.00 1.3
55.0 54.56 17.06 1.6
55.0 54.58 6.68 1.1
55.0 54.60 4.81 1.5
55.0 54.59 17.63 1.6
55.0 54.59 11.52 1.6
55.0 54.53 34.02 2.1
55.0 54.53 17.33 1.6
55.0 54.46 38.64 1.6
55.0 54.57 -21.10 2.0
55.0 54.57 12.10 1.6
55.0 54.59 6.72 1.6
55.0 54.56 22.84 1.8
55.0 54.60 -0.02 1.9
55.0 54.62 6.84 1.7
55.0 54.60 17.40 1.8
55.0 54.59 17.28 1.8
55.0 54.56 22.94 1.3
55.0 54.54 22.60 1.8
55.0 54.59 -2.77 2.0
55.0 54.56 22.81 1.8
55.0 54.54 22.83 2.2
55.0 54.56 5.47 1.4
55.0 54.57 11.31 1.8
55.0 54.56 17.48 1.7
55.0 54.50 33.76 1.6
55.0 54.54 0.99 2.0
55.0 54.55 11.19 1.8
55.0 54.54 16.89 1.6
55.0 54.54 17.38 1.6
55.0 54.54 11.96 1.6
55.0 54.57 6.59 1.8
55.0 54.60 -1.38 1.7
55.0 54.66 -11.19 1.7
55.0 54.63 23.26 1.6
55.0 54.61 17.48 1.6
55.0 54.63 6.90 1.6
55.0 54.64 5.32 1.6
55.0 54.59 28.82 1.5
55.0 54.58 17.60 1.3
55.0 54.57 17.12 1.7
55.0 54.59 6.71 1.6
55.0 54.58 17.18 1.6
55.0 54.58 12.15 1.6
55.0 54.53 33.94 1.7
55.0 54.50 22.32 1.7
55.0 54.52 12.74 2.2
55.0 54.51 16.61 1.8
55.0 54.48 27.94 1.8
55.0 54.46 22.44 1.9
55.0 54.49 4.87 1.8
55.0 54.47 22.05 2.0
55.0 54.42 38.68 1.4
55.0 54.42 17.76 2.0
55.0 54.46 4.55 1.9
55.0 54.41 33.02 2.0
55.0 54.46 0.57 2.0
55.0 54.45 21.82 1.8
55.0 54.45 16.95 1.8
55.0 54.44 21.73 2.0
55.0 54.47 4.67 1.6
55.0 54.48 11.66 1.9
55.0 54.51 5.04 1.7
55.0 54.49 22.21 1.7
55.0 54.46 27.67 2.0
55.0 54.43 28.06 1.8
55.0 54.44 15.96 1.9
55.0 54.57 -35.64 1.9
55.0 54.58 13.54 1.8
55.0 54.60 5.78 2.2
55.0 54.60 11.60 1.9
55.0 54.60 11.61 1.9
55.0 54.59 17.63 1.9
55.0 54.59 12.19 1.7
55.0 54.56 22.82 1.9
55.0 54.55 17.46 1.5
55.0 54.57 6.63 1.8
55.0 54.58 10.70 1.9
55.0 54.55 22.90 1.6
55.0 54.56 11.25 1.8
55.0 54.55 17.96 1.4
e 44.04512619972229