40 4 -255.00 0.0
40 53.23 -255.00 0.0
40 53.24 -255.00 0.0
40 53.27 -255.00 0.0
40 
40 53.26 -255.00 0.0
40 53.28 -231.63 0.0
None 53.20 -112.86 0.1
None 53.20 -132.22 0.2
None 53.16 -193.61 1.4
None 53.15 -224.31 3.5
None 
None 53.11 -239.65 29.8
None 53.04 -247.33 29.6
None 53.06 -251.16 29.7
None 53.01 -253.08 29.7
None 52.98 -254.04 29.7
None 52.88 -254.52 30.0
None 52.89 -254.76 29.9
None 52.92 -254.88 29.9
None 52.93 -254.94 29.8
None 52.92 -254.97 31.0
None 52.91 -254.99 29.4
None 52.88 -254.99 30.0
None 52.82 -255.00 29.8
None 52.85 -255.00 29.9
None 52.77 -255.00 29.8
None 52.80 -255.00 29.8
None 52.78 -255.00 30.4
None 52.75 -255.00 29.8
None 52.73 -255.00 29.8
None 52.72 -255.00 30.1
None 52.60 -255.00 29.6
None 52.62 -255.00 29.7
None 52.57 -255.00 29.7
None 52.53 -255.00 29.3
None 52.51 -255.00 29.3
None 52.49 -255.00 29.8
None 52.38 -255.00 29.9
None 52.40 -255.00 29.4
None 52.36 -255.00 29.6
None 52.29 -255.00 29.7
None 52.29 -255.00 28.4
None 52.29 -255.00 29.5
None 52.27 -255.00 29.5
None 52.12 -255.00 29.9
None 52.13 -255.00 29.5
None 52.19 -255.00 29.5
None 52.20 -255.00 29.7
None 52.20 -255.00 29.4
None 52.19 -255.00 29.3
None 52.16 -255.00 29.9
None 52.04 -255.00 29.7
None 52.01 -255.00 29.4
None 51.99 -255.00 29.4
None 51.95 -255.00 30.3
None 51.97 -255.00 29.9
None 51.97 -255.00 30.0
None 51.86 -255.00 29.5
None 51.92 -255.00 29.3
None 51.91 -255.00 29.3
None 51.94 -255.00 29.0
None 51.93 -255.00 29.0
None 51.92 -255.00 29.4
None 51.78 -255.00 30.1
None 51.72 -255.00 29.3
None 51.71 -255.00 29.3
None 51.77 -255.00 29.3
None 51.77 -255.00 28.8
None 51.76 -255.00 29.5
None 51.73 -255.00 29.6
None 51.63 -255.00 29.3
None 51.60 -255.00 29.2
None 51.64 -255.00 29.2
None 51.64 -255.00 28.8
None 51.60 -255.00 29.0
None 51.59 -255.00 29.7
None 51.49 -255.00 29.3
None 51.45 -255.00 29.3
None 51.40 -255.00 29.2
None 51.36 -255.00 29.3
None 51.38 -255.00 29.5
None 51.39 -255.00 29.5
None 51.29 -255.00 29.2
None 51.27 -255.00 29.3
None 51.24 -255.00 29.1
None 51.22 -255.00 29.7
None 51.22 -255.00 29.0
None 51.10 -255.00 29.5
None 51.03 -255.00 29.1
None 51.04 -255.00 29.2
None 51.03 -255.00 29.9
None 51.02 -255.00 29.2
None 51.01 -255.00 28.8
None 51.10 -255.00 29.0
None 51.10 -255.00 29.0
None 51.11 -255.00 29.1
None 51.07 -255.00 28.2
None 51.06 -255.00 28.7
None 51.03 -255.00 29.2
None 50.97 -255.00 28.6
None 50.96 -255.00 29.0
None 50.89 -255.00 29.3
None 50.89 -255.00 29.5
None 50.86 -255.00 29.5
None 50.72 -255.00 28.8
None 50.67 -255.00 28.9
None 50.57 -255.00 28.8
None 50.58 -255.00 28.2
None 50.58 -255.00 28.9
None 50.55 -255.00 28.7
None 50.54 -255.00 29.0
None 50.43 -255.00 29.4
None 50.38 -255.00 29.2
None 50.37 -255.00 28.6
None 50.36 -255.00 29.0
None 50.44 -255.00 28.6
None 50.46 -255.00 28.9
None 50.41 -255.00 28.8
None 50.38 -255.00 28.7
None 50.36 -255.00 28.6
None 50.45 -255.00 28.6
None 50.46 -255.00 28.6
None 50.45 -255.00 28.9
None 50.40 -255.00 29.4
None 50.34 -255.00 28.6
None 50.39 -255.00 28.3
None 50.39 -255.00 28.9
None 50.29 -255.00 28.9
None 50.21 -255.00 28.4
None 50.16 -255.00 28.4
None 50.14 -255.00 28.9
None 50.08 -255.00 28.5
None 49.97 -255.00 28.8
None 49.91 -255.00 28.0
None 49.90 -255.00 28.3
None 49.88 -255.00 28.2
None 49.78 -255.00 28.7
None 49.75 -255.00 28.7
None 49.78 -255.00 28.2
None 49.77 -255.00 29.0
None 49.75 -255.00 28.9
None 49.69 -255.00 28.9
None 49.69 -255.00 28.6
None 49.71 -255.00 28.4
None 49.67 -255.00 28.8
None 49.64 -255.00 28.8
None 49.72 -255.00 28.7
None 49.68 -255.00 28.6
None 49.62 -255.00 28.4
None 49.60 -255.00 28.4
None 49.57 -255.00 29.2
None 49.44 -255.00 28.6
None 49.40 -255.00 28.4
None 49.44 -255.00 28.6
None 49.39 -255.00 28.6
None 49.35 -255.00 28.8
None 49.40 -255.00 28.6
None 49.35 -255.00 28.6
None 49.35 -255.00 27.9
None 49.34 -255.00 28.6
None 49.30 -255.00 28.0
None 49.33 -255.00 28.3
None 49.23 -255.00 28.4
None 49.19 -255.00 29.1
None 49.16 -255.00 28.2
None 49.19 -255.00 28.1
None 49.14 -255.00 28.5
None 49.03 -255.00 28.5
None 48.99 -255.00 29.0
None 48.95 -255.00 28.2
None 48.99 -255.00 28.7
None 48.93 -255.00 28.3
None 48.95 -255.00 28.8
None 48.91 -255.00 28.2
None 48.88 -255.00 28.5
None 48.77 -255.00 28.4
None 48.79 -255.00 28.4
None 48.75 -255.00 27.7
None 48.72 -255.00 28.6
None 48.62 -255.00 28.2
None 48.58 -255.00 28.4
None 48.50 -255.00 28.5
None 48.46 -255.00 28.4
None 48.43 -255.00 27.8
None 48.34 -255.00 28.3
None 48.39 -255.00 28.4
None 48.34 -255.00 27.5
None 48.33 -255.00 28.6
None 48.23 -255.00 28.2
None 48.28 -255.00 28.2
None 48.22 -255.00 28.4
None 48.19 -255.00 28.2
None 48.17 -255.00 28.2
None 48.25 -255.00 28.0
None 48.21 -255.00 28.4
None 48.15 -255.00 27.6
None 48.11 -255.00 28.6
None 48.07 -255.00 27.7
None 48.05 -255.00 28.4
None 47.96 -255.00 28.2
None 47.95 -255.00 28.8
None 47.93 -255.00 28.0
None 47.95 -255.00 28.5
None 47.92 -255.00 28.1
None 47.88 -255.00 28.3
None 47.84 -255.00 28.1
None 47.81 -255.00 28.5
None 47.87 -255.00 28.2
None 47.74 -255.00 28.2
None 47.70 -255.00 28.8
None 47.67 -255.00 28.1
None 47.71 -255.00 28.3
None 47.64 -255.00 28.2
None 47.62 -255.00 28.2
None 47.58 -255.00 27.7
None 47.55 -255.00 29.0
None 47.47 -255.00 28.2
None 47.49 -255.00 28.0
None 47.44 -255.00 26.9
None 47.40 -255.00 28.4
None 47.38 -255.00 28.4
None 47.43 -255.00 28.2
None 47.33 -255.00 28.2
None 47.29 -255.00 28.1
None 47.27 -255.00 27.9
None 47.37 -255.00 28.4
None 47.28 -255.00 28.1
None 47.22 -255.00 28.8
None 47.17 -255.00 28.2
None 47.14 -255.00 27.7
None 47.17 -255.00 28.2
None 47.10 -255.00 28.1
None 47.07 -255.00 27.6
None 47.06 -255.00 28.3
None 47.08 -255.00 27.8
None 47.05 -255.00 28.0
None 47.03 -255.00 28.8
None 47.02 -255.00 27.8
None 46.97 -255.00 28.4
None 46.95 -255.00 28.5
None 46.89 -255.00 27.5
None 46.86 -255.00 28.3
None 46.82 -255.00 27.5
None 46.80 -255.00 28.0
None 46.74 -255.00 28.0
None 46.75 -255.00 27.5
None 46.75 -255.00 28.3
None 46.67 -255.00 28.0
None 46.65 -255.00 28.0
None 46.61 -255.00 28.1
None 46.60 -255.00 27.7
None 46.56 -255.00 28.2
None 46.52 -255.00 27.9
None 46.58 -255.00 27.9
None 46.57 -255.00 28.4
None 46.54 -255.00 27.2
None 46.46 -255.00 28.1
None 46.47 -255.00 28.0
None 46.42 -255.00 27.1
None 46.39 -255.00 28.1
None 46.34 -255.00 27.9
None 46.31 -255.00 28.0
None 46.30 -255.00 28.2
None 46.28 -255.00 27.5
None 46.27 -255.00 28.2
None 46.29 -255.00 27.9
None 46.19 -255.00 27.9
None 46.18 -255.00 28.3
None 46.15 -255.00 27.7
None 46.07 -255.00 27.9
None 46.10 -255.00 27.8
None 46.04 -255.00 27.8
None 46.02 -255.00 27.7
None 46.11 -255.00 28.0
None 46.04 -255.00 27.8
None 46.06 -255.00 27.8
None 46.02 -255.00 28.1
None 46.00 -255.00 27.3
None 46.00 -255.00 27.8
None 45.96 -255.00 27.8
None 45.93 -255.00 27.4
None 45.91 -255.00 27.3
None 45.97 -255.00 27.7
None 45.91 -255.00 27.7
None 45.87 -255.00 27.0
None 45.87 -255.00 27.8
None 45.98 -255.00 27.5
None 45.89 -255.00 27.2
None 45.89 -255.00 28.1
None 45.84 -255.00 28.0
None 45.81 -255.00 27.7
None 45.80 -255.00 27.8
None 45.74 -255.00 27.7
None 45.70 -255.00 27.3
None 45.67 -255.00 27.5
None 45.63 -255.00 27.5
None 45.59 -255.00 27.7
None 45.57 -255.00 28.4
None 45.52 -255.00 27.5
None 45.36 -255.00 27.6
None 45.39 -255.00 27.7
None 45.37 -255.00 27.6
None 45.34 -255.00 27.3
None 45.32 -255.00 28.3
None 45.28 -255.00 27.8
None 45.27 -255.00 27.7
None 45.25 -255.00 28.2
None 45.21 -255.00 27.2
None 45.15 -255.00 27.8
None 45.19 -255.00 27.7
None 45.14 -255.00 27.9
None 45.12 -255.00 27.3
None 45.18 -255.00 27.5
None 45.16 -255.00 27.5
None 45.17 -255.00 27.2
None 45.15 -255.00 27.9
None 45.14 -255.00 27.7
None 45.11 -255.00 27.8
None 45.07 -255.00 27.6
None 45.04 -255.00 27.5
None 45.02 -255.00 28.0
None 45.06 -255.00 27.8
None 44.97 -255.00 27.5
None 44.92 -255.00 27.3
None 44.91 -255.00 28.0
None 44.98 -255.00 27.7
None 44.93 -255.00 27.5
None 44.87 -255.00 26.9
None 44.84 -255.00 27.7
None 44.93 -255.00 27.5
None 44.87 -255.00 27.7
None 44.86 -255.00 27.9
None 44.81 -255.00 27.8
None 44.78 -255.00 27.5
None 44.70 -255.00 27.5
None 44.64 -255.00 27.6
None 44.60 -255.00 27.9
None 44.58 -255.00 27.3
None 44.51 -255.00 27.5
None 44.48 -255.00 27.5
None 44.44 -255.00 28.0
None 44.43 -255.00 27.1
None 44.36 -255.00 27.6
None 44.38 -255.00 27.5
None 44.35 -255.00 28.0
None 44.33 -255.00 27.1
None 44.23 -255.00 27.7
None 44.24 -255.00 27.5
None 44.22 -255.00 28.2
None 44.22 -255.00 27.4
None 44.12 -255.00 27.1
None 44.10 -255.00 27.0
None 44.12 -255.00 26.9
None 44.11 -255.00 27.7
None 44.22 -255.00 27.5
None 44.19 -255.00 27.3
None 44.21 -255.00 26.9
None 44.19 -255.00 27.1
None 44.18 -255.00 27.7
None 44.19 -255.00 27.5
None 44.15 -255.00 27.9
None 44.12 -255.00 27.1
None 44.05 -255.00 27.0
None 44.01 -255.00 27.5
None 43.97 -255.00 26.6
None 43.96 -255.00 27.6
None 43.98 -255.00 27.8
None 43.96 -255.00 27.2
None 43.96 -255.00 26.7
None 43.94 -255.00 27.1
None 43.91 -255.00 27.5
None 43.93 -255.00 27.3
None 43.96 -255.00 27.3
None 43.94 -255.00 26.9
None 43.91 -255.00 27.5
None 43.94 -255.00 27.4
None 43.85 -255.00 27.3
None 43.80 -255.00 27.7
None 43.79 -255.00 26.9
None 43.73 -255.00 27.5
None 43.65 -255.00 27.3
None 43.61 -255.00 27.6
None 43.60 -255.00 27.1
None 43.53 -255.00 27.1
None 43.56 -255.00 27.3
None 43.57 -255.00 27.1
None 43.54 -255.00 28.0
None 43.50 -255.00 27.2
None 43.47 -255.00 27.3
None 43.49 -255.00 27.9
None 43.48 -255.00 27.3
None 43.34 -255.00 27.5
None 43.37 -255.00 27.3
None 43.37 -255.00 28.0
None 43.36 -255.00 27.3
None 43.26 -255.00 27.3
None 43.29 -255.00 27.3
None 43.28 -255.00 27.9
None 43.26 -255.00 27.5
None 43.25 -255.00 27.3
None 43.23 -255.00 27.2
None 43.28 -255.00 27.0
None 43.28 -255.00 27.3
None 43.26 -255.00 27.0
None 43.21 -255.00 27.1
None 43.19 -255.00 27.3
None 43.18 -255.00 27.2
None 43.16 -255.00 27.7
None 43.20 -255.00 27.3
None 43.12 -255.00 27.2
None 43.11 -255.00 26.6
None 43.09 -255.00 27.6
None 43.14 -255.00 27.3
None 43.07 -255.00 27.1
None 43.05 -255.00 27.3
None 43.02 -255.00 26.5
None 43.01 -255.00 27.1
None 43.05 -255.00 27.2
None 43.00 -255.00 27.7
None 42.99 -255.00 27.0
None 42.95 -255.00 27.2
None 42.96 -255.00 27.1
None 42.91 -255.00 27.9
None 42.89 -255.00 26.9
None 42.77 -255.00 26.9
None 42.78 -255.00 27.1
None 42.78 -255.00 28.0
None 42.75 -255.00 27.0
None 42.69 -255.00 27.2
None 42.73 -255.00 26.9
None 42.66 -255.00 27.3
None 42.66 -255.00 27.0
None 42.66 -255.00 27.0
None 42.70 -255.00 27.0
None 42.63 -255.00 27.1
None 42.60 -255.00 26.7
None 42.60 -255.00 27.3
None 42.67 -255.00 27.1
None 42.58 -255.00 27.1
None 42.59 -255.00 26.7
None 42.57 -255.00 27.7
None 42.64 -255.00 26.9
None 42.62 -255.00 27.0
None 42.58 -255.00 26.9
None 42.56 -255.00 27.0
None 42.61 -255.00 26.9
None 42.57 -255.00 26.9
None 42.57 -255.00 27.3
None 42.54 -255.00 27.3
None 42.55 -255.00 27.0
None 42.48 -255.00 27.0
None 42.50 -255.00 26.9
None 42.49 -255.00 27.5
None 42.46 -255.00 27.3
None 42.40 -255.00 27.2
None 42.36 -255.00 27.0
None 42.34 -255.00 27.3
None 42.33 -255.00 27.3
None 42.36 -255.00 27.3
None 42.34 -255.00 26.9
None 42.31 -255.00 27.5
None 42.30 -255.00 26.9
None 42.36 -255.00 27.3
None 42.32 -255.00 26.6
None 42.26 -255.00 25.9
None 42.23 -255.00 27.3
None 42.23 -255.00 26.8
None 42.16 -255.00 27.0
None 42.10 -255.00 26.7
None 42.06 -255.00 27.3
None 42.03 -255.00 26.7
None 41.97 -255.00 27.1
None 41.99 -255.00 27.0
None 41.95 -255.00 27.3
None 41.94 -255.00 26.7
None 41.96 -255.00 27.1
None 42.00 -255.00 26.8
None 42.00 -255.00 26.5
None 41.98 -255.00 26.9
None 42.07 -255.00 27.2
None 42.01 -255.00 26.9
None 41.98 -255.00 27.6
None 41.93 -255.00 26.7
None 41.93 -255.00 27.3
None 41.96 -255.00 26.9
None 41.94 -255.00 26.9
None 41.93 -255.00 26.7
None 41.89 -255.00 26.5
None 41.77 -255.00 27.2
None 41.78 -255.00 26.9
None 41.72 -255.00 26.0
None 41.70 -255.00 27.1
None 41.68 -255.00 26.7
None 41.71 -255.00 26.9
None 41.63 -255.00 26.9
None 41.62 -255.00 26.9
None 41.61 -255.00 26.7
None 41.51 -255.00 26.9
None 41.52 -255.00 26.9
None 41.51 -255.00 26.5
None 41.51 -255.00 26.9
None 41.55 -255.00 26.5
None 41.49 -255.00 26.9
None 41.48 -255.00 26.8
None 41.45 -255.00 26.7
None 41.43 -255.00 27.5
None 41.45 -255.00 26.7
None 41.41 -255.00 26.9
None 41.43 -255.00 27.7
None 41.43 -255.00 26.6
None 41.41 -255.00 26.9
None 41.38 -255.00 26.2
None 41.38 -255.00 26.7
None 41.35 -255.00 27.1
None 41.34 -255.00 27.1
None 41.36 -255.00 27.0
None 41.32 -255.00 26.8
None 41.30 -255.00 26.2
None 41.30 -255.00 26.9
None 41.17 -255.00 26.6
None 41.18 -255.00 26.7
None 41.18 -255.00 26.7
None 41.18 -255.00 26.5
None 41.16 -255.00 27.1
None 41.12 -255.00 26.7
None 41.12 -255.00 26.8
None 41.09 -255.00 26.3
None 41.06 -255.00 26.7
None 41.14 -255.00 26.5
None 41.11 -255.00 26.7
None 41.11 -255.00 27.8
None 41.09 -255.00 26.4
None 41.08 -255.00 26.7
None 41.01 -255.00 26.7
None 41.06 -255.00 26.7
None 41.05 -255.00 26.5
None 41.04 -255.00 27.1
None 41.11 -255.00 26.8
None 41.05 -255.00 26.8
None 41.03 -255.00 26.3
None 41.00 -255.00 26.9
None 40.87 -255.00 26.3
None 40.88 -255.00 26.6
None 40.86 -255.00 26.7
None 40.84 -255.00 26.3
None 40.83 -255.00 27.1
None 40.80 -255.00 26.7
None 40.85 -255.00 26.8
None 40.84 -255.00 27.3
None 40.83 -255.00 26.4
None 40.91 -255.00 26.4
None 40.85 -255.00 26.5
None 40.84 -255.00 27.2
None 40.83 -255.00 26.3
None 40.82 -255.00 26.4
None 40.75 -255.00 26.7
None 40.79 -255.00 26.6
None 40.81 -255.00 25.9
None 40.78 -255.00 26.9
None 40.67 -255.00 26.2
None 40.64 -255.00 26.7
None 40.62 -255.00 26.8
None 40.62 -255.00 26.6
None 40.61 -255.00 26.8
None 40.53 -255.00 26.8
None 40.54 -255.00 26.5
None 40.55 -255.00 25.8
None 40.54 -255.00 26.8
None 40.48 -255.00 26.9
None 40.53 -255.00 26.6
None 40.50 -255.00 26.6
None 40.48 -255.00 27.2
None 40.46 -255.00 26.9
None 40.46 -255.00 26.8
None 40.44 -255.00 26.6
None 40.47 -255.00 26.7
None 40.43 -255.00 26.5
None 40.35 -255.00 26.9
None 40.36 -255.00 26.5
None 40.41 -255.00 26.7
None 40.37 -255.00 26.2
None 40.36 -255.00 27.1
None 40.35 -255.00 26.7
None 40.37 -255.00 26.5
None 40.34 -255.00 26.2
None 40.32 -255.00 26.9
None 40.32 -255.00 26.6
None 40.36 -255.00 26.3
None 40.35 -255.00 26.5
None 40.30 -255.00 25.5
None 40.27 -255.00 26.5
None 40.26 -255.00 26.3
None 40.26 -255.00 26.6
None 40.31 -255.00 26.5
None 40.27 -255.00 25.6
None 40.25 -255.00 26.7
None 40.16 -255.00 26.7
None 40.18 -255.00 26.5
None 40.17 -255.00 26.5
None 40.14 -255.00 26.7
None 40.13 -255.00 26.5
None 40.09 -255.00 26.3
None 40.08 -255.00 26.5
None 40.02 -255.00 26.0
None 40.00 -255.00 26.7
None 39.99 -255.00 26.9
None 40.03 -255.00 26.6
None 39.98 -255.00 26.9
None 39.95 -255.00 25.8
None 39.96 -255.00 26.8
None 39.96 -255.00 26.7
None 40.00 -255.00 26.3
None 40.02 -255.00 26.4
None 39.97 -255.00 26.2
None 39.96 -255.00 26.7
None 39.94 -255.00 26.5
None 39.96 -255.00 26.5
None 39.92 -255.00 26.5
None 39.89 -255.00 25.8
None 39.88 -255.00 26.5
None 39.75 -255.00 26.3
None 39.72 -255.00 26.5
None 39.67 -255.00 26.4
None 39.69 -255.00 26.3
None 39.69 -255.00 26.5
None 39.70 -255.00 26.2
None 39.70 -255.00 26.5
None 39.66 -255.00 26.4
None 39.66 -255.00 25.9
None 39.67 -255.00 26.5
None 39.54 -255.00 26.3
None 39.52 -255.00 26.4
None 39.49 -255.00 26.5
None 39.52 -255.00 26.9
None 39.53 -255.00 26.5
None 39.62 -255.00 26.4
None 39.65 -255.00 26.3
None 39.63 -255.00 26.3
None 39.63 -255.00 27.0
None 39.60 -255.00 26.4
None 39.61 -255.00 26.5
None 39.62 -255.00 26.2
None 39.64 -255.00 26.3
None 39.60 -255.00 26.1
None 39.56 -255.00 26.1
None 39.54 -255.00 26.1
None 39.58 -255.00 26.4
None 39.56 -255.00 26.4
None 39.57 -255.00 27.1
None 39.51 -255.00 26.0
None 39.49 -255.00 26.1
None 39.43 -255.00 26.3
None 39.39 -255.00 26.3
None 39.36 -255.00 25.6
None 39.33 -255.00 26.6
None 39.32 -255.00 26.9
None 39.26 -255.00 26.5
None 39.29 -255.00 26.4
None 39.23 -255.00 26.4
None 39.24 -255.00 26.5
None 39.22 -255.00 26.4
None 39.11 -255.00 26.5
None 39.07 -255.00 26.3
None 39.01 -255.00 26.4
None 39.00 -255.00 25.8
None 39.01 -255.00 26.3
None 38.99 -255.00 26.0
None 38.97 -255.00 26.2
None 38.97 -255.00 26.2
None 38.97 -255.00 26.9
None 38.97 -255.00 26.5
None 38.97 -255.00 26.0
None 39.04 -255.00 26.2
None 39.06 -255.00 26.2
None 39.01 -255.00 26.3
None 39.02 -255.00 26.4
None 39.00 -255.00 26.5
None 38.94 -255.00 26.4
None 38.91 -255.00 26.4
None 38.85 -255.00 26.3
None 38.82 -255.00 26.2
None 38.83 -255.00 26.3
None 38.83 -255.00 26.5
None 38.77 -255.00 26.1
None 38.74 -255.00 26.3
None 38.71 -255.00 26.2
None 38.72 -255.00 25.8
None 38.72 -255.00 26.3
None 38.84 -255.00 25.8
None 38.87 -255.00 26.4
None 38.82 -255.00 26.2
None 38.84 -255.00 27.0
None 38.83 -255.00 26.5
None 38.83 -255.00 26.5
None 38.79 -255.00 26.3
None 38.76 -255.00 26.3
None 38.73 -255.00 26.2
None 38.72 -255.00 26.1
None 38.72 -255.00 26.2
None 38.78 -255.00 26.4
None 38.73 -255.00 26.3
None 38.66 -255.00 26.2
None 38.67 -255.00 25.1
None 38.67 -255.00 26.3
None 38.67 -255.00 26.3
None 38.67 -255.00 26.3
None 38.63 -255.00 26.2
None 38.60 -255.00 26.1
None 38.61 -255.00 26.0
None 38.59 -255.00 26.4
None 38.57 -255.00 26.8
None 38.50 -255.00 26.0
None 38.47 -255.00 26.2
None 38.46 -255.00 26.1
None 38.45 -255.00 26.5
None 38.45 -255.00 26.1
None 38.44 -255.00 25.6
None 38.47 -255.00 26.2
None 38.50 -255.00 26.0
None 38.48 -255.00 26.4
None 38.45 -255.00 25.7
None 38.43 -255.00 25.9
None 38.42 -255.00 25.6
None 38.47 -255.00 26.3
None 38.46 -255.00 26.3
None 38.39 -255.00 26.0
None 38.39 -255.00 26.9
None 38.40 -255.00 26.4
None 38.38 -255.00 26.0
None 38.36 -255.00 26.2
None 38.38 -255.00 26.1
None 38.33 -255.00 26.2
None 38.29 -255.00 26.5
None 38.27 -255.00 26.5
None 38.26 -255.00 25.7
None 38.29 -255.00 25.5
None 38.33 -255.00 26.3
None 38.25 -255.00 26.1
None 38.27 -255.00 26.6
None 38.27 -255.00 26.0
None 38.25 -255.00 25.8
None 38.27 -255.00 26.2
None 38.20 -255.00 26.2
None 38.16 -255.00 26.1
None 38.18 -255.00 26.0
None 38.14 -255.00 26.3
None 38.11 -255.00 26.4
None 38.10 -255.00 25.9
None 38.20 -255.00 26.4
None 38.13 -255.00 26.0
None 38.12 -255.00 26.0
None 38.07 -255.00 25.8
None 38.06 -255.00 26.7
None 38.05 -255.00 26.2
None 38.04 -255.00 26.0
None 38.03 -255.00 25.8
None 37.99 -255.00 26.0
None 38.00 -255.00 25.9
None 37.98 -255.00 26.0
None 37.96 -255.00 25.4
None 37.94 -255.00 26.2
None 37.91 -255.00 25.8
None 38.01 -255.00 26.5
None 37.94 -255.00 26.2
None 37.94 -255.00 26.1
None 37.90 -255.00 25.9
None 37.91 -255.00 25.6
None 37.89 -255.00 26.0
None 37.88 -255.00 26.0
None 37.92 -255.00 26.2
None 37.90 -255.00 26.1
None 37.87 -255.00 26.2
None 37.86 -255.00 26.0
None 37.84 -255.00 27.1
None 37.85 -255.00 25.6
None 37.83 -255.00 26.2
None 37.72 -255.00 25.6
None 37.74 -255.00 26.0
None 37.73 -255.00 26.0
None 37.78 -255.00 26.0
None 37.79 -255.00 24.8
None 37.78 -255.00 26.4
None 37.78 -255.00 25.6
None 37.79 -255.00 26.8
None 37.73 -255.00 25.8
None 37.74 -255.00 25.9
None 37.65 -255.00 25.9
None 37.62 -255.00 25.7
None 37.61 -255.00 26.5
None 37.59 -255.00 25.6
None 37.58 -255.00 26.2
None 37.49 -255.00 26.2
None 37.53 -255.00 26.0
None 37.49 -255.00 26.0
None 37.52 -255.00 26.0
None 37.51 -255.00 26.7
None 37.50 -255.00 25.6
None 37.49 -255.00 26.1
None 37.45 -255.00 25.8
None 37.45 -255.00 26.3
None 37.43 -255.00 26.0
None 37.40 -255.00 25.8
None 37.41 -255.00 25.7
None 37.42 -255.00 26.4
None 37.42 -255.00 25.7
None 37.41 -255.00 25.6
None 37.49 -255.00 26.1
None 37.41 -255.00 26.0
None 37.44 -255.00 25.9
None 37.47 -255.00 26.0
None 37.43 -255.00 26.5
None 37.42 -255.00 25.2
None 37.40 -255.00 26.2
None 37.37 -255.00 26.0
None 37.42 -255.00 25.9
None 37.38 -255.00 25.6
None 37.35 -255.00 25.8
None 37.31 -255.00 25.9
None 37.25 -255.00 26.9
None 37.23 -255.00 25.7
None 37.22 -255.00 25.9
None 37.21 -255.00 26.1
None 37.13 -255.00 25.6
None 37.17 -255.00 25.8
None 37.15 -255.00 25.9
None 37.12 -255.00 25.8
None 37.13 -255.00 24.8
None 37.13 -255.00 25.2
None 37.11 -255.00 25.9
None 37.10 -255.00 26.0
None 37.03 -255.00 26.2
None 37.00 -255.00 25.6
None 37.01 -255.00 25.8
None 37.04 -255.00 25.8
None 37.00 -255.00 25.8
None 37.00 -255.00 25.5
None 36.99 -255.00 26.3
None 36.99 -255.00 25.7
None 36.98 -255.00 25.6
None 37.00 -255.00 25.4
None 37.04 -255.00 25.6
None 37.01 -255.00 26.0
None 36.93 -255.00 25.8
None 36.90 -255.00 25.8
None 36.92 -255.00 26.3
None 36.91 -255.00 25.5
None 36.90 -255.00 25.5
e 19.09640121459961