95.0 90 -255.00 0.0
95.0 -5.27 -255.00 0.0
95.0 4.17 -255.00 0.1
95.0 12.67 -255.00 0.0
95.0 
95.0 20.40 255.00 0.0
95.0 27.19 -255.00 0.2
95.0 33.16 -255.00 0.3
95.0 38.84 -255.00 0.6
95.0 43.91 -255.00 2.9
95.0 48.36 -255.00 4.3
95.0 52.44 -255.00 6.8
95.0 56.11 -255.00 8.4
95.0 59.11 -255.00 10.2
95.0 62.11 -255.00 12.0
95.0 64.94 -255.00 12.9
95.0 67.40 -255.00 14.9
95.0 69.57 -255.00 15.1
95.0 71.41 -255.00 16.7
95.0 73.23 -255.00 17.6
95.0 75.16 -255.00 19.1
95.0 76.60 -255.00 18.9
95.0 77.94 -255.00 20.6
95.0 78.86 -255.00 20.5
95.0 79.89 -255.00 21.2
95.0 81.07 -255.00 21.4
95.0 81.84 -255.00 22.1
95.0 82.57 -255.00 23.4
95.0 83.07 -255.00 23.2
95.0 83.64 -255.00 23.5
95.0 84.19 -255.00 23.5
95.0 84.65 -255.00 24.6
95.0 84.98 -255.00 23.9
95.0 85.36 -255.00 24.8
95.0 85.70 -255.00 25.0
95.0 85.96 -255.00 25.6
95.0 86.16 -255.00 25.6
95.0 86.50 -255.00 25.2
95.0 86.89 -255.00 25.9
95.0 86.88 -255.00 25.8
95.0 86.84 -255.00 25.7
95.0 86.99 -255.00 26.5
95.0 87.17 -255.00 26.3
95.0 87.45 -255.00 26.5
95.0 87.70 -255.00 26.7
95.0 87.89 -255.00 26.1
95.0 88.18 -255.00 26.4
95.0 88.16 -255.00 27.3
95.0 87.99 -255.00 26.6
95.0 88.14 -255.00 27.0
95.0 88.25 -255.00 27.1
95.0 88.38 -255.00 26.7
95.0 88.54 -255.00 28.0
95.0 88.44 -255.00 26.9
95.0 88.47 -255.00 26.9
95.0 88.83 -255.00 27.7
95.0 88.87 -255.00 27.1
95.0 88.98 -255.00 26.5
95.0 89.03 -255.00 27.3
95.0 89.01 -255.00 26.9
95.0 88.71 -255.00 26.6
95.0 88.72 -255.00 27.6
95.0 88.57 -255.00 27.1
95.0 88.55 -255.00 27.0
95.0 88.69 -255.00 27.4
95.0 89.03 -255.00 27.3
95.0 88.92 -255.00 26.7
95.0 89.03 -255.00 27.3
95.0 89.08 -255.00 27.1
95.0 88.89 -255.00 27.3
95.0 89.17 -255.00 27.4
95.0 89.09 -255.00 26.5
95.0 89.06 -255.00 27.3
95.0 88.83 -255.00 27.1
95.0 88.63 -255.00 27.0
95.0 88.49 -255.00 27.4
95.0 88.44 -255.00 26.6
95.0 88.55 -255.00 27.2
95.0 88.16 -255.00 27.0
95.0 88.18 -255.00 27.1
95.0 88.08 -255.00 26.9
95.0 88.11 -255.00 26.8
95.0 88.17 -255.00 27.1
95.0 87.97 -255.00 27.0
95.0 88.17 -255.00 27.3
95.0 88.22 -255.00 26.5
95.0 88.20 -255.00 27.5
95.0 88.10 -255.00 26.5
95.0 88.20 -255.00 27.1
95.0 88.07 -255.00 26.8
95.0 88.38 -255.00 27.2
95.0 88.30 -255.00 26.7
95.0 88.27 -255.00 28.0
95.0 88.05 -255.00 26.9
95.0 88.04 -255.00 26.9
95.0 87.81 -255.00 26.6
95.0 87.75 -255.00 27.3
95.0 87.66 -255.00 26.3
95.0 87.85 -255.00 27.0
95.0 87.67 -255.00 26.9
95.0 87.66 -255.00 27.3
95.0 87.58 -255.00 26.9
95.0 87.54 -255.00 26.9
95.0 87.58 -255.00 26.9
95.0 87.29 -255.00 27.0
95.0 87.44 -255.00 26.9
95.0 87.06 -255.00 27.3
95.0 87.07 -255.00 27.0
95.0 86.97 -255.00 27.0
95.0 86.64 -255.00 26.9
95.0 86.77 -255.00 27.1
95.0 86.93 -255.00 27.2
95.0 86.92 -255.00 27.1
95.0 86.91 -255.00 26.3
95.0 86.83 -255.00 26.7
95.0 86.75 -255.00 26.6
95.0 86.76 -255.00 26.8
95.0 86.73 -255.00 26.6
95.0 86.63 -255.00 27.1
95.0 86.84 -255.00 26.7
95.0 87.11 -255.00 26.6
95.0 86.90 -255.00 26.6
95.0 87.33 -255.00 26.4
95.0 87.25 -255.00 27.0
95.0 87.17 -255.00 26.6
95.0 87.33 -255.00 26.8
95.0 87.28 -255.00 26.5
95.0 87.42 -255.00 27.1
95.0 87.44 -255.00 26.4
95.0 87.38 -255.00 26.7
95.0 87.25 -255.00 26.7
95.0 87.13 -255.00 26.6
95.0 87.22 -255.00 26.9
95.0 86.93 -255.00 26.5
95.0 86.88 -255.00 26.7
95.0 86.99 -255.00 26.7
95.0 86.75 -255.00 26.5
95.0 86.72 -255.00 26.9
95.0 86.41 -255.00 27.0
95.0 86.38 -255.00 26.3
95.0 86.35 -255.00 26.9
95.0 86.25 -255.00 26.5
95.0 85.95 -255.00 26.5
95.0 85.90 -255.00 26.9
95.0 85.67 -255.00 27.1
95.0 85.71 -255.00 26.2
95.0 85.78 -255.00 26.9
95.0 86.00 -255.00 26.4
95.0 85.70 -255.00 26.5
95.0 85.89 -255.00 26.7
95.0 85.53 -255.00 27.0
95.0 85.55 -255.00 26.0
95.0 85.56 -255.00 27.1
95.0 85.84 -255.00 26.5
95.0 85.69 -255.00 26.5
95.0 85.80 -255.00 26.7
95.0 85.76 -255.00 26.7
95.0 85.65 -255.00 26.4
95.0 85.48 -255.00 26.1
95.0 85.29 -255.00 26.6
95.0 85.26 -255.00 26.6
95.0 85.24 -255.00 26.1
95.0 85.18 -255.00 26.1
95.0 85.16 -255.00 26.3
95.0 85.18 -255.00 26.8
95.0 85.06 -255.00 26.3
95.0 85.13 -255.00 26.2
95.0 85.22 -255.00 26.9
95.0 85.13 -255.00 26.6
95.0 85.08 -255.00 26.0
95.0 85.04 -255.00 26.3
95.0 84.83 -255.00 26.5
95.0 84.71 -255.00 26.4
95.0 84.70 -255.00 26.0
95.0 84.56 -255.00 26.2
95.0 84.47 -255.00 26.8
95.0 84.42 -255.00 26.3
95.0 84.44 -255.00 26.2
95.0 84.50 -255.00 26.2
95.0 84.55 -255.00 26.7
95.0 84.52 -255.00 26.5
95.0 84.47 -255.00 25.9
95.0 84.42 -255.00 26.2
95.0 84.20 -255.00 26.4
95.0 84.21 -255.00 26.3
95.0 84.05 -255.00 26.0
95.0 84.04 -255.00 26.1
95.0 84.04 -255.00 26.0
95.0 84.13 -255.00 27.0
95.0 83.88 -255.00 26.3
95.0 83.86 -255.00 26.3
95.0 83.83 -255.00 26.2
95.0 84.06 -255.00 26.0
95.0 84.05 -255.00 26.0
95.0 84.07 -255.00 26.2
95.0 83.93 -255.00 26.3
95.0 83.80 -255.00 26.4
95.0 83.78 -255.00 26.4
95.0 83.50 -255.00 26.6
95.0 83.45 -255.00 26.3
95.0 83.40 -255.00 26.0
95.0 83.42 -255.00 25.4
95.0 83.15 -255.00 26.1
95.0 83.23 -255.00 26.0
95.0 83.34 -255.00 26.1
95.0 83.36 -255.00 25.9
95.0 83.39 -255.00 26.3
95.0 83.45 -255.00 26.5
95.0 83.33 -255.00 26.2
95.0 83.04 -255.00 26.2
95.0 83.03 -255.00 26.3
95.0 82.99 -255.00 26.5
95.0 82.82 -255.00 26.2
95.0 82.61 -255.00 26.2
95.0 82.54 -255.00 25.8
95.0 82.72 -255.00 26.2
95.0 82.91 -255.00 26.0
95.0 82.98 -255.00 26.0
95.0 83.19 -255.00 25.8
95.0 83.06 -255.00 25.8
95.0 82.95 -255.00 26.0
95.0 82.95 -255.00 26.7
95.0 83.12 -255.00 26.1
95.0 82.94 -255.00 26.1
95.0 82.69 -255.00 26.2
95.0 82.28 -255.00 26.7
95.0 82.21 -255.00 25.9
95.0 82.22 -255.00 25.4
95.0 82.33 -255.00 26.0
95.0 82.32 -255.00 25.9
95.0 82.29 -255.00 26.1
95.0 82.35 -255.00 25.8
95.0 82.28 -255.00 26.0
95.0 82.19 -255.00 26.3
95.0 82.10 -255.00 26.9
95.0 81.96 -255.00 26.1
95.0 81.68 -255.00 26.0
95.0 81.68 -255.00 26.2
95.0 81.64 -255.00 25.5
95.0 81.61 -255.00 25.8
95.0 81.61 -255.00 25.5
95.0 81.68 -255.00 25.6
95.0 81.81 -255.00 26.0
95.0 81.86 -255.00 25.8
95.0 81.93 -255.00 26.1
95.0 81.84 -255.00 25.5
95.0 81.76 -255.00 25.8
95.0 81.68 -255.00 25.7
95.0 81.65 -255.00 26.0
95.0 81.71 -255.00 25.9
95.0 81.70 -255.00 26.0
95.0 81.73 -255.00 25.6
95.0 81.99 -255.00 26.2
95.0 81.86 -255.00 25.6
95.0 81.59 -255.00 25.3
95.0 81.56 -255.00 25.4
95.0 81.64 -255.00 25.9
95.0 81.51 -255.00 25.9
95.0 81.40 -255.00 25.6
95.0 81.30 -255.00 26.3
95.0 81.24 -255.00 26.0
95.0 81.15 -255.00 26.2
95.0 81.02 -255.00 26.4
95.0 81.01 -255.00 26.0
95.0 80.92 -255.00 25.9
95.0 80.93 -255.00 25.7
95.0 80.85 -255.00 25.6
95.0 81.06 -255.00 25.8
95.0 80.99 -255.00 25.8
95.0 80.90 -255.00 26.3
95.0 80.91 -255.00 26.6
95.0 80.95 -255.00 25.7
95.0 80.86 -255.00 25.7
95.0 80.85 -255.00 25.7
95.0 80.83 -255.00 25.6
95.0 80.67 -255.00 26.0
95.0 80.58 -255.00 26.2
95.0 80.50 -255.00 26.5
95.0 80.37 -255.00 25.8
95.0 80.49 -255.00 25.7
95.0 80.42 -255.00 25.6
95.0 80.36 -255.00 25.8
95.0 80.07 -255.00 26.2
95.0 79.98 -255.00 25.8
95.0 79.93 -255.00 25.9
95.0 79.94 -255.00 25.6
95.0 79.87 -255.00 25.7
95.0 79.89 -255.00 25.7
95.0 79.85 -255.00 25.8
95.0 79.66 -255.00 26.0
95.0 79.36 -255.00 26.3
95.0 79.37 -255.00 25.5
95.0 79.38 -255.00 25.3
95.0 79.36 -255.00 25.8
95.0 79.43 -255.00 25.8
95.0 79.26 -255.00 25.7
95.0 79.25 -255.00 25.7
95.0 79.37 -255.00 25.3
95.0 79.53 -255.00 25.4
95.0 79.47 -255.00 26.0
95.0 79.38 -255.00 26.1
95.0 79.45 -255.00 25.8
95.0 79.45 -255.00 25.5
95.0 79.49 -255.00 25.7
95.0 79.40 -255.00 25.8
95.0 79.29 -255.00 25.7
95.0 79.49 -255.00 25.2
95.0 79.43 -255.00 25.8
95.0 79.32 -255.00 26.0
95.0 79.27 -255.00 25.3
95.0 79.18 -255.00 25.0
95.0 79.12 -255.00 25.7
95.0 79.07 -255.00 25.6
95.0 79.02 -255.00 25.6
95.0 79.12 -255.00 25.8
95.0 78.93 -255.00 26.2
95.0 78.87 -255.00 25.7
95.0 78.87 -255.00 25.2
95.0 78.70 -255.00 25.2
95.0 78.57 -255.00 25.6
95.0 78.40 -255.00 25.4
95.0 78.45 -255.00 25.4
95.0 78.44 -255.00 25.8
95.0 78.23 -255.00 26.0
95.0 78.21 -255.00 25.4
95.0 78.19 -255.00 25.2
95.0 78.20 -255.00 25.8
95.0 78.07 -255.00 26.2
95.0 78.30 -255.00 25.5
95.0 78.45 -255.00 25.4
95.0 78.43 -255.00 25.8
95.0 78.20 -255.00 26.0
95.0 78.01 -255.00 25.1
95.0 78.01 -255.00 25.6
95.0 77.82 -255.00 26.0
95.0 77.89 -255.00 25.1
95.0 77.99 -255.00 25.6
95.0 77.97 -255.00 25.6
95.0 77.86 -255.00 25.4
95.0 77.93 -255.00 25.4
95.0 77.97 -255.00 25.9
95.0 77.97 -255.00 25.9
95.0 77.92 -255.00 25.2
95.0 77.90 -255.00 25.4
95.0 77.80 -255.00 26.3
95.0 77.68 -255.00 25.5
95.0 77.77 -255.00 25.5
95.0 77.71 -255.00 25.6
95.0 77.57 -255.00 25.3
95.0 77.53 -255.00 25.5
95.0 77.41 -255.00 25.7
95.0 77.39 -255.00 25.8
95.0 77.37 -255.00 24.9
95.0 77.43 -255.00 25.1
95.0 77.30 -255.00 25.5
95.0 77.25 -255.00 25.4
95.0 77.22 -255.00 25.7
95.0 77.08 -255.00 25.7
95.0 77.23 -255.00 25.2
95.0 77.17 -255.00 25.7
95.0 77.14 -255.00 25.2
95.0 77.17 -255.00 25.2
95.0 77.11 -255.00 26.3
95.0 77.23 -255.00 25.5
95.0 77.40 -255.00 25.5
95.0 77.26 -255.00 25.5
95.0 77.23 -255.00 25.1
95.0 77.28 -255.00 25.3
95.0 76.95 -255.00 25.0
95.0 76.94 -255.00 25.4
95.0 76.85 -255.00 25.9
95.0 76.91 -255.00 25.0
95.0 76.77 -255.00 25.4
95.0 76.70 -255.00 25.6
95.0 76.67 -255.00 25.4
95.0 76.69 -255.00 25.4
95.0 76.52 -255.00 25.1
95.0 76.79 -255.00 25.0
95.0 76.80 -255.00 25.4
95.0 76.78 -255.00 25.0
95.0 76.71 -255.00 25.8
95.0 76.64 -255.00 24.5
95.0 76.45 -255.00 25.4
95.0 76.28 -255.00 25.4
95.0 76.34 -255.00 25.4
95.0 76.32 -255.00 25.6
95.0 76.43 -255.00 25.0
95.0 76.50 -255.00 25.6
95.0 76.46 -255.00 25.2
95.0 76.47 -255.00 25.6
95.0 76.43 -255.00 25.3
95.0 76.42 -255.00 24.5
95.0 76.28 -255.00 25.4
95.0 76.46 -255.00 25.4
95.0 76.39 -255.00 25.5
95.0 76.33 -255.00 25.0
95.0 76.25 -255.00 25.7
95.0 76.10 -255.00 25.0
95.0 75.99 -255.00 25.6
95.0 75.94 -255.00 24.8
95.0 75.90 -255.00 25.8
95.0 75.87 -255.00 24.3
95.0 75.86 -255.00 25.4
95.0 75.72 -255.00 25.2
95.0 75.73 -255.00 25.4
95.0 75.71 -255.00 25.1
95.0 75.67 -255.00 25.6
95.0 75.73 -255.00 25.0
95.0 75.66 -255.00 25.4
95.0 75.76 -255.00 25.4
95.0 75.71 -255.00 25.1
95.0 75.72 -255.00 25.7
95.0 75.81 -255.00 24.8
95.0 75.83 -255.00 25.4
95.0 76.05 -255.00 25.3
95.0 75.97 -255.00 25.3
95.0 75.93 -255.00 25.2
95.0 75.78 -255.00 25.4
95.0 75.95 -255.00 25.1
95.0 75.73 -255.00 24.7
95.0 75.65 -255.00 25.5
95.0 75.56 -255.00 24.8
95.0 75.53 -255.00 25.7
95.0 75.56 -255.00 24.3
95.0 75.45 -255.00 25.2
95.0 75.31 -255.00 25.4
95.0 75.30 -255.00 25.2
95.0 75.38 -255.00 25.4
95.0 75.37 -255.00 25.0
95.0 75.38 -255.00 25.4
95.0 75.37 -255.00 24.7
95.0 75.34 -255.00 24.8
95.0 75.33 -255.00 25.4
95.0 75.30 -255.00 24.8
95.0 75.19 -255.00 25.6
95.0 75.12 -255.00 24.8
95.0 75.21 -255.00 25.1
95.0 75.22 -255.00 25.2
95.0 75.17 -255.00 25.0
95.0 75.08 -255.00 25.0
95.0 75.18 -255.00 25.4
95.0 75.11 -255.00 25.2
95.0 74.85 -255.00 25.5
95.0 74.81 -255.00 25.7
95.0 74.80 -255.00 25.0
95.0 74.82 -255.00 25.1
95.0 74.76 -255.00 25.7
95.0 74.66 -255.00 24.6
95.0 74.57 -255.00 24.9
95.0 74.66 -255.00 25.2
95.0 74.86 -255.00 25.1
95.0 74.74 -255.00 25.0
95.0 74.80 -255.00 25.3
95.0 74.76 -255.00 25.3
95.0 74.54 -255.00 25.1
95.0 74.83 -255.00 25.6
95.0 74.82 -255.00 25.0
95.0 74.74 -255.00 25.0
95.0 74.74 -255.00 25.6
95.0 74.63 -255.00 24.9
95.0 74.52 -255.00 25.4
95.0 74.59 -255.00 25.0
95.0 74.66 -255.00 25.0
95.0 74.49 -255.00 25.0
95.0 74.52 -255.00 25.2
95.0 74.54 -255.00 25.3
95.0 74.51 -255.00 25.0
95.0 74.56 -255.00 25.0
95.0 74.45 -255.00 25.2
95.0 74.51 -255.00 25.3
95.0 74.50 -255.00 24.9
95.0 74.45 -255.00 24.7
95.0 74.43 -255.00 25.3
95.0 74.43 -255.00 25.7
95.0 74.34 -255.00 24.4
95.0 74.18 -255.00 25.0
95.0 74.21 -255.00 25.1
95.0 74.39 -255.00 25.1
95.0 74.35 -255.00 25.1
95.0 74.21 -255.00 24.9
95.0 74.09 -255.00 25.2
95.0 74.23 -255.00 25.4
95.0 74.23 -255.00 24.7
95.0 74.18 -255.00 24.8
95.0 74.16 -255.00 25.3
95.0 74.25 -255.00 25.2
95.0 74.24 -255.00 24.5
95.0 74.14 -255.00 25.0
95.0 74.18 -255.00 25.4
95.0 74.26 -255.00 25.0
95.0 74.03 -255.00 25.0
95.0 73.83 -255.00 24.9
95.0 73.87 -255.00 25.2
95.0 73.93 -255.00 25.2
95.0 73.94 -255.00 24.7
95.0 73.67 -255.00 24.6
95.0 73.58 -255.00 25.3
95.0 73.52 -255.00 25.2
95.0 73.54 -255.00 25.2
95.0 73.58 -255.00 25.3
95.0 73.75 -255.00 25.0
95.0 73.67 -255.00 24.6
95.0 73.65 -255.00 24.7
95.0 73.61 -255.00 25.6
95.0 73.60 -255.00 24.9
95.0 73.63 -255.00 24.9
95.0 73.49 -255.00 24.9
95.0 73.42 -255.00 24.9
95.0 73.40 -255.00 25.0
95.0 73.43 -255.00 25.0
95.0 73.43 -255.00 25.3
95.0 73.41 -255.00 24.9
95.0 73.18 -255.00 24.5
95.0 73.13 -255.00 24.5
95.0 73.12 -255.00 24.7
95.0 73.10 -255.00 24.7
95.0 73.14 -255.00 24.8
95.0 73.15 -255.00 25.3
95.0 73.11 -255.00 25.4
95.0 73.07 -255.00 24.3
95.0 73.03 -255.00 24.8
95.0 72.98 -255.00 24.8
95.0 73.05 -255.00 25.1
95.0 73.05 -255.00 25.0
95.0 72.97 -255.00 24.9
95.0 72.85 -255.00 24.8
95.0 72.79 -255.00 24.6
95.0 72.61 -255.00 24.8
95.0 72.58 -255.00 25.0
95.0 72.59 -255.00 25.4
95.0 72.61 -255.00 25.2
95.0 72.62 -255.00 25.2
95.0 72.60 -255.00 25.2
95.0 72.64 -255.00 24.8
95.0 72.65 -255.00 24.3
95.0 72.59 -255.00 23.8
95.0 72.67 -255.00 24.8
95.0 72.70 -255.00 24.9
95.0 72.63 -255.00 25.0
95.0 72.72 -255.00 25.0
95.0 72.72 -255.00 25.0
95.0 72.65 -255.00 24.8
95.0 72.61 -255.00 24.9
95.0 72.45 -255.00 24.6
95.0 72.41 -255.00 24.5
95.0 72.37 -255.00 24.8
95.0 72.35 -255.00 24.7
95.0 72.39 -255.00 25.0
95.0 72.40 -255.00 25.2
95.0 72.43 -255.00 25.2
95.0 72.39 -255.00 25.3
95.0 72.33 -255.00 24.8
95.0 72.30 -255.00 24.3
95.0 72.20 -255.00 24.3
95.0 72.13 -255.00 24.8
95.0 72.05 -255.00 24.8
95.0 72.21 -255.00 24.7
95.0 72.22 -255.00 24.8
95.0 72.24 -255.00 24.9
95.0 72.32 -255.00 24.8
95.0 72.36 -255.00 25.1
95.0 72.27 -255.00 24.7
95.0 72.02 -255.00 24.7
95.0 71.94 -255.00 24.5
95.0 71.86 -255.00 24.3
95.0 71.80 -255.00 24.6
95.0 71.80 -255.00 24.7
95.0 71.84 -255.00 24.8
95.0 71.91 -255.00 24.9
95.0 71.99 -255.00 25.0
95.0 72.04 -255.00 25.0
95.0 72.11 -255.00 25.4
95.0 72.12 -255.00 24.8
95.0 72.21 -255.00 24.8
95.0 72.43 -255.00 24.8
95.0 72.37 -255.00 24.8
95.0 72.35 -255.00 24.9
95.0 72.37 -255.00 24.9
95.0 72.38 -255.00 25.0
95.0 72.37 -255.00 24.8
95.0 72.38 -255.00 25.0
95.0 72.34 -255.00 24.8
95.0 72.38 -255.00 25.2
95.0 72.34 -255.00 24.6
95.0 72.36 -255.00 25.2
95.0 72.27 -255.00 24.9
95.0 72.20 -255.00 24.8
95.0 72.13 -255.00 24.5
95.0 72.05 -255.00 24.3
95.0 72.02 -255.00 24.1
95.0 71.95 -255.00 23.7
95.0 71.98 -255.00 24.7
95.0 71.98 -255.00 24.7
95.0 72.10 -255.00 24.8
95.0 72.27 -255.00 24.8
95.0 72.24 -255.00 24.8
95.0 72.26 -255.00 24.8
95.0 72.26 -255.00 24.8
95.0 72.26 -255.00 25.0
95.0 72.23 -255.00 24.7
95.0 72.14 -255.00 25.0
95.0 72.06 -255.00 24.8
95.0 71.98 -255.00 25.2
95.0 71.91 -255.00 25.0
95.0 71.87 -255.00 24.9
95.0 71.81 -255.00 25.0
95.0 71.93 -255.00 24.8
95.0 71.91 -255.00 24.3
95.0 71.83 -255.00 24.1
95.0 71.80 -255.00 24.5
95.0 71.70 -255.00 24.7
95.0 71.76 -255.00 24.7
95.0 71.73 -255.00 24.7
95.0 71.81 -255.00 24.8
95.0 71.71 -255.00 24.8
95.0 71.65 -255.00 24.7
95.0 71.63 -255.00 24.8
95.0 71.58 -255.00 24.6
95.0 71.57 -255.00 24.7
95.0 71.32 -255.00 24.4
95.0 71.34 -255.00 24.3
95.0 71.29 -255.00 24.3
95.0 71.34 -255.00 24.5
95.0 71.28 -255.00 24.3
95.0 71.24 -255.00 24.4
95.0 71.24 -255.00 24.4
95.0 71.13 -255.00 24.7
95.0 71.15 -255.00 25.2
95.0 71.19 -255.00 25.1
95.0 71.11 -255.00 24.7
95.0 71.20 -255.00 24.7
95.0 71.07 -255.00 24.7
95.0 71.19 -255.00 24.8
95.0 71.20 -255.00 24.7
95.0 71.18 -255.00 24.8
95.0 71.15 -255.00 24.8
95.0 71.16 -255.00 24.8
95.0 71.15 -255.00 25.0
95.0 71.05 -255.00 25.0
95.0 71.24 -255.00 25.0
95.0 71.32 -255.00 25.0
95.0 71.25 -255.00 24.6
95.0 71.11 -255.00 24.5
95.0 71.09 -255.00 24.5
95.0 71.04 -255.00 24.5
95.0 71.02 -255.00 24.3
95.0 70.97 -255.00 24.7
95.0 70.94 -255.00 24.7
95.0 70.95 -255.00 24.7
95.0 70.96 -255.00 25.1
95.0 70.99 -255.00 24.6
95.0 70.98 -255.00 24.5
95.0 70.99 -255.00 24.7
95.0 71.04 -255.00 24.5
95.0 70.95 -255.00 24.7
95.0 70.96 -255.00 24.6
95.0 70.95 -255.00 24.5
95.0 70.91 -255.00 24.5
95.0 70.84 -255.00 24.5
95.0 70.86 -255.00 24.2
95.0 70.83 -255.00 24.7
95.0 71.00 -255.00 24.4
95.0 70.91 -255.00 24.6
95.0 70.81 -255.00 24.1
95.0 70.75 -255.00 24.3
95.0 70.71 -255.00 24.4
95.0 70.65 -255.00 24.3
95.0 70.62 -255.00 24.3
95.0 70.51 -255.00 24.1
95.0 70.36 -255.00 24.0
95.0 70.27 -255.00 23.5
95.0 70.33 -255.00 24.0
95.0 70.26 -255.00 24.5
95.0 70.30 -255.00 24.5
95.0 70.49 -255.00 24.5
95.0 70.39 -255.00 24.7
95.0 70.30 -255.00 24.6
95.0 70.19 -255.00 24.5
95.0 70.10 -255.00 24.5
95.0 70.01 -255.00 24.7
95.0 69.94 -255.00 24.3
95.0 69.85 -255.00 24.7
95.0 69.70 -255.00 24.3
95.0 69.50 -255.00 25.0
95.0 69.63 -255.00 24.3
95.0 69.62 -255.00 24.9
95.0 69.74 -255.00 24.7
95.0 69.71 -255.00 24.8
95.0 69.69 -255.00 24.8
95.0 69.67 -255.00 24.8
95.0 69.74 -255.00 25.1
95.0 69.69 -255.00 25.3
95.0 69.71 -255.00 25.4
95.0 69.78 -255.00 24.7
95.0 69.70 -255.00 24.5
95.0 69.55 -255.00 24.5
95.0 69.43 -255.00 24.5
95.0 69.48 -255.00 24.5
95.0 69.46 -255.00 24.3
95.0 69.39 -255.00 24.5
95.0 69.29 -255.00 24.4
95.0 69.35 -255.00 24.3
55.0 69.39 -255.00 24.1
55.0 69.37 -255.00 24.0
55.0 69.36 -255.00 24.7
55.0 69.37 -255.00 24.3
55.0 69.40 -255.00 24.6
55.0 
55.0 69.32 -255.00 24.3
55.0 69.21 255.00 24.9
55.0 69.21 -239.93 24.3
55.0 69.15 -40.98 24.7
55.0 69.05 -255.00 22.9
55.0 68.92 -255.00 22.8
55.0 68.80 -255.00 22.6
55.0 68.71 -255.00 22.7
55.0 68.70 -255.00 23.0
55.0 68.69 -255.00 23.5
55.0 68.73 -255.00 24.1
55.0 68.69 -255.00 23.9
55.0 68.77 -255.00 23.5
55.0 68.66 -255.00 23.6
55.0 68.64 -255.00 23.7
55.0 68.61 -255.00 23.7
55.0 68.63 -255.00 23.7
55.0 68.63 -255.00 23.9
55.0 68.56 -255.00 23.7
55.0 68.56 -255.00 24.1
55.0 68.44 -255.00 23.6
55.0 68.43 -255.00 23.9
55.0 68.26 -255.00 23.5
55.0 68.23 -255.00 23.9
55.0 68.31 -255.00 24.0
55.0 68.31 -255.00 23.9
55.0 68.30 -255.00 23.7
55.0 68.31 -255.00 23.7
55.0 68.29 -255.00 23.7
55.0 68.39 -255.00 23.9
55.0 68.45 -255.00 24.5
55.0 68.28 -255.00 24.2
55.0 68.12 -255.00 24.3
55.0 68.25 -255.00 24.2
55.0 68.27 -255.00 24.3
55.0 68.26 -255.00 24.3
55.0 68.22 -255.00 24.1
55.0 68.24 -255.00 24.1
55.0 68.23 -255.00 24.1
55.0 68.08 -255.00 23.8
55.0 67.92 -255.00 24.3
55.0 67.86 -255.00 23.7
55.0 67.83 -255.00 24.0
55.0 67.84 -255.00 24.3
55.0 67.83 -255.00 24.4
55.0 67.86 -255.00 24.6
55.0 67.89 -255.00 24.7
55.0 67.94 -255.00 24.9
55.0 67.92 -255.00 25.1
55.0 67.97 -255.00 24.6
55.0 68.12 -255.00 24.2
55.0 68.12 -255.00 24.3
55.0 68.02 -255.00 24.2
55.0 67.99 -255.00 24.4
55.0 67.92 -255.00 24.2
55.0 67.82 -255.00 24.2
55.0 67.71 -255.00 24.0
55.0 67.59 -255.00 24.1
55.0 67.62 -255.00 24.1
55.0 67.68 -255.00 23.8
55.0 67.64 -255.00 24.3
55.0 67.63 -255.00 23.9
55.0 67.64 -255.00 24.2
55.0 67.51 -255.00 24.1
55.0 67.47 -255.00 24.5
55.0 67.49 -255.00 24.6
55.0 67.48 -255.00 24.8
55.0 67.42 -255.00 24.7
55.0 67.45 -255.00 25.0
55.0 67.39 -255.00 24.3
55.0 67.37 -255.00 24.3
55.0 67.55 -255.00 24.3
55.0 67.53 -255.00 24.3
55.0 67.51 -255.00 24.3
55.0 67.57 -255.00 24.3
55.0 67.59 -255.00 24.5
55.0 67.67 -255.00 24.4
55.0 67.76 -255.00 24.5
55.0 67.74 -255.00 24.3
55.0 67.72 -255.00 24.1
55.0 67.68 -255.00 23.7
55.0 67.64 -255.00 24.3
55.0 67.63 -255.00 24.0
55.0 67.60 -255.00 23.8
55.0 67.61 -255.00 23.9
55.0 67.52 -255.00 23.7
55.0 67.40 -255.00 24.4
55.0 67.31 -255.00 24.8
55.0 67.29 -255.00 24.3
55.0 67.42 -255.00 24.2
55.0 67.35 -255.00 24.3
55.0 67.32 -255.00 24.1
55.0 67.32 -255.00 24.3
55.0 67.32 -255.00 24.3
55.0 67.30 -255.00 24.3
55.0 67.32 -255.00 24.1
55.0 67.34 -255.00 24.2
55.0 67.16 -255.00 23.9
55.0 66.99 -255.00 24.3
55.0 67.09 -255.00 24.1
55.0 67.13 -255.00 24.6
55.0 67.15 -255.00 24.3
55.0 67.12 -255.00 24.5
55.0 67.12 -255.00 24.5
55.0 67.08 -255.00 24.5
55.0 67.08 -255.00 24.7
55.0 67.04 -255.00 24.8
55.0 67.11 -255.00 25.0
55.0 67.05 -255.00 24.6
55.0 67.12 -255.00 24.1
55.0 67.14 -255.00 24.2
55.0 67.22 -255.00 24.3
55.0 67.25 -255.00 24.1
55.0 67.22 -255.00 24.3
55.0 67.25 -255.00 24.2
55.0 67.21 -255.00 24.3
55.0 67.20 -255.00 24.3
55.0 67.17 -255.00 24.3
95.0 67.21 -255.00 24.5
95.0 67.32 -255.00 24.1
95.0 67.39 -255.00 24.7
95.0 67.34 -255.00 24.3
95.0 67.27 -255.00 24.3
95.0 
95.0 67.02 255.00 23.6
95.0 66.96 255.00 24.0
95.0 66.88 255.00 23.9
95.0 66.98 -13.33 24.1
95.0 66.98 255.00 23.0
95.0 66.87 255.00 23.2
95.0 66.77 255.00 24.1
95.0 66.56 255.00 26.0
95.0 66.62 255.00 25.7
95.0 66.65 255.00 25.7
95.0 66.45 255.00 26.7
95.0 66.41 255.00 27.3
95.0 66.42 255.00 27.3
95.0 66.37 255.00 27.7
95.0 66.34 255.00 28.1
95.0 66.30 255.00 28.9
95.0 66.42 255.00 28.1
95.0 66.31 255.00 28.9
95.0 66.37 255.00 28.7
95.0 66.32 255.00 28.8
95.0 66.21 255.00 29.2
95.0 66.20 255.00 29.3
95.0 66.23 255.00 29.5
95.0 66.02 255.00 30.5
95.0 66.15 255.00 29.1
95.0 66.04 255.00 30.0
95.0 66.17 255.00 29.4
95.0 66.16 255.00 30.0
95.0 66.16 255.00 29.7
95.0 66.11 255.00 29.9
95.0 66.15 255.00 28.9
95.0 66.02 255.00 29.9
95.0 65.99 255.00 29.8
95.0 65.90 255.00 29.7
95.0 65.84 255.00 29.5
95.0 65.80 255.00 29.8
95.0 65.79 255.00 29.6
95.0 65.76 255.00 28.8
95.0 65.71 255.00 29.5
95.0 65.71 255.00 29.5
95.0 65.81 255.00 29.5
95.0 65.74 255.00 29.6
95.0 65.75 255.00 29.3
95.0 65.73 255.00 29.3
95.0 65.91 255.00 28.4
95.0 65.79 255.00 29.1
95.0 65.72 255.00 29.5
95.0 65.69 255.00 28.8
95.0 65.63 255.00 29.0
95.0 65.66 255.00 28.8
95.0 65.66 255.00 28.7
95.0 65.79 255.00 28.4
95.0 65.82 255.00 28.4
95.0 65.70 255.00 29.0
95.0 65.70 255.00 28.4
95.0 65.68 255.00 28.8
95.0 65.64 255.00 28.4
95.0 65.75 255.00 27.5
95.0 65.62 255.00 28.2
95.0 65.63 255.00 28.4
95.0 65.76 255.00 27.8
95.0 65.71 255.00 28.0
95.0 65.69 255.00 27.9
95.0 65.67 255.00 27.5
95.0 65.57 255.00 27.5
95.0 65.56 255.00 27.9
95.0 65.70 255.00 27.8
95.0 65.74 255.00 27.5
95.0 65.75 255.00 27.5
95.0 65.67 255.00 27.6
95.0 65.83 255.00 26.9
95.0 65.78 255.00 27.2
95.0 65.67 255.00 27.7
95.0 65.67 255.00 27.2
95.0 65.65 255.00 27.0
95.0 65.68 255.00 27.1
95.0 65.78 255.00 27.3
95.0 65.87 255.00 26.6
95.0 65.77 255.00 27.4
95.0 65.84 255.00 27.0
95.0 65.91 255.00 26.6
95.0 65.93 255.00 26.7
95.0 65.90 255.00 27.3
95.0 66.02 255.00 26.3
95.0 66.15 255.00 25.9
95.0 66.09 255.00 26.1
95.0 66.09 255.00 26.4
95.0 66.11 255.00 26.3
95.0 66.19 255.00 25.6
95.0 66.12 255.00 26.3
95.0 66.15 255.00 26.7
95.0 66.25 255.00 25.8
95.0 66.29 255.00 26.0
95.0 66.29 255.00 26.0
95.0 66.33 255.00 26.5
95.0 66.47 255.00 25.6
95.0 66.50 255.00 25.6
95.0 66.46 255.00 26.0
95.0 66.54 255.00 25.9
95.0 66.58 255.00 25.6
95.0 66.45 255.00 26.1
95.0 66.56 255.00 25.9
95.0 66.65 255.00 25.4
95.0 66.74 255.00 25.2
95.0 66.76 255.00 25.4
95.0 66.79 255.00 25.3
95.0 66.84 255.00 24.3
95.0 66.77 255.00 25.4
95.0 66.80 255.00 25.5
95.0 66.92 255.00 25.2
95.0 66.98 255.00 25.0
95.0 67.01 255.00 25.0
95.0 66.94 255.00 25.1
95.0 66.96 255.00 25.2
95.0 67.06 255.00 25.6
95.0 67.21 255.00 25.2
95.0 67.28 255.00 24.8
95.0 67.33 255.00 24.8
95.0 67.20 255.00 24.4
95.0 67.19 255.00 24.7
95.0 67.29 255.00 24.9
95.0 67.38 255.00 24.7
95.0 67.50 255.00 24.7
95.0 67.63 255.00 24.1
95.0 67.58 255.00 24.3
95.0 67.55 255.00 24.4
95.0 67.66 255.00 24.7
95.0 67.77 255.00 24.5
95.0 67.83 255.00 24.5
95.0 67.91 255.00 23.6
95.0 68.00 255.00 24.0
95.0 68.04 255.00 24.3
95.0 68.03 255.00 24.5
95.0 68.04 255.00 24.4
95.0 68.14 255.00 24.1
95.0 68.45 255.00 23.9
95.0 68.58 255.00 23.9
95.0 68.52 255.00 24.3
95.0 68.48 255.00 24.2
95.0 68.60 255.00 24.1
95.0 68.69 255.00 24.3
95.0 68.90 255.00 24.2
95.0 69.05 255.00 23.9
95.0 69.20 255.00 23.7
95.0 69.25 255.00 23.7
95.0 69.30 255.00 23.9
95.0 69.31 255.00 24.7
95.0 69.47 255.00 24.1
95.0 69.60 255.00 23.6
95.0 69.63 255.00 23.5
95.0 69.73 255.00 23.5
95.0 69.82 255.00 23.5
95.0 69.78 255.00 23.0
95.0 69.80 255.00 23.4
95.0 69.72 255.00 23.7
95.0 69.85 255.00 23.5
95.0 69.93 255.00 23.5
95.0 70.04 255.00 24.4
95.0 70.24 255.00 23.8
95.0 70.39 255.00 23.0
95.0 70.41 255.00 23.4
95.0 70.48 255.00 23.3
95.0 70.53 255.00 23.3
95.0 70.47 255.00 22.9
95.0 70.48 255.00 23.2
95.0 70.57 255.00 23.7
95.0 70.73 255.00 23.4
95.0 70.88 255.00 23.0
95.0 70.97 255.00 22.4
95.0 71.15 255.00 22.7
95.0 71.21 255.00 22.9
95.0 71.41 255.00 23.2
95.0 71.54 255.00 23.0
95.0 71.61 255.00 23.0
95.0 71.87 255.00 23.6
95.0 72.08 255.00 23.2
95.0 72.25 255.00 22.6
95.0 72.25 255.00 22.6
95.0 72.30 255.00 22.8
95.0 72.36 255.00 22.4
95.0 72.33 255.00 22.4
95.0 72.34 255.00 22.9
95.0 72.56 255.00 23.2
95.0 72.70 255.00 22.9
95.0 72.78 255.00 22.8
95.0 72.90 255.00 22.0
95.0 72.98 255.00 22.5
95.0 73.03 255.00 23.1
95.0 73.17 255.00 22.7
95.0 73.28 255.00 22.6
95.0 73.37 255.00 22.5
95.0 73.54 255.00 22.0
95.0 73.61 255.00 22.4
95.0 73.62 255.00 22.1
95.0 73.65 255.00 22.6
95.0 73.71 255.00 22.4
95.0 73.79 255.00 23.2
95.0 73.88 255.00 22.9
95.0 74.05 255.00 22.6
95.0 74.12 255.00 22.3
95.0 74.23 255.00 22.3
95.0 74.31 255.00 22.2
95.0 74.28 255.00 22.3
95.0 74.30 255.00 22.5
95.0 74.42 255.00 22.2
95.0 74.64 255.00 22.0
95.0 74.73 255.00 22.2
95.0 74.81 255.00 22.2
95.0 74.73 255.00 22.2
95.0 74.81 255.00 22.3
95.0 75.04 255.00 22.0
95.0 75.23 255.00 22.2
95.0 75.34 255.00 22.2
95.0 75.44 255.00 21.5
95.0 75.56 255.00 21.7
95.0 75.61 255.00 22.0
95.0 75.65 255.00 22.4
95.0 75.86 255.00 22.2
95.0 75.99 255.00 22.1
95.0 76.43 255.00 22.3
95.0 76.59 255.00 21.9
95.0 76.65 255.00 22.2
95.0 76.70 255.00 22.2
95.0 76.86 255.00 21.9
95.0 76.89 255.00 21.9
95.0 77.06 255.00 21.3
95.0 77.02 255.00 22.0
95.0 77.09 255.00 21.8
95.0 77.21 255.00 21.7
95.0 77.29 255.00 21.9
95.0 77.39 255.00 21.9
95.0 77.37 255.00 22.5
95.0 77.64 255.00 21.8
95.0 77.76 255.00 21.3
95.0 77.79 255.00 21.9
95.0 77.81 255.00 21.9
95.0 77.95 255.00 21.9
95.0 78.35 255.00 21.5
95.0 78.55 255.00 21.6
95.0 78.53 255.00 22.1
95.0 78.53 255.00 21.9
95.0 78.66 255.00 21.8
95.0 78.80 255.00 21.7
95.0 79.15 255.00 21.3
95.0 79.21 255.00 21.5
95.0 79.12 255.00 21.9
95.0 79.13 255.00 21.7
95.0 79.22 255.00 21.7
95.0 79.34 255.00 22.2
95.0 79.60 255.00 21.1
95.0 79.65 255.00 21.5
95.0 79.57 255.00 21.4
95.0 79.62 255.00 21.4
95.0 79.70 255.00 21.6
95.0 79.83 255.00 22.2
95.0 80.01 255.00 22.0
95.0 80.27 255.00 21.3
95.0 80.35 255.00 21.6
95.0 80.54 255.00 21.4
95.0 80.68 255.00 21.3
95.0 80.75 255.00 21.1
95.0 80.87 255.00 21.5
95.0 80.95 255.00 21.7
95.0 80.89 255.00 21.1
95.0 80.93 255.00 21.4
95.0 81.10 255.00 21.4
95.0 81.22 255.00 21.3
95.0 81.05 255.00 21.6
95.0 81.24 255.00 21.2
95.0 81.44 255.00 21.6
95.0 81.46 255.00 21.5
95.0 81.61 255.00 21.2
95.0 81.78 255.00 21.3
95.0 81.58 255.00 21.4
95.0 81.75 255.00 21.5
95.0 81.97 255.00 21.0
95.0 82.20 255.00 21.5
95.0 82.45 255.00 21.1
95.0 82.70 255.00 21.3
95.0 82.86 255.00 21.9
95.0 83.04 255.00 21.4
95.0 83.24 255.00 20.9
95.0 83.24 255.00 21.3
95.0 83.38 255.00 21.1
95.0 83.51 255.00 21.0
95.0 83.59 255.00 21.0
95.0 83.49 255.00 21.7
95.0 83.75 255.00 20.9
95.0 83.95 255.00 21.0
95.0 84.13 255.00 20.9
95.0 84.11 255.00 21.0
95.0 84.20 255.00 21.2
95.0 84.65 255.00 21.3
95.0 84.87 255.00 20.7
95.0 84.85 255.00 21.3
95.0 84.83 255.00 20.8
95.0 84.85 255.00 21.1
95.0 84.93 255.00 21.0
95.0 85.01 255.00 20.3
95.0 85.12 255.00 20.7
95.0 85.14 255.00 21.1
95.0 85.13 255.00 20.9
95.0 85.12 255.00 21.0
95.0 85.29 255.00 20.9
95.0 85.41 255.00 20.8
95.0 85.40 255.00 21.5
95.0 85.78 255.00 20.9
95.0 85.92 255.00 21.1
95.0 86.01 255.00 20.9
95.0 86.17 255.00 20.6
95.0 86.23 255.00 20.9
95.0 86.22 255.00 21.1
95.0 86.59 255.00 20.5
95.0 86.62 255.00 20.7
95.0 86.83 255.00 20.9
95.0 86.87 255.00 20.9
95.0 86.94 255.00 20.9
95.0 87.04 255.00 20.7
95.0 87.10 255.00 20.6
95.0 87.15 255.00 21.0
95.0 87.35 255.00 20.9
95.0 87.29 255.00 21.0
95.0 87.44 255.00 20.7
95.0 87.49 255.00 20.8
95.0 87.28 255.00 21.3
95.0 87.51 255.00 20.4
95.0 87.52 255.00 20.7
95.0 87.68 255.00 20.4
95.0 87.71 255.00 20.9
95.0 87.85 255.00 20.7
95.0 88.02 255.00 20.6
95.0 88.10 255.00 20.6
95.0 88.24 255.00 20.8
95.0 88.46 255.00 20.5
95.0 88.65 255.00 20.4
95.0 88.74 255.00 20.6
95.0 88.82 255.00 20.6
95.0 88.94 255.00 20.2
95.0 89.08 255.00 20.5
95.0 89.17 255.00 20.7
95.0 89.25 255.00 20.9
95.0 89.53 255.00 20.5
95.0 89.58 255.00 20.6
95.0 89.62 255.00 20.5
95.0 90.05 193.26 20.0
95.0 90.00 255.00 20.2
95.0 90.48 126.74 19.6
95.0 90.43 255.00 19.3
95.0 90.47 255.00 19.2
95.0 90.30 255.00 19.4
95.0 90.39 255.00 19.8
95.0 90.43 255.00 19.8
95.0 90.60 236.11 19.9
95.0 90.49 255.00 19.7
95.0 90.65 249.65 19.6
95.0 91.07 110.82 19.0
95.0 91.01 255.00 19.0
95.0 91.25 155.45 19.0
95.0 91.42 193.44 18.3
95.0 91.40 229.07 18.3
95.0 91.47 208.39 18.0
95.0 91.54 206.42 18.1
95.0 91.64 176.78 17.9
95.0 92.01 83.62 17.6
95.0 92.15 131.20 17.4
95.0 92.15 187.13 17.0
95.0 92.28 127.84 16.1
95.0 92.30 167.39 15.9
95.0 92.42 133.60 15.8
95.0 92.21 242.14 15.5
95.0 92.34 126.20 15.7
95.0 92.64 75.06 15.3
95.0 92.63 143.18 14.8
95.0 92.71 116.18 14.0
95.0 92.83 113.38 14.4
95.0 93.08 39.93 13.8
95.0 93.16 87.76 13.1
95.0 93.53 -35.35 12.2
95.0 93.61 70.04 12.4
95.0 93.99 -64.39 11.6
95.0 93.98 68.74 11.4
95.0 94.11 12.09 11.0
95.0 94.19 27.03 10.4
95.0 94.16 58.88 9.8
95.0 94.23 18.72 9.4
95.0 94.20 59.91 8.9
95.0 94.17 56.77 8.7
95.0 94.24 22.23 8.4
95.0 94.30 17.56 8.4
95.0 94.35 19.66 7.7
95.0 94.40 18.56 7.2
95.0 94.65 -65.70 6.5
95.0 94.62 32.11 6.9
95.0 94.50 68.49 6.7
95.0 94.59 -3.29 6.7
95.0 94.56 31.74 6.4
95.0 94.69 -23.75 6.5
95.0 94.90 -61.52 6.1
95.0 94.95 -11.25 5.8
95.0 94.80 59.98 6.3
95.0 94.90 -28.35 6.2
95.0 94.94 -10.23 6.3
95.0 95.24 -116.05 6.4
95.0 95.15 12.61 5.9
95.0 95.42 -124.02 6.3
95.0 95.51 -71.36 6.7
95.0 95.30 39.64 7.5
95.0 95.41 -66.40 7.0
95.0 95.50 -70.72 7.1
95.0 95.79 -159.37 7.1
95.0 95.79 -70.71 7.8
95.0 95.84 -87.66 8.3
95.0 96.05 -150.87 8.2
95.0 96.17 -142.22 8.6
95.0 96.19 -109.10 9.7
95.0 96.57 -253.77 9.9
95.0 96.60 -142.32 11.4
95.0 96.62 -161.92 12.4
95.0 96.64 -150.69 12.7
95.0 96.66 -158.07 13.1
95.0 96.73 -172.50 13.6
95.0 96.79 -188.49 14.3
95.0 96.90 -199.06 14.9
95.0 96.99 -210.92 15.7
95.0 97.08 -216.15 16.1
95.0 97.11 -201.18 17.1
95.0 97.29 -255.00 17.1
95.0 97.24 -202.66 17.9
95.0 97.20 -181.20 18.8
95.0 97.27 -227.39 18.9
95.0 97.27 -211.29 18.8
95.0 97.23 -192.32 19.2
95.0 96.94 -85.51 20.0
95.0 97.09 -233.48 19.4
95.0 97.17 -213.76 19.2
95.0 97.08 -167.38 20.4
95.0 97.32 -255.00 19.8
95.0 97.37 -233.91 20.3
95.0 97.17 -141.44 20.9
95.0 96.99 -119.81 20.7
95.0 96.73 -94.53 20.2
95.0 97.06 -255.00 19.6
95.0 97.30 -255.00 19.8
95.0 97.46 -255.00 20.9
95.0 97.55 -255.00 20.9
95.0 97.38 -157.68 21.4
95.0 97.59 -255.00 21.0
95.0 97.89 -255.00 21.4
95.0 98.22 -255.00 22.5
95.0 98.35 -255.00 22.8
95.0 98.40 -255.00 23.3
95.0 98.62 -255.00 24.1
95.0 98.39 -246.41 23.5
95.0 98.56 -255.00 24.8
95.0 99.12 -255.00 24.5
95.0 99.10 -255.00 24.7
95.0 99.20 -255.00 25.2
95.0 99.51 -255.00 25.0
95.0 99.14 -255.00 25.1
95.0 99.29 -255.00 25.6
95.0 99.09 -255.00 25.6
95.0 99.02 -255.00 25.6
95.0 99.24 -255.00 25.8
95.0 99.05 -255.00 25.7
95.0 99.15 -255.00 27.2
95.0 99.18 -255.00 26.2
95.0 99.15 -255.00 26.5
95.0 99.24 -255.00 26.6
95.0 99.10 -255.00 26.3
95.0 99.49 -255.00 27.0
95.0 99.49 -255.00 26.5
95.0 100.09 -255.00 26.9
95.0 99.92 -255.00 26.5
95.0 99.51 -255.00 27.2
95.0 99.51 -255.00 26.6
95.0 100.18 -255.00 27.0
95.0 100.45 -255.00 27.1
95.0 100.83 -255.00 26.5
95.0 100.70 -255.00 27.2
95.0 100.41 -255.00 26.8
95.0 100.43 -255.00 26.5
95.0 100.12 -255.00 26.9
95.0 100.00 -255.00 27.3
95.0 100.06 -255.00 26.7
95.0 100.54 -255.00 26.9
95.0 100.38 -255.00 27.5
95.0 100.08 -255.00 26.8
95.0 100.13 -255.00 26.3
95.0 100.29 -255.00 26.7
95.0 100.10 -255.00 27.1
95.0 99.93 -255.00 26.7
95.0 100.17 -255.00 26.9
95.0 99.99 -255.00 27.3
95.0 100.17 -255.00 26.7
95.0 100.33 -255.00 26.9
95.0 100.19 -255.00 27.8
95.0 100.17 -255.00 26.5
95.0 100.22 -255.00 26.7
95.0 99.83 -255.00 26.7
95.0 99.48 -255.00 26.7
95.0 99.42 -255.00 26.5
95.0 99.48 -255.00 26.2
95.0 99.54 -255.00 26.8
95.0 99.70 -255.00 26.2
95.0 99.52 -255.00 26.7
95.0 99.46 -255.00 26.6
95.0 99.52 -255.00 26.7
95.0 99.20 -255.00 27.1
95.0 99.06 -255.00 26.3
95.0 99.33 -255.00 26.6
95.0 99.24 -255.00 26.5
95.0 99.26 -255.00 26.3
95.0 99.57 -255.00 26.7
95.0 99.25 -255.00 26.4
95.0 99.21 -255.00 26.5
95.0 99.19 -255.00 26.3
95.0 98.95 -255.00 26.5
95.0 99.23 -255.00 25.8
95.0 99.26 -255.00 26.5
95.0 98.82 -246.19 26.7
95.0 98.83 -255.00 26.5
95.0 98.63 -255.00 26.5
95.0 98.60 -255.00 25.8
95.0 98.53 -255.00 26.3
95.0 97.93 -78.23 25.8
95.0 97.82 -227.90 25.6
95.0 97.72 -209.62 24.8
95.0 98.12 -255.00 24.4
95.0 98.15 -255.00 24.8
95.0 98.17 -255.00 24.4
95.0 97.99 -207.50 25.2
95.0 97.87 -231.13 24.3
95.0 97.72 -205.75 24.5
95.0 98.06 -255.00 24.4
95.0 97.94 -221.63 24.2
95.0 97.88 -255.00 24.6
95.0 97.58 -135.98 24.1
95.0 97.50 -208.77 23.9
95.0 97.49 -224.07 23.5
95.0 97.52 -242.87 24.1
95.0 97.95 -255.00 23.4
95.0 97.84 -241.63 24.0
95.0 97.84 -250.49 23.7
95.0 97.54 -148.32 24.3
95.0 97.62 -255.00 23.7
95.0 97.30 -118.78 23.4
95.0 97.52 -255.00 23.4
95.0 97.30 -149.16 23.6
95.0 97.15 -155.83 22.6
95.0 96.92 -111.11 22.0
95.0 96.86 -145.84 21.8
95.0 96.91 -196.35 20.7
95.0 96.75 -106.95 20.3
95.0 96.71 -144.95 19.9
95.0 96.62 -123.84 19.2
95.0 96.59 -131.03 18.8
95.0 96.61 -155.27 18.2
95.0 96.16 22.06 18.3
95.0 96.13 -84.16 17.4
95.0 95.73 66.31 16.7
95.0 95.50 30.16 16.1
95.0 95.48 -35.31 14.7
95.0 95.42 -17.98 14.4
95.0 95.46 -51.41 13.6
95.0 95.50 -56.06 12.9
95.0 95.29 40.28 12.3
95.0 95.30 -26.20 11.9
95.0 95.40 -65.85 11.0
95.0 95.49 -70.87 10.6
95.0 95.62 -95.02 10.4
95.0 95.50 -2.57 11.0
95.0 95.48 -37.57 9.8
95.0 95.37 7.08 9.5
95.0 95.18 54.32 8.8
95.0 95.20 -20.32 8.3
95.0 95.16 -3.88 8.4
95.0 94.81 134.11 7.4
95.0 94.86 -9.41 7.4
95.0 94.91 -9.35 7.4
95.0 94.72 83.52 7.4
95.0 94.59 66.52 7.1
95.0 94.62 12.20 7.4
95.0 94.59 32.00 7.1
95.0 94.48 68.99 7.1
95.0 94.56 -5.83 6.7
95.0 94.23 156.54 6.3
95.0 94.25 42.17 7.1
95.0 94.17 75.87 6.9
95.0 94.00 113.15 6.9
95.0 93.99 65.39 7.1
95.0 93.72 167.82 7.4
95.0 93.78 49.80 7.8
95.0 93.80 66.88 8.3
95.0 93.81 66.64 8.0
95.0 93.77 81.56 7.8
95.0 93.60 138.14 7.9
95.0 93.88 -24.27 8.3
95.0 93.65 153.92 8.2
95.0 93.59 105.44 8.6
95.0 93.53 110.12 9.1
95.0 93.39 145.28 8.9
95.0 93.44 80.36 8.8
95.0 93.35 124.15 9.1
95.0 93.55 19.51 9.7
95.0 93.45 128.09 9.6
95.0 93.36 127.18 9.7
95.0 93.51 45.40 9.9
95.0 93.36 141.25 9.8
95.0 93.56 34.38 9.9
95.0 93.42 140.39 9.5
95.0 93.46 74.16 9.7
95.0 93.42 113.10 9.6
95.0 93.16 195.92 9.7
95.0 92.84 234.76 10.4
95.0 92.31 255.00 11.5
95.0 92.20 221.08 12.5
95.0 92.02 242.15 13.2
95.0 91.86 253.39 14.2
95.0 92.16 94.94 15.1
95.0 92.20 152.65 15.1
95.0 91.89 255.00 15.0
95.0 92.05 133.99 15.2
95.0 91.97 229.72 16.0
95.0 91.85 232.04 16.2
95.0 91.83 211.68 16.6
95.0 91.81 212.22 16.5
95.0 91.59 255.00 17.4
95.0 91.55 225.09 18.1
95.0 91.65 199.47 18.9
95.0 91.36 255.00 18.5
95.0 91.31 255.00 19.6
95.0 91.38 199.11 19.6
95.0 91.41 224.91 20.0
95.0 91.35 255.00 19.9
95.0 91.25 255.00 20.3
95.0 91.30 240.31 20.9
95.0 91.25 248.26 21.1
95.0 90.88 255.00 20.4
95.0 90.83 255.00 22.0
95.0 91.00 208.58 21.4
95.0 90.86 255.00 21.7
95.0 90.89 255.00 22.4
95.0 91.01 222.93 22.0
95.0 91.21 186.92 22.3
95.0 91.30 201.37 21.7
95.0 91.09 255.00 22.0
95.0 91.06 255.00 22.0
95.0 90.87 255.00 22.2
95.0 90.82 255.00 22.4
95.0 90.65 255.00 22.5
95.0 90.58 255.00 22.8
95.0 90.48 255.00 22.8
95.0 90.64 250.07 22.5
95.0 90.79 215.15 24.1
95.0 90.43 255.00 22.4
95.0 90.18 255.00 23.2
95.0 90.25 255.00 23.0
95.0 90.14 255.00 23.5
95.0 90.12 255.00 23.0
95.0 90.15 255.00 23.6
95.0 89.93 255.00 23.5
95.0 90.23 217.87 23.0
95.0 90.38 255.00 23.3
95.0 90.46 255.00 23.2
95.0 90.17 255.00 23.2
95.0 90.11 255.00 23.5
95.0 89.98 255.00 23.2
95.0 89.94 255.00 23.4
95.0 89.94 255.00 23.5
95.0 89.86 255.00 23.5
95.0 90.04 250.64 23.6
95.0 89.95 255.00 23.2
95.0 89.99 255.00 23.5
95.0 89.95 255.00 23.6
95.0 89.95 255.00 23.5
95.0 90.35 163.49 23.7
95.0 89.92 255.00 22.7
95.0 89.81 255.00 23.0
95.0 89.70 255.00 22.8
95.0 89.94 255.00 23.1
95.0 90.29 200.92 23.1
95.0 90.18 255.00 23.0
95.0 90.03 255.00 22.6
95.0 89.79 255.00 22.7
95.0 89.81 255.00 22.8
95.0 89.74 255.00 22.8
95.0 89.76 255.00 22.9
95.0 89.70 255.00 22.8
95.0 89.65 255.00 22.8
95.0 89.64 255.00 22.9
95.0 89.63 255.00 23.0
95.0 89.54 255.00 22.8
95.0 89.59 255.00 22.9
95.0 89.54 255.00 22.9
95.0 89.12 255.00 22.8
95.0 88.75 255.00 22.0
95.0 88.63 255.00 23.8
95.0 88.64 255.00 22.6
95.0 88.99 255.00 22.6
95.0 88.89 255.00 23.3
95.0 88.91 255.00 22.4
95.0 89.02 255.00 23.2
95.0 88.99 255.00 22.4
95.0 89.09 255.00 22.8
95.0 88.94 255.00 22.8
95.0 88.84 255.00 22.3
95.0 89.17 255.00 22.4
95.0 89.51 234.13 23.0
95.0 89.64 255.00 22.8
95.0 89.59 255.00 22.8
95.0 89.67 255.00 22.3
95.0 89.74 255.00 22.6
95.0 89.68 255.00 22.5
95.0 89.67 255.00 22.4
95.0 89.74 255.00 22.5
95.0 89.76 255.00 22.4
95.0 89.82 255.00 22.4
95.0 89.80 255.00 22.4
95.0 89.86 255.00 22.2
95.0 89.91 255.00 22.4
95.0 89.92 255.00 22.3
95.0 90.41 150.30 22.4
95.0 90.01 255.00 22.0
95.0 89.97 255.00 21.5
95.0 89.89 255.00 21.8
95.0 89.94 255.00 21.5
95.0 90.29 201.03 21.9
95.0 90.21 255.00 21.7
95.0 90.36 255.00 21.7
95.0 90.28 255.00 21.0
95.0 90.46 240.47 21.1
95.0 90.33 255.00 21.2
95.0 90.46 254.97 21.3
95.0 90.46 255.00 21.5
95.0 90.58 251.40 21.4
95.0 90.60 255.00 21.4
95.0 90.62 255.00 21.3
95.0 90.60 255.00 21.6
95.0 90.66 255.00 21.5
95.0 90.72 247.59 21.5
95.0 90.77 255.00 21.5
95.0 90.77 255.00 21.6
95.0 90.77 255.00 21.5
95.0 90.46 255.00 21.5
95.0 90.58 236.23 20.8
95.0 90.64 255.00 22.2
95.0 90.57 255.00 21.1
95.0 90.91 165.99 20.9
95.0 90.98 225.28 20.9
95.0 91.05 236.37 20.9
95.0 91.07 250.19 20.4
95.0 91.45 117.43 20.7
95.0 91.51 195.69 20.0
95.0 91.61 189.15 19.7
95.0 91.71 186.21 19.2
95.0 91.79 172.63 18.7
95.0 91.78 222.81 18.4
95.0 91.77 204.19 18.7
95.0 91.55 255.00 19.0
95.0 91.69 159.58 19.2
95.0 91.60 255.00 18.4
95.0 91.65 191.95 18.5
95.0 91.57 248.61 18.4
95.0 91.66 187.60 18.5
95.0 91.71 201.00 18.5
95.0 91.93 121.00 17.7
95.0 91.90 218.36 17.8
95.0 92.01 150.98 17.3
95.0 92.06 165.31 17.5
95.0 92.11 173.45 17.1
95.0 92.34 105.08 17.2
95.0 92.40 149.23 16.3
95.0 92.33 189.05 15.8
95.0 92.39 158.24 16.1
95.0 92.50 121.80 16.8
95.0 92.50 160.99 15.5
95.0 92.38 202.90 15.2
95.0 92.35 188.24 15.2
95.0 92.41 140.13 15.4
95.0 92.80 25.48 14.9
95.0 93.06 40.54 14.4
95.0 93.19 62.85 13.7
95.0 93.36 49.44 12.9
95.0 93.36 93.46 12.3
95.0 93.37 103.32 12.0
95.0 93.33 115.32 11.9
95.0 93.39 87.32 11.8
95.0 93.40 97.65 11.1
95.0 93.64 7.66 10.8
95.0 93.81 6.84 10.4
95.0 93.82 62.63 9.5
95.0 93.88 52.13 9.2
95.0 93.88 61.63 9.1
95.0 93.93 46.61 8.8
95.0 93.93 64.01 8.4
95.0 93.88 79.76 8.1
95.0 93.98 27.96 8.4
95.0 94.11 1.77 7.8
95.0 94.14 42.00 7.3
95.0 94.16 38.49 7.0
95.0 94.09 76.19 6.7
95.0 94.12 42.42 6.6
95.0 94.19 23.20 6.6
95.0 94.36 -16.40 6.4
95.0 94.36 37.18 6.1
95.0 94.46 -0.45 6.0
95.0 94.50 16.55 5.7
95.0 94.53 13.65 5.4
95.0 94.61 -3.88 5.3
95.0 94.68 -5.46 5.0
95.0 94.75 -6.89 4.9
95.0 94.81 -9.91 4.6
95.0 94.86 -10.79 4.9
95.0 94.96 -26.12 4.7
95.0 94.85 43.69 4.6
95.0 95.15 -112.52 4.6
95.0 95.27 -59.58 5.0
95.0 95.28 -26.27 5.6
95.0 95.23 -4.59 5.4
95.0 95.29 -43.14 5.3
95.0 95.35 -45.87 4.9
95.0 95.44 -68.02 5.9
95.0 95.29 24.11 6.0
95.0 95.39 -66.31 6.0
95.0 95.44 -51.36 6.1
95.0 95.33 8.87 6.1
95.0 95.58 -133.65 5.8
95.0 95.76 -119.23 6.2
95.0 95.87 -108.24 7.0
95.0 96.07 -153.60 7.7
95.0 96.19 -140.44 8.6
95.0 96.26 -133.69 9.2
95.0 96.52 -212.36 9.4
95.0 96.55 -145.84 10.8
95.0 96.43 -96.92 11.4
95.0 96.47 -141.34 11.6
95.0 96.72 -224.82 11.9
95.0 97.16 -255.00 12.7
95.0 97.18 -197.19 14.4
95.0 97.30 -246.30 14.8
95.0 97.41 -244.78 15.0
95.0 97.62 -255.00 16.8
95.0 97.54 -199.64 17.6
95.0 97.32 -150.28 18.3
95.0 97.22 -175.62 18.4
95.0 97.23 -208.66 18.4
95.0 96.81 -31.76 18.9
95.0 96.91 -206.01 17.9
95.0 97.40 -255.00 17.8
95.0 97.44 -238.02 18.9
95.0 97.43 -220.86 19.1
95.0 97.58 -255.00 19.9
95.0 97.72 -255.00 20.5
95.0 97.68 -224.45 21.2
95.0 97.59 -225.77 21.1
95.0 97.95 -255.00 21.9
95.0 97.94 -255.00 22.2
95.0 97.73 -190.74 22.7
95.0 97.54 -179.25 22.6
95.0 97.63 -255.00 22.6
95.0 97.65 -255.00 23.0
95.0 97.37 -124.61 24.3
95.0 97.53 -255.00 22.3
95.0 97.89 -255.00 22.6
95.0 98.10 -255.00 22.8
95.0 98.47 -255.00 23.9
95.0 98.74 -255.00 24.1
95.0 98.87 -255.00 24.8
95.0 98.72 -255.00 25.2
95.0 98.63 -255.00 24.7
95.0 98.66 -255.00 25.6
95.0 98.85 -255.00 25.7
95.0 98.70 -255.00 25.6
95.0 98.78 -255.00 25.8
95.0 98.53 -254.93 26.4
95.0 98.63 -255.00 25.6
95.0 98.71 -255.00 25.5
95.0 99.26 -255.00 25.6
95.0 99.02 -255.00 26.0
95.0 99.01 -255.00 25.8
95.0 98.84 -255.00 26.2
95.0 98.59 -240.39 26.2
95.0 98.74 -255.00 26.5
95.0 98.98 -255.00 25.9
95.0 98.92 -255.00 26.4
95.0 98.92 -255.00 26.0
95.0 98.87 -255.00 26.5
95.0 98.61 -241.60 26.5
95.0 98.64 -255.00 26.3
95.0 98.36 -228.82 26.8
95.0 98.16 -216.75 26.5
95.0 98.29 -255.00 25.8
95.0 98.41 -255.00 25.6
95.0 98.57 -255.00 26.2
95.0 98.77 -255.00 26.2
95.0 98.63 -255.00 26.2
95.0 98.40 -229.92 26.5
95.0 98.51 -255.00 26.2
95.0 98.66 -255.00 26.0
95.0 98.53 -255.00 26.2
95.0 98.62 -255.00 26.8
95.0 98.55 -255.00 26.4
95.0 98.32 -242.25 26.5
95.0 98.44 -255.00 26.2
95.0 98.33 -255.00 26.7
95.0 98.18 -255.00 26.4
95.0 98.25 -255.00 26.9
95.0 98.55 -255.00 27.2
95.0 98.87 -255.00 26.5
95.0 98.71 -255.00 26.9
95.0 99.26 -255.00 26.1
95.0 99.70 -255.00 26.5
95.0 99.79 -255.00 26.3
95.0 99.49 -255.00 26.5
95.0 99.03 -237.96 26.7
95.0 99.07 -255.00 26.6
95.0 98.95 -255.00 26.9
95.0 98.45 -173.01 26.6
95.0 98.39 -255.00 25.8
95.0 98.78 -255.00 25.2
95.0 98.97 -255.00 25.8
95.0 99.02 -255.00 25.6
95.0 98.80 -255.00 26.3
95.0 98.65 -255.00 26.2
95.0 98.79 -255.00 25.6
95.0 98.40 -199.97 25.6
95.0 98.04 -161.38 25.7
95.0 98.19 -255.00 25.0
95.0 98.26 -255.00 25.1
95.0 98.12 -245.78 25.1
95.0 97.99 -238.01 25.0
95.0 98.08 -255.00 25.2
95.0 98.01 -255.00 25.6
95.0 97.94 -238.75 25.4
95.0 98.09 -255.00 25.4
95.0 98.12 -255.00 25.4
95.0 98.67 -255.00 25.2
95.0 98.81 -255.00 25.3
95.0 98.87 -255.00 25.5
95.0 98.88 -255.00 25.6
95.0 98.83 -255.00 26.0
95.0 98.89 -255.00 25.8
95.0 99.01 -255.00 25.5
95.0 99.17 -255.00 25.4
95.0 99.04 -255.00 25.9
95.0 98.97 -255.00 25.9
95.0 98.71 -255.00 26.2
95.0 98.42 -214.38 26.0
95.0 98.52 -255.00 25.8
95.0 98.51 -255.00 25.6
95.0 98.24 -238.00 25.8
95.0 98.20 -255.00 25.2
95.0 98.07 -242.76 25.1
95.0 97.94 -235.29 25.3
95.0 98.04 -255.00 25.5
95.0 97.92 -220.51 25.2
95.0 97.66 -184.99 25.4
95.0 97.63 -221.72 24.7
95.0 97.71 -255.00 24.3
95.0 97.52 -177.85 24.7
95.0 97.60 -255.00 24.1
95.0 97.63 -239.14 24.3
95.0 97.40 -167.87 23.9
95.0 97.24 -150.11 23.7
95.0 97.20 -190.64 23.2
95.0 97.27 -219.31 22.8
95.0 97.22 -201.43 23.0
95.0 97.18 -180.27 22.1
95.0 97.53 -255.00 22.0
95.0 97.56 -244.99 22.5
95.0 97.59 -236.89 22.8
95.0 97.32 -134.82 22.9
95.0 97.27 -194.56 22.4
95.0 97.38 -250.96 22.0
95.0 97.43 -228.03 22.6
95.0 97.32 -192.25 22.4
95.0 97.27 -184.86 22.2
95.0 97.12 -154.12 21.9
95.0 96.99 -146.30 21.9
95.0 96.93 -158.04 21.1
95.0 96.87 -146.07 20.9
95.0 97.13 -255.00 20.3
95.0 97.15 -203.71 20.5
95.0 97.12 -185.50 21.0
95.0 96.99 -136.11 20.5
95.0 96.87 -147.89 20.3
95.0 96.77 -124.04 19.8
95.0 96.67 -126.93 19.2
95.0 96.49 -85.10 18.7
95.0 96.10 22.08 18.3
95.0 95.97 -36.25 17.2
95.0 96.16 -160.71 15.9
95.0 96.13 -89.07 15.7
95.0 96.10 -87.42 15.5
95.0 96.02 -61.65 14.9
95.0 95.95 -67.98 14.5
95.0 95.84 -35.99 13.6
95.0 95.89 -89.90 12.8
95.0 95.98 -117.25 13.1
95.0 95.82 -24.21 12.6
95.0 95.49 54.91 12.1
95.0 95.29 40.34 12.2
95.0 95.25 -6.87 11.3
95.0 95.21 -3.42 10.5
95.0 95.17 -3.21 9.7
95.0 95.14 -0.53 9.1
95.0 95.02 42.21 8.5
95.0 94.95 24.12 8.4
95.0 94.89 26.20 8.0
95.0 94.84 26.08 7.3
95.0 94.70 65.91 7.6
95.0 94.58 66.82 7.1
95.0 94.65 -7.32 7.7
95.0 94.63 31.29 6.9
95.0 94.70 -5.75 6.5
95.0 94.86 -49.48 6.2
95.0 94.72 60.72 6.0
95.0 94.64 48.90 5.9
95.0 94.56 50.13 6.1
95.0 94.41 87.45 5.8
95.0 94.40 36.17 6.2
95.0 94.26 90.62 6.0
95.0 94.32 17.17 6.1
95.0 94.47 -23.48 6.1
95.0 94.46 37.79 6.1
95.0 94.55 -5.58 5.8
95.0 94.44 69.86 5.0
95.0 94.34 72.04 5.4
95.0 94.25 74.00 5.5
95.0 94.12 93.49 5.8
95.0 93.75 202.02 6.1
95.0 93.67 108.95 7.1
95.0 93.65 87.16 7.6
95.0 93.63 87.61 7.6
95.0 93.57 102.85 8.3
95.0 93.56 97.55 8.2
95.0 93.59 66.47 8.3
95.0 93.72 27.32 8.0
95.0 93.51 156.37 7.9
95.0 93.50 94.76 8.5
95.0 93.19 210.69 8.8
95.0 92.83 249.22 9.3
95.0 92.89 118.58 10.6
95.0 92.95 109.79 10.6
95.0 92.82 175.89 10.9
95.0 93.22 -4.49 11.9
95.0 93.15 136.03 11.3
95.0 93.09 142.44 11.1
95.0 93.22 69.80 11.5
95.0 93.06 172.64 11.3
95.0 92.92 173.06 11.5
95.0 92.88 148.94 12.1
95.0 92.72 197.91 12.3
95.0 92.66 170.92 12.9
95.0 92.56 182.90 13.5
95.0 92.47 191.49 13.7
95.0 92.48 161.91 14.5
95.0 92.18 255.00 14.9
95.0 92.00 248.78 15.5
95.0 92.34 73.17 15.9
95.0 92.23 206.96 15.9
95.0 92.21 176.82 16.0
95.0 92.16 201.30 16.2
95.0 92.15 186.92 16.4
95.0 92.10 203.05 16.7
95.0 92.02 212.62 17.1
95.0 91.98 215.49 17.4
95.0 91.86 231.68 17.8
95.0 91.76 242.58 18.2
95.0 91.66 245.60 18.8
95.0 91.75 173.75 18.8
95.0 91.87 165.98 19.1
95.0 91.72 250.14 19.0
95.0 91.67 240.25 19.4
95.0 91.55 254.95 19.3
95.0 91.47 251.61 19.7
95.0 91.62 173.90 20.2
95.0 91.50 255.00 20.7
95.0 91.39 255.00 20.2
95.0 91.37 251.23 20.5
95.0 91.19 255.00 21.6
95.0 90.91 255.00 21.7
95.0 90.90 255.00 22.0
95.0 90.97 238.81 22.4
95.0 91.09 220.67 22.1
95.0 91.14 220.95 22.4
95.0 91.11 255.00 22.2
95.0 91.08 252.76 22.6
95.0 91.05 255.00 23.0
95.0 91.11 221.79 23.0
95.0 91.39 165.47 23.0
95.0 91.74 92.96 22.6
95.0 91.60 253.42 21.1
95.0 91.48 255.00 21.7
95.0 91.50 222.18 21.1
95.0 91.15 255.00 21.3
95.0 91.07 255.00 21.5
95.0 90.80 255.00 22.4
95.0 90.72 255.00 22.4
95.0 91.13 127.49 22.4
95.0 91.10 255.00 21.7
95.0 91.29 184.59 21.9
95.0 91.15 255.00 21.6
95.0 91.16 255.00 21.7
95.0 91.08 255.00 21.8
95.0 91.01 255.00 22.3
95.0 91.04 251.23 22.0
95.0 91.14 218.91 22.8
95.0 91.33 169.36 22.4
95.0 91.32 231.42 21.8
95.0 91.22 255.00 21.5
95.0 91.10 255.00 21.9
95.0 91.24 200.95 21.9
95.0 91.33 213.01 22.2
95.0 91.49 178.00 21.5
95.0 91.30 255.00 21.3
95.0 90.93 255.00 21.2
95.0 90.87 255.00 21.5
95.0 90.83 255.00 21.6
95.0 90.74 255.00 22.0
95.0 90.62 255.00 22.2
95.0 90.32 255.00 22.2
95.0 90.41 255.00 21.9
95.0 90.24 255.00 22.6
95.0 90.30 255.00 22.4
95.0 90.61 190.68 22.3
95.0 90.63 255.00 22.0
95.0 90.65 255.00 21.9
95.0 90.75 231.51 22.0
95.0 90.63 255.00 21.7
95.0 90.52 255.00 22.0
95.0 90.31 255.00 22.2
95.0 90.27 255.00 22.8
95.0 90.41 255.00 23.2
95.0 90.91 98.45 22.4
95.0 91.02 194.79 21.3
95.0 91.00 255.00 21.1
95.0 90.78 255.00 21.3
95.0 90.82 255.00 21.3
95.0 90.99 194.06 20.8
95.0 90.93 255.00 21.4
95.0 91.23 139.74 21.3
95.0 91.15 255.00 20.7
95.0 91.11 251.87 20.6
95.0 91.12 255.00 20.9
95.0 91.13 236.33 21.1
95.0 91.19 232.05 20.5
95.0 91.07 255.00 20.7
95.0 90.87 255.00 20.7
95.0 90.78 255.00 20.9
95.0 90.70 255.00 21.6
95.0 90.75 255.00 22.1
95.0 91.26 71.66 21.9
95.0 91.35 200.17 20.7
95.0 91.33 241.78 20.3
95.0 91.41 210.40 19.8
95.0 91.31 255.00 19.6
95.0 91.52 175.44 19.0
95.0 91.28 255.00 20.3
95.0 90.91 255.00 20.0
95.0 90.99 238.31 20.2
95.0 91.14 204.05 20.2
95.0 91.28 186.27 20.4
95.0 91.37 199.63 20.1
95.0 91.35 251.96 19.8
95.0 91.47 181.24 20.1
95.0 91.36 255.00 19.6
95.0 91.39 225.55 19.7
95.0 91.38 240.45 20.0
95.0 91.40 213.93 20.0
95.0 91.43 224.35 20.1
95.0 91.54 191.48 19.6
95.0 91.38 255.00 19.5
95.0 91.50 180.47 19.6
95.0 91.65 185.29 19.3
95.0 91.83 139.87 19.2
95.0 91.86 186.44 18.5
95.0 91.79 235.97 18.4
95.0 91.82 187.31 18.5
95.0 91.94 163.87 18.3
95.0 91.96 183.74 17.9
95.0 91.93 217.43 18.0
95.0 92.17 97.98 18.4
95.0 92.08 210.95 17.1
95.0 92.21 140.01 17.3
95.0 92.20 185.31 17.0
95.0 92.28 143.67 17.0
95.0 92.44 127.32 16.5
95.0 92.54 120.61 16.3
95.0 92.68 100.72 15.7
95.0 92.67 155.84 15.0
95.0 92.70 139.84 14.7
95.0 92.77 122.28 14.5
95.0 92.75 146.80 14.2
95.0 92.82 128.35 14.2
95.0 92.79 145.68 14.0
95.0 92.90 102.77 13.8
95.0 92.74 193.22 13.6
95.0 92.90 95.89 13.3
95.0 93.00 84.33 13.3
95.0 93.00 118.34 13.2
95.0 93.19 70.46 12.6
95.0 93.35 41.65 12.7
95.0 93.45 63.45 11.6
95.0 93.50 78.67 11.3
95.0 93.32 162.48 10.6
95.0 93.67 -28.23 10.9
95.0 93.79 43.37 10.6
95.0 93.80 70.65 10.6
95.0 93.95 16.45 9.6
95.0 93.95 60.48 9.4
95.0 94.04 21.93 9.1
95.0 94.12 28.87 8.5
95.0 94.19 19.33 8.0
95.0 94.21 40.40 7.8
95.0 94.13 76.55 7.7
95.0 94.40 -61.64 7.2
95.0 94.60 -35.50 7.3
95.0 94.72 -24.37 7.5
95.0 94.88 -40.23 7.2
95.0 94.88 8.18 6.7
95.0 94.97 -31.86 6.8
95.0 95.06 -32.98 6.7
95.0 95.08 -15.89 7.0
95.0 95.31 -97.26 6.6
95.0 95.31 -25.83 6.7
95.0 95.41 -66.66 6.5
95.0 95.66 -134.23 7.1
95.0 95.58 -26.66 8.2
95.0 95.65 -76.97 7.8
95.0 95.62 -45.08 7.8
95.0 95.64 -58.08 7.8
95.0 95.66 -58.87 7.8
95.0 95.83 -123.21 8.0
95.0 95.98 -129.96 8.0
95.0 96.06 -119.02 9.0
95.0 95.71 51.49 9.1
95.0 95.77 -84.15 9.3
95.0 96.03 -169.99 9.6
95.0 96.06 -102.16 9.9
95.0 96.09 -103.58 10.2
95.0 96.11 -108.97 10.5
95.0 96.39 -207.13 10.3
95.0 96.54 -187.89 11.8
95.0 96.42 -88.79 12.1
95.0 96.90 -255.00 11.4
95.0 96.79 -133.93 13.6
95.0 96.84 -185.35 14.1
95.0 96.95 -208.02 14.3
95.0 97.20 -255.00 14.5
95.0 97.54 -255.00 16.4
95.0 97.57 -235.88 17.1
95.0 97.40 -170.55 17.9
95.0 97.60 -255.00 18.3
95.0 97.90 -255.00 19.5
95.0 98.35 -255.00 19.7
95.0 98.52 -255.00 20.0
95.0 98.10 -148.86 20.9
95.0 97.78 -162.70 20.9
95.0 97.79 -255.00 20.9
95.0 97.40 -109.86 20.9
95.0 97.50 -249.54 20.6
95.0 97.53 -243.50 20.5
95.0 97.41 -187.35 21.5
95.0 97.51 -255.00 21.4
95.0 97.60 -255.00 22.5
95.0 98.01 -255.00 22.1
95.0 98.11 -255.00 23.2
95.0 98.65 -255.00 23.0
95.0 98.52 -255.00 23.6
95.0 98.91 -255.00 23.9
95.0 98.75 -255.00 24.1
95.0 98.82 -255.00 24.6
95.0 98.83 -255.00 24.5
95.0 98.79 -255.00 25.2
95.0 98.86 -255.00 25.2
95.0 98.71 -255.00 25.4
95.0 98.84 -255.00 26.0
95.0 98.64 -255.00 25.7
95.0 98.78 -255.00 26.2
95.0 98.38 -199.22 26.0
95.0 98.49 -255.00 26.0
95.0 98.82 -255.00 26.3
95.0 98.83 -255.00 26.0
95.0 98.73 -255.00 26.1
95.0 99.04 -255.00 26.2
95.0 99.03 -255.00 26.2
95.0 99.36 -255.00 26.4
95.0 99.32 -255.00 26.4
95.0 99.56 -255.00 26.5
95.0 99.55 -255.00 26.6
95.0 99.77 -255.00 26.6
95.0 99.80 -255.00 26.5
95.0 99.99 -255.00 26.6
95.0 100.00 -255.00 26.9
95.0 99.68 -255.00 26.5
95.0 99.83 -255.00 26.9
95.0 99.58 -255.00 26.5
95.0 99.63 -255.00 26.7
95.0 99.67 -255.00 26.7
95.0 99.88 -255.00 26.5
95.0 99.67 -255.00 26.9
95.0 99.77 -255.00 26.5
95.0 99.74 -255.00 26.9
95.0 99.82 -255.00 26.7
95.0 99.96 -255.00 26.9
95.0 99.91 -255.00 26.8
95.0 100.10 -255.00 26.5
95.0 100.15 -255.00 26.7
95.0 100.19 -255.00 26.1
95.0 100.18 -255.00 26.7
95.0 100.16 -255.00 26.6
95.0 100.38 -255.00 26.8
95.0 100.35 -255.00 26.7
95.0 100.93 -255.00 26.7
95.0 100.90 -255.00 26.5
95.0 100.87 -255.00 26.7
95.0 100.90 -255.00 26.7
95.0 100.81 -255.00 26.7
95.0 101.03 -255.00 27.0
95.0 101.22 -255.00 26.7
95.0 101.16 -255.00 26.6
95.0 101.10 -255.00 26.7
95.0 101.23 -255.00 26.2
95.0 101.46 -255.00 26.6
95.0 101.61 -255.00 26.6
95.0 101.51 -255.00 26.6
95.0 101.78 -255.00 26.6
95.0 101.84 -255.00 26.5
95.0 101.77 -255.00 26.5
95.0 101.66 -255.00 27.5
95.0 101.67 -255.00 26.9
95.0 101.50 -255.00 26.9
95.0 101.14 -255.00 26.5
95.0 101.14 -255.00 26.7
95.0 100.92 -255.00 26.6
95.0 100.67 -255.00 26.9
95.0 100.33 -255.00 26.4
95.0 100.19 -255.00 26.4
95.0 100.29 -255.00 26.0
95.0 100.21 -255.00 26.3
95.0 100.25 -255.00 26.7
95.0 100.34 -255.00 26.6
95.0 100.20 -255.00 25.8
95.0 99.76 -255.00 26.7
95.0 99.85 -255.00 26.3
95.0 100.41 -255.00 26.7
95.0 100.49 -255.00 26.8
95.0 100.12 -255.00 26.3
95.0 100.00 -255.00 26.4
95.0 99.95 -255.00 26.0
95.0 99.44 -237.86 26.4
95.0 99.50 -255.00 26.0
95.0 99.73 -255.00 26.2
95.0 99.65 -255.00 26.5
95.0 99.92 -255.00 26.1
95.0 99.82 -255.00 25.6
95.0 99.42 -255.00 26.1
95.0 99.37 -255.00 26.6
95.0 99.73 -255.00 26.0
95.0 99.70 -255.00 25.8
95.0 99.27 -244.44 26.2
95.0 99.07 -255.00 26.3
95.0 99.28 -255.00 26.0
95.0 99.09 -255.00 25.7
95.0 98.86 -255.00 26.1
95.0 98.87 -255.00 26.4
95.0 99.22 -255.00 26.0
95.0 99.19 -255.00 25.8
95.0 98.95 -255.00 26.0
95.0 98.95 -255.00 26.3
95.0 99.29 -255.00 26.0
95.0 99.31 -255.00 25.6
95.0 98.86 -249.40 26.1
95.0 98.71 -255.00 26.3
95.0 98.90 -255.00 25.4
95.0 98.74 -255.00 25.6
95.0 98.55 -255.00 26.0
95.0 98.48 -255.00 26.1
95.0 98.69 -255.00 25.8
95.0 98.61 -255.00 25.9
95.0 98.48 -255.00 25.9
95.0 98.42 -255.00 25.4
95.0 98.06 -179.99 25.8
95.0 97.99 -241.58 25.5
95.0 97.88 -244.30 24.5
95.0 97.48 -99.14 25.1
95.0 97.47 -212.76 24.4
95.0 97.56 -252.83 24.1
95.0 97.59 -255.00 23.8
95.0 97.67 -255.00 24.1
95.0 97.39 -139.13 24.3
95.0 97.28 -179.36 23.7
95.0 97.45 -255.00 23.6
95.0 97.09 -77.94 23.3
95.0 97.12 -201.79 22.1
95.0 97.19 -215.12 21.9
95.0 97.10 -168.73 22.0
95.0 97.13 -202.46 21.8
95.0 97.10 -175.55 21.3
95.0 96.83 -90.21 21.1
95.0 96.49 -18.24 20.5
95.0 96.37 -93.32 19.4
95.0 96.42 -133.44 18.0
95.0 96.46 -145.88 18.3
95.0 96.99 -255.00 17.8
95.0 97.13 -235.90 18.3
95.0 97.05 -156.03 19.2
95.0 97.18 -246.11 18.6
95.0 97.00 -120.38 19.3
95.0 97.19 -255.00 18.7
95.0 97.31 -246.86 19.2
95.0 97.21 -175.24 19.9
95.0 96.79 -30.86 19.8
95.0 96.55 -73.52 18.5
95.0 96.53 -121.02 17.6
95.0 96.51 -132.67 16.8
95.0 96.44 -106.07 16.8
95.0 96.38 -115.40 16.7
95.0 96.18 -43.53 16.0
95.0 96.00 -33.70 15.3
95.0 95.88 -43.30 14.4
95.0 95.83 -56.39 13.3
95.0 95.93 -109.46 12.9
95.0 95.59 42.58 12.8
95.0 95.66 -78.77 12.4
95.0 95.58 -23.24 12.1
95.0 95.71 -99.47 11.6
95.0 95.67 -47.72 10.6
95.0 95.59 -27.17 11.1
95.0 95.28 72.46 10.2
95.0 95.24 -8.17 10.1
95.0 95.01 73.80 9.3
95.0 95.15 -55.21 9.1
95.0 95.16 -19.47 9.5
95.0 95.09 17.68 8.6
95.0 94.97 41.14 8.2
95.0 95.00 -13.31 8.0
95.0 94.99 5.25 7.7
95.0 94.88 46.84 7.0
95.0 94.74 65.33 6.8
95.0 94.75 10.97 7.5
95.0 94.71 29.40 6.6
95.0 94.68 30.14 6.9
95.0 94.51 87.03 5.9
95.0 94.54 15.48 6.3
95.0 94.26 140.01 6.3
95.0 94.08 111.17 6.5
95.0 94.02 80.88 7.1
95.0 94.15 1.09 7.3
95.0 94.08 77.72 7.0
95.0 94.02 77.41 7.4
95.0 94.01 59.48 7.4
95.0 93.91 99.97 7.0
95.0 93.91 61.18 6.9
95.0 93.91 64.46 7.4
95.0 93.77 117.07 7.3
95.0 93.78 74.92 7.3
95.0 93.80 63.02 7.6
95.0 93.72 100.36 7.6
95.0 93.55 140.75 7.8
95.0 93.73 22.37 8.1
95.0 93.66 103.90 8.4
95.0 93.29 223.94 8.4
95.0 93.21 138.51 9.1
95.0 93.15 131.76 9.8
95.0 93.04 150.48 10.2
95.0 92.82 208.97 10.6
95.0 93.22 -4.50 11.8
95.0 93.38 48.71 11.0
95.0 93.21 162.98 10.6
95.0 92.93 221.70 10.7
95.0 92.89 143.08 11.0
95.0 93.04 82.91 12.0
95.0 92.99 135.25 12.1
95.0 92.90 168.29 12.1
95.0 92.86 143.77 12.5
95.0 92.83 144.64 12.9
95.0 92.59 234.07 12.9
95.0 92.81 64.03 14.1
95.0 92.79 145.86 13.5
95.0 92.76 146.51 13.4
95.0 92.70 175.68 13.5
95.0 92.82 97.07 14.2
95.0 92.74 162.52 13.8
95.0 92.72 154.02 13.9
95.0 92.75 138.20 14.0
95.0 92.82 113.17 14.1
95.0 92.75 173.76 13.9
95.0 92.68 164.17 14.1
95.0 92.67 149.00 14.4
95.0 92.57 188.31 14.4
95.0 92.48 191.18 14.6
95.0 92.35 209.52 15.2
95.0 92.28 190.27 15.9
95.0 92.40 143.59 16.1
95.0 92.37 172.61 16.6
95.0 92.13 255.00 16.4
95.0 92.26 128.22 17.2
95.0 92.43 127.98 17.1
95.0 92.57 103.59 16.8
95.0 92.66 125.85 16.0
95.0 92.52 204.27 15.6
95.0 92.43 186.26 15.9
95.0 92.36 195.05 16.2
95.0 92.37 165.11 15.8
95.0 92.01 255.00 16.6
95.0 92.06 165.25 17.3
95.0 91.98 221.27 16.8
95.0 91.91 223.66 17.8
95.0 91.93 194.09 18.1
95.0 91.94 184.10 18.3
95.0 91.79 255.00 17.9
95.0 91.37 255.00 18.5
95.0 91.35 241.18 19.5
95.0 91.13 255.00 19.4
95.0 91.23 203.29 20.6
95.0 90.86 255.00 20.1
95.0 90.90 242.61 20.5
95.0 90.93 255.00 20.2
95.0 91.01 224.63 20.7
95.0 91.30 153.65 21.1
95.0 91.25 255.00 20.9
95.0 91.20 255.00 20.9
95.0 91.16 250.49 20.9
95.0 91.44 163.80 21.9
95.0 91.25 255.00 21.1
95.0 90.96 255.00 21.1
95.0 90.95 255.00 21.7
95.0 90.93 255.00 21.5
95.0 90.96 253.59 21.8
95.0 90.86 255.00 22.2
95.0 90.90 255.00 22.4
95.0 90.81 255.00 22.2
95.0 90.89 241.42 22.1
95.0 90.76 255.00 22.6
95.0 90.76 255.00 22.8
95.0 90.90 212.27 22.5
95.0 91.06 206.70 23.5
95.0 90.75 255.00 22.4
95.0 90.80 255.00 22.6
95.0 90.72 255.00 22.4
95.0 90.90 226.74 21.9
95.0 91.20 140.59 22.4
95.0 91.25 218.20 22.0
95.0 91.16 255.00 21.5
95.0 91.34 182.80 22.1
95.0 91.16 255.00 21.7
95.0 91.26 202.53 21.7
95.0 91.34 224.75 21.3
95.0 91.25 255.00 21.3
95.0 91.04 255.00 21.3
95.0 91.10 234.83 22.0
95.0 91.03 255.00 21.7
95.0 91.13 205.85 21.5
95.0 91.32 183.50 21.9
95.0 91.23 255.00 21.4
95.0 91.23 233.84 21.5
95.0 91.27 229.41 21.5
95.0 91.18 255.00 21.5
95.0 91.32 198.56 21.0
95.0 91.40 198.82 21.2
95.0 91.42 235.71 20.7
95.0 91.49 196.29 21.3
95.0 91.51 221.92 21.0
95.0 91.66 160.52 20.8
95.0 91.45 255.00 20.3
95.0 91.56 178.98 20.4
95.0 91.44 255.00 20.2
95.0 91.55 191.26 20.4
95.0 91.56 209.75 20.4
95.0 91.66 187.79 20.3
95.0 91.57 239.48 19.7
95.0 91.54 245.21 19.8
95.0 91.46 242.38 19.6
95.0 91.53 206.67 20.5
95.0 91.37 255.00 19.7
95.0 91.40 225.27 20.4
95.0 91.43 213.32 20.2
95.0 91.28 255.00 20.5
95.0 91.45 165.99 19.5
95.0 91.79 106.50 20.0
95.0 91.91 153.61 19.6
95.0 91.93 193.93 18.9
95.0 91.99 177.22 18.6
95.0 92.05 165.75 18.8
95.0 92.38 84.51 18.5
95.0 92.39 148.34 17.6
95.0 92.36 180.24 17.0
95.0 92.38 156.76 16.7
95.0 92.44 156.54 16.9
95.0 92.41 171.59 16.5
95.0 92.42 163.63 16.4
95.0 92.52 130.22 16.0
95.0 92.48 176.50 16.1
95.0 92.53 136.93 15.9
95.0 92.62 127.06 15.7
95.0 92.66 141.08 15.5
95.0 92.65 149.56 15.0
95.0 92.64 156.77 14.9
95.0 92.63 157.07 15.1
95.0 92.90 55.38 14.7
95.0 92.95 102.49 14.4
95.0 93.05 105.40 13.8
95.0 93.09 105.96 12.9
95.0 93.08 127.82 13.1
95.0 92.89 192.38 12.9
95.0 93.00 99.87 12.9
95.0 93.18 45.41 13.0
95.0 93.21 96.91 11.8
95.0 93.10 157.00 12.3
95.0 93.18 87.35 11.8
95.0 93.07 153.76 11.7
95.0 92.76 238.67 11.7
95.0 92.78 137.19 12.3
95.0 93.04 41.05 12.4
95.0 93.13 88.77 12.1
95.0 93.25 68.95 11.7
95.0 93.14 148.43 11.4
95.0 93.26 75.89 11.2
95.0 93.37 65.70 11.2
95.0 93.24 149.08 10.8
95.0 93.45 29.88 10.6
95.0 93.55 61.01 10.4
95.0 93.58 76.48 10.2
95.0 93.71 39.93 9.9
95.0 93.78 44.98 9.5
95.0 93.88 29.99 8.9
95.0 93.98 27.86 8.8
95.0 94.07 21.44 8.2
95.0 94.01 79.39 7.6
95.0 94.19 -12.70 7.6
95.0 94.30 7.03 7.3
95.0 94.31 33.78 7.0
95.0 94.56 -64.28 6.7
95.0 94.59 17.89 6.3
95.0 94.66 -7.51 6.5
95.0 94.73 -6.52 6.3
95.0 94.79 -9.65 6.1
95.0 94.80 9.90 6.1
95.0 94.85 -10.65 5.4
95.0 94.90 -10.22 5.3
95.0 94.90 8.23 5.4
95.0 94.99 -34.24 4.9
95.0 95.07 -32.47 5.1
95.0 95.20 -57.43 5.2
95.0 95.41 -102.22 5.3
95.0 95.50 -71.53 5.6
95.0 95.49 -33.27 6.3
95.0 95.10 112.11 6.3
95.0 95.23 -57.40 6.5
95.0 95.44 -103.45 6.6
95.0 95.58 -92.25 6.3
95.0 95.46 -4.14 7.3
95.0 95.54 -71.79 6.9
95.0 95.62 -75.61 7.2
95.0 95.69 -80.16 7.4
95.0 95.91 -144.77 7.4
95.0 95.95 -95.94 8.0
95.0 95.94 -70.79 8.5
95.0 95.93 -78.08 8.9
95.0 95.97 -90.42 8.9
95.0 95.95 -71.41 8.8
95.0 96.47 -255.00 9.1
95.0 96.72 -224.91 10.2
95.0 96.39 -34.52 11.3
95.0 96.70 -240.18 11.5
95.0 96.82 -206.00 12.2
95.0 96.82 -160.23 13.4
95.0 97.08 -255.00 13.9
95.0 97.06 -181.96 15.3
95.0 96.93 -142.72 15.5
95.0 96.97 -185.94 15.7
95.0 97.06 -222.24 16.1
95.0 97.25 -253.94 16.6
95.0 97.42 -255.00 17.9
95.0 97.02 -58.67 18.3
95.0 97.00 -178.58 17.9
95.0 97.04 -189.24 17.6
95.0 97.33 -255.00 18.1
95.0 97.44 -254.66 18.6
95.0 97.64 -255.00 19.1
95.0 97.94 -255.00 20.4
95.0 97.93 -255.00 20.7
95.0 97.92 -255.00 21.3
95.0 97.97 -255.00 21.9
95.0 98.07 -255.00 22.4
95.0 98.05 -255.00 23.3
95.0 98.08 -255.00 22.9
95.0 98.45 -255.00 23.5
95.0 98.50 -255.00 23.7
95.0 98.82 -255.00 24.3
95.0 99.00 -255.00 25.0
95.0 98.94 -255.00 24.8
95.0 98.78 -255.00 24.8
95.0 98.85 -255.00 24.7
95.0 99.26 -255.00 25.5
95.0 98.87 -222.62 25.5
95.0 98.93 -255.00 25.5
95.0 98.87 -255.00 25.4
95.0 98.94 -255.00 25.2
95.0 99.28 -255.00 25.5
95.0 99.47 -255.00 25.9
95.0 99.47 -255.00 26.0
95.0 99.58 -255.00 26.1
95.0 99.41 -255.00 26.7
95.0 99.05 -255.00 26.1
95.0 99.04 -255.00 26.4
95.0 99.08 -255.00 26.2
95.0 99.35 -255.00 26.2
95.0 99.47 -255.00 26.0
95.0 100.08 -255.00 26.4
95.0 99.80 -255.00 26.3
95.0 100.06 -255.00 26.7
95.0 100.06 -255.00 26.5
95.0 100.11 -255.00 26.7
95.0 100.40 -255.00 27.5
95.0 100.30 -255.00 26.3
95.0 100.45 -255.00 27.1
95.0 100.35 -255.00 26.5
95.0 100.61 -255.00 26.8
95.0 100.18 -255.00 26.6
95.0 99.85 -255.00 26.7
95.0 99.87 -255.00 26.7
95.0 100.18 -255.00 27.1
95.0 100.22 -255.00 27.1
95.0 100.56 -255.00 26.8
95.0 100.23 -255.00 26.8
95.0 100.16 -255.00 26.6
95.0 100.15 -255.00 26.7
95.0 100.13 -255.00 26.6
95.0 100.18 -255.00 27.4
95.0 100.00 -255.00 26.3
95.0 100.00 -255.00 26.9
95.0 100.06 -255.00 26.5
95.0 99.95 -255.00 26.6
95.0 100.02 -255.00 26.8
95.0 100.07 -255.00 26.6
95.0 100.13 -255.00 27.7
95.0 99.95 -255.00 26.5
95.0 99.64 -255.00 26.7
95.0 99.62 -255.00 27.1
95.0 99.40 -255.00 26.8
95.0 99.24 -255.00 26.6
95.0 99.38 -255.00 26.7
95.0 99.28 -255.00 26.6
95.0 99.19 -255.00 27.3
95.0 99.16 -255.00 26.6
95.0 98.93 -255.00 26.6
95.0 98.98 -255.00 27.0
95.0 98.82 -255.00 26.8
95.0 98.94 -255.00 26.7
95.0 98.94 -255.00 26.9
95.0 99.05 -255.00 26.5
95.0 99.04 -255.00 27.1
95.0 98.97 -255.00 26.3
95.0 98.86 -255.00 26.6
95.0 99.03 -255.00 26.5
95.0 99.25 -255.00 26.5
95.0 99.62 -255.00 25.6
95.0 99.61 -255.00 25.8
95.0 99.82 -255.00 26.3
95.0 99.90 -255.00 25.8
95.0 99.97 -255.00 26.3
95.0 100.27 -255.00 26.7
95.0 100.13 -255.00 26.2
95.0 100.24 -255.00 26.5
95.0 100.16 -255.00 26.2
95.0 100.09 -255.00 26.3
95.0 100.09 -255.00 26.0
95.0 99.61 -255.00 26.9
95.0 99.33 -255.00 26.3
95.0 99.24 -255.00 26.7
95.0 99.15 -255.00 26.5
95.0 99.41 -255.00 26.1
95.0 99.48 -255.00 26.0
95.0 99.42 -255.00 26.3
95.0 99.27 -255.00 26.7
95.0 99.23 -255.00 26.3
95.0 99.26 -255.00 26.3
95.0 99.33 -255.00 26.0
95.0 99.89 -255.00 26.0
95.0 100.19 -255.00 26.3
95.0 100.29 -255.00 26.3
95.0 100.21 -255.00 26.2
95.0 99.98 -255.00 25.6
95.0 100.27 -255.00 26.3
95.0 100.48 -255.00 26.3
95.0 100.33 -255.00 26.0
95.0 100.13 -255.00 25.6
95.0 100.18 -255.00 26.4
95.0 99.46 -205.01 26.2
95.0 99.46 -255.00 25.8
95.0 99.20 -255.00 25.9
95.0 99.34 -255.00 25.6
95.0 99.41 -255.00 25.4
95.0 99.31 -255.00 25.9
95.0 99.06 -255.00 26.7
95.0 98.89 -255.00 25.4
95.0 98.95 -255.00 25.8
95.0 99.00 -255.00 25.3
95.0 98.58 -191.00 26.1
95.0 98.31 -225.50 25.6
95.0 98.37 -255.00 25.2
95.0 98.32 -255.00 25.0
95.0 98.43 -255.00 24.5
95.0 98.59 -255.00 25.5
95.0 98.63 -255.00 25.4
95.0 98.50 -255.00 25.3
95.0 99.07 -255.00 25.0
95.0 99.06 -255.00 25.4
95.0 98.83 -255.00 25.8
95.0 98.48 -220.54 25.2
95.0 98.37 -255.00 25.0
95.0 98.27 -255.00 25.2
95.0 98.39 -255.00 25.1
95.0 98.28 -255.00 25.7
95.0 98.19 -255.00 25.9
95.0 98.05 -227.74 25.3
95.0 97.98 -255.00 24.8
95.0 98.30 -255.00 25.2
95.0 98.53 -255.00 25.1
95.0 98.36 -255.00 25.5
95.0 98.26 -255.00 25.6
95.0 98.22 -255.00 25.4
95.0 98.18 -255.00 25.2
95.0 98.00 -207.86 25.6
95.0 97.73 -175.14 25.9
95.0 97.64 -217.05 24.8
95.0 97.56 -212.16 24.3
95.0 97.49 -196.76 23.9
95.0 96.90 -8.66 23.5
95.0 96.38 49.73 22.3
95.0 96.37 -113.54 21.0
95.0 96.32 -99.56 20.6
95.0 96.12 -40.69 19.8
95.0 96.14 -106.60 18.5
95.0 96.32 -167.28 17.8
95.0 96.42 -164.06 17.7
95.0 96.36 -101.77 17.7
95.0 96.35 -123.61 17.1
95.0 96.25 -86.14 16.5
95.0 96.07 -37.48 16.4
95.0 96.14 -119.94 15.3
95.0 96.06 -74.56 14.6
95.0 96.09 -103.49 14.7
95.0 95.92 -35.42 14.2
95.0 95.91 -73.30 13.4
95.0 95.80 -43.61 12.8
95.0 95.85 -88.13 12.3
95.0 95.85 -74.00 12.1
95.0 95.75 -36.13 11.7
95.0 95.57 5.42 11.5
95.0 95.59 -54.14 10.6
95.0 95.57 -39.47 9.9
95.0 95.50 -22.16 9.7
95.0 95.43 -13.06 9.1
95.0 95.52 -71.82 8.4
95.0 95.45 -14.01 8.3
95.0 95.44 -35.30 8.2
95.0 95.38 -10.97 8.3
95.0 95.28 10.96 7.3
95.0 95.05 67.91 6.9
95.0 94.80 99.74 6.9
95.0 94.76 28.36 7.6
95.0 94.72 29.11 7.0
95.0 94.78 -5.90 7.0
95.0 94.70 47.93 6.5
95.0 94.66 30.09 6.1
95.0 94.63 31.10 6.3
95.0 94.61 31.66 6.1
95.0 94.63 13.52 5.6
95.0 94.56 50.19 5.4
95.0 94.40 87.51 5.4
95.0 94.26 90.62 6.0
95.0 94.14 93.31 6.0
95.0 94.02 95.93 6.8
95.0 94.01 62.19 6.5
95.0 94.24 -32.29 6.7
95.0 94.12 93.84 6.3
95.0 94.14 38.83 6.0
95.0 93.98 113.66 6.5
95.0 93.97 62.95 6.9
95.0 93.92 81.23 7.1
95.0 93.83 98.46 7.3
95.0 93.98 10.01 7.4
95.0 93.93 81.13 7.1
95.0 94.07 2.52 7.0
95.0 93.91 114.90 6.8
95.0 93.87 82.42 6.8
95.0 93.56 187.02 6.7
95.0 93.50 107.27 8.2
95.0 93.45 112.14 8.4
95.0 93.45 96.17 8.0
95.0 93.50 68.03 8.8
95.0 93.49 90.65 8.9
95.0 93.40 126.26 8.8
95.0 93.36 114.72 9.6
95.0 93.65 -19.38 9.5
95.0 93.50 142.25 9.1
95.0 93.45 112.30 9.4
95.0 93.36 127.15 9.7
95.0 93.23 149.43 10.0
95.0 93.21 123.77 10.1
95.0 93.14 140.85 11.0
95.0 93.13 120.96 10.7
95.0 93.02 163.81 11.8
95.0 92.93 157.52 11.3
95.0 92.59 255.00 12.1
95.0 92.68 117.00 12.8
95.0 92.71 139.51 13.1
95.0 92.65 171.19 13.2
95.0 92.68 132.87 13.9
95.0 92.62 178.25 13.4
95.0 92.94 26.39 14.2
95.0 92.86 159.42 13.4
95.0 92.70 198.63 13.4
95.0 92.59 187.52 14.2
95.0 92.29 255.00 14.4
95.0 92.27 183.16 15.0
95.0 92.17 215.41 15.8
95.0 92.12 202.63 16.6
95.0 91.74 255.00 16.4
95.0 91.73 214.78 17.0
95.0 91.77 199.05 18.1
95.0 91.98 119.50 17.8
95.0 91.99 201.09 17.7
95.0 91.96 198.95 17.6
95.0 91.80 255.00 18.5
95.0 91.62 255.00 18.3
95.0 91.67 212.93 19.2
95.0 91.89 121.96 19.8
95.0 91.35 255.00 18.9
95.0 91.51 177.43 19.1
95.0 91.44 252.57 19.4
95.0 91.34 255.00 19.5
95.0 91.74 76.10 18.9
95.0 91.68 230.66 19.5
95.0 91.64 222.74 19.4
95.0 91.56 248.94 19.8
95.0 91.32 255.00 19.8
95.0 91.31 242.63 20.2
95.0 91.48 165.36 21.0
95.0 91.49 233.11 20.5
95.0 91.51 211.07 20.5
95.0 91.40 255.00 20.5
95.0 91.47 196.87 20.5
95.0 91.44 248.61 21.0
95.0 91.38 244.66 20.9
95.0 91.50 180.56 21.5
95.0 91.47 247.69 20.6
95.0 91.28 255.00 21.1
95.0 91.23 255.00 21.1
95.0 91.32 213.33 21.5
95.0 91.18 255.00 21.7
95.0 91.36 168.37 22.0
95.0 91.35 241.26 21.7
95.0 91.30 255.00 21.8
95.0 91.29 243.20 21.7
95.0 91.24 248.42 22.1
95.0 91.42 193.74 21.9
95.0 91.66 128.07 22.0
95.0 91.54 255.00 21.2
95.0 91.55 220.58 21.0
95.0 91.52 235.98 21.3
95.0 91.32 255.00 21.3
95.0 91.27 247.64 21.1
95.0 91.63 126.94 22.4
95.0 91.76 157.59 21.7
95.0 91.71 229.85 20.6
95.0 91.71 215.62 20.5
95.0 91.66 231.51 21.0
95.0 91.33 255.00 20.7
95.0 91.32 242.27 20.8
95.0 91.44 194.67 21.7
95.0 91.42 228.66 21.1
95.0 91.40 239.67 21.3
95.0 91.18 255.00 20.7
95.0 90.97 255.00 21.1
95.0 91.13 190.41 21.4
95.0 91.18 244.37 20.3
95.0 91.55 98.01 20.4
95.0 91.56 209.70 20.5
95.0 91.49 241.82 20.0
95.0 91.42 255.00 20.3
95.0 91.49 196.40 20.5
95.0 91.50 222.04 20.4
95.0 91.48 237.29 20.0
95.0 91.72 126.61 20.4
95.0 91.80 183.25 20.0
95.0 91.79 203.62 19.6
95.0 91.77 222.94 19.6
95.0 91.64 252.54 19.6
95.0 91.68 201.81 19.6
95.0 91.64 232.20 19.5
95.0 91.82 152.57 19.7
95.0 91.80 203.23 19.6
95.0 91.88 191.32 19.3
95.0 91.94 168.55 19.7
95.0 91.70 255.00 18.9
95.0 91.74 189.46 18.9
95.0 91.82 193.22 18.7
95.0 91.72 235.48 18.9
95.0 92.03 84.98 19.0
95.0 92.51 17.84 18.6
95.0 92.70 73.59 17.2
95.0 92.60 181.86 16.6
95.0 92.59 151.11 16.6
95.0 92.50 196.72 16.2
95.0 92.41 186.76 16.1
95.0 92.47 147.04 16.2
95.0 92.43 177.98 16.1
95.0 92.36 195.00 15.6
95.0 92.47 122.72 16.1
95.0 92.52 145.56 16.2
95.0 92.30 239.23 15.6
95.0 92.33 158.16 16.1
95.0 92.26 198.01 16.1
95.0 92.47 100.78 16.2
95.0 92.53 145.35 16.1
95.0 92.62 118.64 15.4
95.0 92.61 164.71 14.8
95.0 92.69 116.60 14.9
95.0 93.01 35.64 14.8
95.0 93.05 106.98 14.0
95.0 93.18 78.30 13.6
95.0 93.12 132.37 13.0
95.0 93.15 104.26 12.7
95.0 93.27 82.35 13.1
95.0 93.25 112.94 12.6
95.0 92.84 255.00 12.1
95.0 93.04 67.04 12.6
95.0 92.81 206.05 12.4
95.0 92.88 111.63 12.5
95.0 92.93 117.19 12.5
95.0 93.13 64.24 12.3
95.0 93.25 68.91 12.5
95.0 93.09 165.56 11.2
95.0 93.32 42.13 11.8
95.0 93.52 28.11 11.4
95.0 93.60 53.72 11.1
95.0 93.59 92.50 10.5
95.0 93.57 92.88 9.7
95.0 93.70 33.96 9.7
95.0 93.82 25.64 9.1
95.0 93.92 29.17 8.9
95.0 94.11 -11.03 8.5
95.0 94.23 4.42 7.8
95.0 94.25 37.05 7.8
95.0 94.26 39.31 7.4
95.0 94.09 111.07 7.5
95.0 94.12 42.45 7.1
95.0 94.19 19.36 7.6
95.0 94.26 25.16 7.1
95.0 94.37 -2.49 6.5
95.0 94.37 36.99 6.1
95.0 94.23 91.74 6.1
95.0 94.44 -36.62 6.2
95.0 94.48 19.18 5.8
95.0 94.57 -5.84 5.7
95.0 94.50 51.78 5.6
95.0 94.58 -6.14 5.4
95.0 95.02 -146.25 5.4
95.0 95.15 -53.62 5.8
95.0 95.12 -0.62 6.3
95.0 95.29 -80.09 6.1
95.0 95.29 -25.03 6.3
95.0 95.30 -26.33 6.4
95.0 95.21 11.79 6.1
95.0 95.22 -21.81 6.1
95.0 95.09 36.66 5.6
95.0 95.37 -121.64 5.5
95.0 95.61 -128.96 6.1
95.0 95.49 -2.15 7.0
95.0 95.62 -94.49 6.7
95.0 95.69 -80.34 6.7
95.0 95.76 -83.41 7.1
95.0 95.67 -23.18 6.8
95.0 95.78 -103.68 7.3
95.0 95.79 -67.43 7.4
95.0 95.51 52.63 7.6
95.0 95.64 -95.13 7.5
95.0 95.81 -121.68 7.6
95.0 95.86 -91.11 7.6
95.0 96.11 -173.40 8.6
95.0 96.13 -110.32 9.1
95.0 96.47 -228.86 9.5
95.0 96.45 -123.54 10.3
95.0 96.76 -245.18 11.1
95.0 96.66 -134.24 11.9
95.0 96.78 -192.81 12.8
95.0 96.84 -185.05 13.6
95.0 96.64 -94.12 14.1
95.0 96.46 -66.29 14.6
95.0 96.50 -142.77 13.6
95.0 96.48 -131.15 13.5
95.0 96.89 -255.00 14.0
95.0 96.99 -204.08 15.1
95.0 97.13 -242.60 15.5
95.0 97.31 -255.00 16.2
95.0 97.16 -156.36 16.8
95.0 97.08 -157.59 17.7
95.0 97.21 -247.79 17.7
95.0 97.22 -199.42 18.1
95.0 97.29 -228.51 18.3
95.0 97.29 -212.29 18.8
95.0 97.24 -193.22 19.8
95.0 97.41 -255.00 19.8
95.0 97.51 -255.00 20.0
95.0 97.82 -255.00 20.4
95.0 97.88 -255.00 21.1
95.0 97.72 -205.91 21.6
95.0 97.48 -160.20 22.0
95.0 97.57 -253.67 21.6
95.0 97.82 -255.00 21.9
95.0 97.77 -229.48 22.0
95.0 97.89 -255.00 22.4
95.0 98.05 -255.00 23.0
95.0 98.19 -255.00 23.4
95.0 98.21 -255.00 23.2
95.0 97.83 -150.48 24.1
95.0 97.78 -241.61 23.5
95.0 97.89 -255.00 23.7
95.0 98.46 -255.00 24.0
95.0 98.85 -255.00 24.3
95.0 98.70 -255.00 25.0
95.0 99.13 -255.00 24.8
95.0 99.33 -255.00 25.0
95.0 99.52 -255.00 24.9
95.0 99.51 -255.00 24.7
95.0 99.09 -255.00 25.5
95.0 98.92 -255.00 25.4
95.0 99.09 -255.00 25.8
95.0 99.24 -255.00 25.8
95.0 99.37 -255.00 25.4
95.0 99.07 -255.00 25.8
95.0 99.05 -255.00 26.6
95.0 99.10 -255.00 26.3
95.0 99.36 -255.00 25.9
95.0 99.27 -255.00 26.1
95.0 99.29 -255.00 26.3
95.0 99.31 -255.00 26.7
95.0 99.49 -255.00 26.2
95.0 99.66 -255.00 26.4
95.0 99.64 -255.00 26.0
95.0 99.26 -255.00 26.2
95.0 99.23 -255.00 26.5
95.0 99.54 -255.00 26.5
95.0 99.65 -255.00 26.2
95.0 99.36 -255.00 26.2
95.0 99.43 -255.00 26.5
95.0 99.66 -255.00 26.0
95.0 99.70 -255.00 26.3
95.0 99.52 -255.00 26.6
95.0 99.86 -255.00 26.5
95.0 100.05 -255.00 26.5
95.0 100.16 -255.00 26.5
95.0 100.04 -255.00 26.3
95.0 99.93 -255.00 26.5
95.0 100.05 -255.00 26.5
95.0 100.11 -255.00 26.5
95.0 100.04 -255.00 26.5
95.0 100.04 -255.00 26.6
95.0 100.16 -255.00 26.5
95.0 100.20 -255.00 26.6
95.0 100.36 -255.00 26.3
95.0 100.32 -255.00 26.3
95.0 100.24 -255.00 26.3
95.0 100.05 -255.00 26.5
95.0 99.83 -255.00 26.5
95.0 99.85 -255.00 26.9
95.0 100.36 -255.00 26.7
95.0 100.94 -255.00 26.2
95.0 100.74 -255.00 25.6
95.0 100.67 -255.00 25.8
95.0 100.60 -255.00 26.5
95.0 100.60 -255.00 26.4
95.0 100.60 -255.00 26.5
95.0 100.49 -255.00 26.3
95.0 100.56 -255.00 26.3
95.0 100.45 -255.00 26.2
95.0 100.30 -255.00 26.3
95.0 100.16 -255.00 26.2
95.0 100.20 -255.00 26.5
95.0 100.19 -255.00 26.5
95.0 100.01 -255.00 26.3
95.0 100.24 -255.00 26.5
95.0 100.45 -255.00 26.7
95.0 100.64 -255.00 26.3
95.0 100.70 -255.00 26.0
95.0 100.47 -255.00 27.1
95.0 100.26 -255.00 26.3
95.0 100.13 -255.00 26.4
95.0 100.17 -255.00 26.5
95.0 100.33 -255.00 26.3
95.0 100.47 -255.00 26.0
95.0 100.27 -255.00 25.8
95.0 99.87 -255.00 26.7
95.0 100.00 -255.00 26.7
95.0 100.06 -255.00 26.2
95.0 100.00 -255.00 25.9
95.0 99.74 -255.00 26.1
95.0 99.94 -255.00 26.1
95.0 100.43 -255.00 26.2
e 63.622302770614624