55.0 7 181.01 0.0
55.0 32.67 181.15 0.0
55.0 32.67 181.28 0.0
55.0 32.66 181.51 0.0
55.0 32.66 181.74 0.0
55.0 
55.0 32.68 218.43 0.0
55.0 32.67 236.71 0.0
55.0 32.63 245.86 0.7
55.0 32.63 250.43 0.3
55.0 32.66 252.71 1.8
55.0 32.63 253.86 4.9
55.0 32.62 254.43 6.3
55.0 32.60 254.71 8.7
55.0 32.62 254.86 10.5
55.0 32.62 254.93 12.1
55.0 32.64 254.96 13.6
55.0 32.64 254.98 14.9
55.0 32.65 254.99 16.8
55.0 32.63 255.00 17.4
55.0 32.62 255.00 18.5
55.0 32.59 255.00 19.4
55.0 32.58 255.00 20.4
55.0 32.59 255.00 21.5
55.0 32.58 255.00 21.9
55.0 32.56 255.00 22.7
55.0 32.55 255.00 23.1
55.0 32.58 255.00 23.2
55.0 32.59 255.00 24.3
55.0 32.60 255.00 24.5
55.0 32.62 255.00 24.9
55.0 32.66 255.00 25.7
55.0 32.65 255.00 26.0
55.0 32.67 255.00 26.0
55.0 32.68 255.00 26.4
55.0 32.71 255.00 26.7
55.0 32.74 255.00 27.0
55.0 32.70 255.00 27.0
55.0 32.69 255.00 27.5
55.0 32.69 255.00 27.5
55.0 32.70 255.00 27.5
55.0 32.68 255.00 27.3
55.0 32.70 255.00 28.0
55.0 32.68 255.00 28.2
55.0 32.66 255.00 27.5
55.0 32.72 255.00 27.7
55.0 32.79 255.00 28.1
55.0 32.75 255.00 28.1
55.0 32.74 255.00 28.2
55.0 32.82 255.00 28.3
55.0 32.76 255.00 28.3
55.0 32.77 255.00 28.2
55.0 32.77 255.00 28.4
55.0 32.77 255.00 28.4
55.0 32.79 255.00 28.2
55.0 32.80 255.00 28.5
55.0 32.82 255.00 28.4
55.0 32.82 255.00 28.9
55.0 32.83 255.00 28.0
55.0 32.87 255.00 28.6
55.0 32.89 255.00 28.3
55.0 32.90 255.00 28.8
55.0 32.93 255.00 27.5
55.0 32.88 255.00 29.0
55.0 32.87 255.00 28.2
55.0 32.86 255.00 28.3
55.0 32.92 255.00 28.1
55.0 32.91 255.00 28.2
55.0 32.96 255.00 28.0
55.0 33.02 255.00 28.0
55.0 33.03 255.00 28.0
55.0 33.01 255.00 28.0
55.0 32.99 255.00 28.0
55.0 32.91 255.00 27.8
55.0 32.94 255.00 27.7
55.0 32.99 255.00 27.6
55.0 33.04 255.00 27.7
55.0 33.08 255.00 27.3
55.0 33.12 255.00 27.6
55.0 33.17 255.00 27.3
55.0 33.20 255.00 27.8
55.0 33.26 255.00 27.8
55.0 33.30 255.00 27.5
55.0 33.35 255.00 27.2
55.0 33.39 255.00 27.5
55.0 33.43 255.00 27.9
55.0 33.47 255.00 27.8
55.0 33.53 255.00 27.6
55.0 33.58 255.00 26.9
55.0 33.62 255.00 27.5
55.0 33.66 255.00 26.6
55.0 33.70 255.00 27.1
55.0 33.76 255.00 26.9
55.0 33.82 255.00 27.3
55.0 33.88 255.00 27.0
55.0 33.97 255.00 26.8
55.0 34.02 255.00 26.8
55.0 34.05 255.00 26.7
55.0 34.10 255.00 26.6
55.0 34.16 255.00 26.6
55.0 34.19 255.00 26.6
55.0 34.21 255.00 26.5
55.0 34.27 255.00 26.5
55.0 34.32 255.00 26.5
55.0 34.36 255.00 26.5
55.0 34.37 255.00 26.6
55.0 34.45 255.00 26.7
55.0 34.50 255.00 26.5
55.0 34.57 255.00 26.4
55.0 34.62 255.00 26.4
55.0 34.69 255.00 26.3
55.0 34.75 255.00 26.3
55.0 34.80 255.00 26.2
55.0 34.84 255.00 26.0
55.0 34.89 255.00 26.0
55.0 34.96 255.00 26.0
55.0 35.01 255.00 26.2
55.0 35.10 255.00 26.3
55.0 35.18 255.00 26.2
55.0 35.28 255.00 26.2
55.0 35.35 255.00 26.3
55.0 35.44 255.00 26.0
55.0 35.52 255.00 25.8
55.0 35.58 255.00 25.8
55.0 35.65 255.00 25.8
55.0 35.71 255.00 25.2
55.0 35.81 255.00 25.7
55.0 35.86 255.00 26.1
55.0 35.96 255.00 26.3
55.0 36.03 255.00 25.4
55.0 36.10 255.00 25.5
55.0 36.18 255.00 25.4
55.0 36.32 255.00 26.0
55.0 36.39 255.00 26.0
55.0 36.47 255.00 25.5
55.0 36.55 255.00 25.6
55.0 36.63 255.00 25.5
55.0 36.70 255.00 25.8
55.0 36.79 255.00 25.5
55.0 36.86 255.00 25.4
55.0 36.91 255.00 25.6
55.0 36.91 255.00 25.6
55.0 37.04 255.00 25.4
55.0 37.23 255.00 25.4
55.0 37.31 255.00 25.2
55.0 37.37 255.00 25.4
55.0 37.38 255.00 25.4
55.0 37.51 255.00 25.3
55.0 37.65 255.00 25.2
55.0 37.69 255.00 25.4
55.0 37.78 255.00 25.2
55.0 37.89 255.00 25.2
55.0 37.94 255.00 25.4
55.0 38.04 255.00 25.8
55.0 38.12 255.00 24.1
55.0 38.15 255.00 25.1
55.0 38.29 255.00 25.8
55.0 38.44 255.00 24.7
55.0 38.50 255.00 24.8
55.0 38.67 255.00 25.4
55.0 38.79 255.00 25.0
55.0 38.84 255.00 24.8
55.0 38.90 255.00 25.1
55.0 38.97 255.00 24.8
55.0 39.03 255.00 25.4
55.0 39.15 255.00 24.4
55.0 39.22 255.00 25.0
55.0 39.32 255.00 24.5
55.0 39.39 255.00 24.5
55.0 39.49 255.00 25.1
55.0 39.60 255.00 24.6
55.0 39.69 255.00 24.7
55.0 39.78 255.00 24.6
55.0 39.89 255.00 24.8
55.0 39.90 255.00 24.8
55.0 40.08 255.00 24.7
55.0 40.11 255.00 24.6
55.0 40.26 255.00 24.6
55.0 40.30 255.00 24.7
55.0 40.42 255.00 24.5
55.0 40.51 255.00 24.1
55.0 40.58 255.00 25.4
55.0 40.66 255.00 24.0
55.0 40.69 255.00 25.0
55.0 40.86 255.00 24.1
55.0 40.95 255.00 24.7
55.0 41.04 255.00 24.5
55.0 41.10 255.00 24.4
55.0 41.22 255.00 24.5
55.0 41.32 255.00 24.1
55.0 41.43 255.00 25.0
55.0 41.55 255.00 24.4
55.0 41.66 255.00 24.8
55.0 41.76 255.00 24.1
55.0 41.86 255.00 24.1
55.0 41.96 255.00 24.2
55.0 42.05 255.00 24.2
55.0 42.19 255.00 24.4
55.0 42.26 255.00 24.4
55.0 42.39 255.00 24.3
55.0 42.46 255.00 24.3
55.0 42.60 255.00 24.2
55.0 42.66 255.00 24.3
55.0 42.77 255.00 23.3
55.0 42.80 255.00 24.8
55.0 42.97 255.00 23.7
55.0 43.09 255.00 24.3
55.0 43.16 255.00 24.1
55.0 43.26 255.00 24.3
55.0 43.34 255.00 24.1
55.0 43.44 255.00 24.3
55.0 43.56 255.00 23.7
55.0 43.67 255.00 24.2
55.0 43.79 255.00 24.3
55.0 43.89 255.00 24.3
55.0 43.99 255.00 24.0
55.0 44.08 255.00 24.2
55.0 44.26 255.00 23.9
55.0 44.23 255.00 24.0
55.0 44.42 255.00 23.7
55.0 44.48 255.00 24.0
55.0 44.62 255.00 24.0
55.0 44.68 255.00 24.0
55.0 44.79 255.00 23.4
55.0 44.89 255.00 23.7
55.0 44.92 255.00 24.1
55.0 45.02 255.00 23.5
55.0 45.07 255.00 24.1
55.0 45.22 255.00 23.7
55.0 45.31 255.00 23.4
55.0 45.39 255.00 23.4
55.0 45.51 255.00 23.7
55.0 45.60 255.00 24.1
55.0 45.64 255.00 23.5
55.0 45.75 255.00 23.7
55.0 45.85 255.00 23.6
55.0 45.92 255.00 23.5
55.0 45.95 255.00 23.7
55.0 46.14 255.00 23.6
55.0 46.21 255.00 23.6
55.0 46.33 255.00 23.6
55.0 46.47 255.00 24.2
55.0 46.56 255.00 23.8
55.0 46.72 255.00 23.2
55.0 46.77 255.00 23.9
55.0 46.91 255.00 23.5
55.0 47.04 255.00 23.4
55.0 47.13 255.00 24.1
55.0 47.25 255.00 23.0
55.0 47.35 255.00 24.0
55.0 47.45 255.00 23.7
55.0 47.55 255.00 23.7
55.0 47.64 255.00 23.6
55.0 47.79 255.00 23.5
55.0 47.77 255.00 23.7
55.0 47.92 255.00 23.5
55.0 48.07 255.00 23.4
55.0 48.12 255.00 23.5
55.0 48.26 255.00 22.8
55.0 48.38 255.00 23.1
55.0 48.44 255.00 23.9
55.0 48.54 255.00 23.1
55.0 48.61 255.00 23.5
55.0 48.69 255.00 23.5
55.0 48.82 255.00 22.8
55.0 48.93 255.00 23.6
55.0 49.01 255.00 23.7
55.0 49.11 255.00 23.2
55.0 49.20 255.00 23.4
55.0 49.19 255.00 23.3
55.0 49.22 255.00 23.4
55.0 49.38 255.00 23.5
55.0 49.54 253.82 23.4
55.0 49.56 253.07 22.7
55.0 49.67 251.63 23.2
55.0 49.79 249.81 23.5
55.0 49.89 247.93 23.0
55.0 49.97 246.24 22.5
55.0 50.04 244.73 23.1
55.0 50.18 242.57 22.9
55.0 50.31 240.23 22.8
55.0 50.49 237.38 22.7
55.0 50.51 235.80 22.6
55.0 50.59 234.21 22.9
55.0 50.68 232.56 22.4
55.0 50.78 230.82 22.5
55.0 50.85 229.28 22.6
55.0 50.95 227.50 22.4
55.0 50.95 226.65 22.4
55.0 51.10 224.76 22.1
55.0 51.23 222.63 21.9
55.0 51.32 220.65 21.7
55.0 51.43 218.55 21.6
55.0 51.52 216.65 21.3
55.0 51.59 215.08 21.5
55.0 51.66 213.60 21.1
55.0 51.77 211.81 20.7
55.0 51.84 210.25 21.5
55.0 51.97 208.18 20.5
55.0 52.08 206.12 20.5
55.0 52.10 204.88 20.2
55.0 52.12 204.07 20.3
55.0 52.20 202.93 20.8
55.0 52.31 201.28 19.7
55.0 52.28 200.75 20.0
55.0 52.36 199.76 19.6
55.0 52.48 198.06 19.5
55.0 52.61 195.98 19.6
55.0 52.69 194.11 19.2
55.0 52.75 192.59 19.1
55.0 52.75 191.86 18.8
55.0 52.82 190.81 18.9
55.0 52.93 189.25 18.8
55.0 53.07 187.10 19.1
55.0 53.19 184.78 18.5
55.0 53.25 183.10 18.3
55.0 53.40 180.75 18.3
55.0 53.52 178.38 18.3
55.0 53.59 176.55 18.6
55.0 53.64 175.07 18.4
55.0 53.82 172.62 17.8
55.0 53.96 170.01 17.7
55.0 53.99 168.35 17.7
55.0 54.00 167.49 16.9
55.0 54.09 166.16 17.2
55.0 54.20 164.38 16.6
55.0 54.29 162.63 16.5
55.0 54.44 160.24 16.2
55.0 54.52 158.27 17.0
55.0 54.59 156.60 16.6
55.0 54.57 155.89 16.4
55.0 54.67 154.60 15.5
55.0 54.74 153.26 15.8
55.0 54.97 150.28 16.0
55.0 55.04 148.09 15.9
55.0 55.04 146.97 15.3
55.0 55.19 144.87 15.1
55.0 55.26 143.20 15.2
55.0 55.36 141.34 14.9
55.0 55.46 139.33 14.9
55.0 55.47 138.28 14.7
55.0 55.52 137.25 13.8
55.0 55.59 135.98 14.4
55.0 55.69 134.35 14.0
55.0 55.77 132.79 13.8
55.0 55.76 132.11 14.0
55.0 55.81 131.24 13.7
55.0 55.90 129.87 13.4
55.0 56.00 128.18 13.8
55.0 56.20 125.32 13.3
55.0 56.25 123.34 13.8
55.0 56.30 121.85 13.0
55.0 56.33 120.81 12.9
55.0 56.34 120.18 12.8
55.0 56.41 119.14 12.1
55.0 56.48 117.97 12.4
55.0 56.55 116.64 12.0
55.0 56.60 115.45 12.4
55.0 56.72 113.59 12.0
55.0 56.79 112.01 12.1
55.0 56.89 110.14 11.4
55.0 56.89 109.18 11.4
55.0 56.99 107.73 11.7
55.0 57.01 106.77 11.6
55.0 57.08 105.59 11.5
55.0 57.12 104.54 11.3
55.0 57.18 103.42 11.5
55.0 57.29 101.69 11.0
55.0 57.37 100.09 11.0
55.0 57.37 99.27 10.8
55.0 57.46 97.87 11.0
55.0 57.65 95.29 10.6
55.0 57.60 94.41 10.4
55.0 57.66 93.39 10.5
55.0 57.73 92.18 10.2
55.0 57.77 91.11 10.1
55.0 57.84 89.83 10.1
55.0 57.91 88.51 10.2
55.0 57.95 87.40 9.8
55.0 57.96 86.76 10.3
55.0 57.99 86.04 9.9
55.0 58.04 85.16 9.7
55.0 58.09 84.24 9.1
55.0 58.13 83.34 9.2
55.0 58.18 82.34 9.1
55.0 58.28 80.84 9.1
55.0 58.22 80.66 9.9
55.0 58.28 79.93 8.9
55.0 58.33 79.00 8.9
55.0 58.55 76.33 9.0
55.0 58.59 74.53 8.8
55.0 58.62 73.37 8.5
55.0 58.65 72.39 8.5
55.0 58.70 71.37 8.2
55.0 58.75 70.38 8.2
55.0 58.76 69.78 8.2
55.0 58.80 69.05 8.0
55.0 58.83 68.29 7.8
55.0 58.88 67.39 7.7
55.0 58.87 66.97 8.2
55.0 58.92 66.27 7.4
55.0 58.89 66.15 7.5
55.0 58.93 65.63 7.3
55.0 59.01 64.62 7.3
55.0 59.00 64.10 7.6
55.0 59.05 63.32 7.2
55.0 59.11 62.29 7.1
55.0 59.17 61.20 7.1
55.0 59.25 59.79 6.7
55.0 59.26 58.98 7.1
55.0 59.31 57.98 6.5
55.0 59.38 56.75 6.6
55.0 59.37 56.16 6.8
55.0 59.47 54.87 6.6
55.0 59.51 53.83 6.9
55.0 59.52 53.13 6.4
55.0 59.55 52.43 6.5
55.0 59.58 51.77 6.2
55.0 59.59 51.32 5.9
55.0 59.63 50.65 6.0
55.0 59.65 50.08 5.8
55.0 59.75 48.72 5.6
55.0 59.81 47.41 6.0
55.0 59.88 46.01 5.6
55.0 59.82 45.83 5.7
55.0 59.75 46.37 5.9
55.0 59.78 46.36 5.7
55.0 59.85 45.58 5.5
55.0 59.90 44.67 5.6
55.0 59.93 43.91 5.3
55.0 60.00 42.73 5.1
55.0 60.02 41.93 5.2
55.0 60.03 41.35 5.2
55.0 60.06 40.70 5.0
55.0 60.07 40.24 5.1
55.0 60.08 39.87 4.8
55.0 60.23 38.16 4.3
55.0 60.26 36.99 5.5
55.0 60.26 36.28 4.6
55.0 60.19 36.65 4.9
55.0 60.13 37.33 3.9
55.0 60.15 37.42 4.5
55.0 60.12 37.75 4.5
55.0 60.18 37.31 4.0
55.0 60.19 36.89 4.4
55.0 60.21 36.49 4.4
55.0 60.31 35.24 4.1
55.0 60.38 33.85 4.2
55.0 60.36 33.32 4.0
55.0 60.35 33.04 4.1
55.0 60.42 32.17 4.3
55.0 60.31 32.80 4.3
55.0 60.19 34.22 4.0
55.0 60.21 34.75 3.9
55.0 60.31 33.97 3.9
55.0 60.35 33.17 4.1
55.0 60.36 32.55 3.8
55.0 60.34 32.40 3.8
55.0 60.41 31.59 3.5
55.0 60.54 29.81 4.1
55.0 60.54 28.91 3.5
55.0 60.55 28.27 4.3
55.0 60.55 27.95 3.5
55.0 60.58 27.44 3.5
55.0 60.50 27.89 3.0
55.0 60.49 28.23 3.2
55.0 60.47 28.51 3.3
55.0 60.49 28.39 3.3
55.0 60.60 27.22 3.9
55.0 60.59 26.67 3.2
55.0 60.55 26.78 3.0
55.0 60.54 26.82 3.2
55.0 60.59 26.31 3.0
55.0 60.53 26.60 2.9
55.0 60.49 27.07 3.0
55.0 60.46 27.59 3.1
55.0 60.45 27.92 3.1
55.0 60.49 27.64 3.2
55.0 60.47 27.60 2.5
55.0 60.62 26.10 2.2
55.0 60.59 25.58 3.0
55.0 60.55 25.69 2.9
55.0 60.56 25.57 3.0
55.0 60.54 25.68 2.8
55.0 60.50 26.07 2.9
55.0 60.48 26.38 2.8
55.0 60.54 25.94 2.6
55.0 60.53 25.70 2.8
55.0 60.57 25.21 2.6
55.0 60.53 25.33 2.8
55.0 60.47 25.87 2.8
55.0 60.51 25.71 3.0
55.0 60.48 25.93 2.8
55.0 60.48 25.96 2.8
55.0 60.50 25.73 2.8
55.0 60.45 26.07 2.6
55.0 60.32 27.49 2.8
55.0 60.30 28.30 3.3
55.0 60.32 28.46 2.7
55.0 60.34 28.31 2.6
55.0 60.34 28.20 3.0
55.0 60.34 28.10 2.9
55.0 60.32 28.18 3.2
55.0 60.36 27.82 2.7
55.0 60.41 27.10 3.1
55.0 60.40 26.76 2.4
55.0 60.52 25.39 1.9
55.0 60.46 25.18 2.6
55.0 60.40 25.66 2.8
55.0 60.41 25.75 2.6
55.0 60.37 26.17 2.4
55.0 60.31 26.87 2.9
55.0 60.28 27.50 3.0
55.0 60.15 29.06 2.2
55.0 60.15 29.79 2.8
55.0 60.15 30.10 3.0
55.0 60.12 30.53 2.9
55.0 60.19 29.98 2.5
55.0 60.23 29.34 2.5
55.0 60.20 29.21 2.8
55.0 60.21 28.96 2.6
55.0 60.21 28.85 3.0
55.0 60.17 29.13 2.9
55.0 60.12 29.75 3.0
55.0 60.07 30.47 2.8
55.0 60.03 31.21 3.0
55.0 59.98 32.08 3.0
55.0 59.98 32.46 2.9
55.0 59.90 33.43 3.0
55.0 59.87 34.11 3.3
55.0 59.88 34.29 3.0
55.0 59.88 34.40 3.0
55.0 59.77 35.46 3.3
55.0 59.74 36.24 3.1
55.0 59.65 37.51 3.2
55.0 59.58 38.77 3.3
55.0 59.56 39.62 3.0
55.0 59.55 40.08 3.4
55.0 59.59 39.83 3.9
55.0 59.65 39.09 3.5
55.0 59.62 39.02 3.5
55.0 59.66 38.57 3.3
55.0 59.67 38.13 4.0
55.0 59.65 38.06 3.6
55.0 59.60 38.49 4.1
55.0 59.61 38.61 3.8
55.0 59.55 39.25 3.7
55.0 59.56 39.42 4.0
55.0 59.48 40.21 3.6
55.0 59.47 40.72 3.8
55.0 59.40 41.59 3.5
55.0 59.30 43.06 4.5
55.0 59.23 44.39 4.0
55.0 59.11 46.25 3.7
55.0 59.08 47.43 4.4
55.0 59.10 47.74 4.2
55.0 59.06 48.31 4.1
55.0 59.10 48.13 4.5
55.0 59.11 47.96 4.4
55.0 59.13 47.62 4.5
55.0 59.11 47.56 4.3
55.0 59.05 48.11 4.5
55.0 59.05 48.42 4.5
55.0 59.06 48.43 4.8
55.0 59.03 48.63 4.8
55.0 59.03 48.74 4.8
55.0 58.99 49.14 4.9
55.0 58.97 49.47 4.7
55.0 58.88 50.57 4.7
55.0 58.99 49.97 4.5
55.0 58.91 50.45 4.8
55.0 58.85 51.24 5.0
55.0 58.95 50.62 4.6
55.0 58.92 50.57 5.0
55.0 58.87 50.93 5.1
55.0 58.84 51.46 5.3
55.0 58.79 52.20 5.4
55.0 58.74 52.99 5.1
55.0 58.87 52.10 4.7
55.0 58.83 51.99 5.1
55.0 58.81 52.08 5.2
55.0 58.86 51.58 5.5
55.0 58.78 52.15 5.2
55.0 58.73 52.85 5.2
55.0 58.76 52.91 5.1
55.0 58.71 53.34 5.6
55.0 58.68 53.90 5.3
55.0 58.67 54.17 5.2
55.0 58.64 54.62 5.3
55.0 58.59 55.28 5.4
55.0 58.53 56.17 5.0
55.0 58.47 57.27 5.8
55.0 58.40 58.41 5.7
55.0 58.28 60.14 6.0
55.0 58.26 61.26 5.6
55.0 58.21 62.20 5.7
55.0 58.26 62.20 5.8
55.0 58.20 62.74 5.4
55.0 58.17 63.35 5.6
55.0 58.13 63.94 6.0
55.0 58.09 64.66 6.4
55.0 58.08 65.07 6.0
55.0 58.03 65.81 6.5
55.0 57.99 66.49 6.1
55.0 57.94 67.27 6.4
55.0 57.84 68.68 6.5
55.0 57.89 68.88 6.0
55.0 57.85 69.31 6.5
55.0 57.77 70.30 6.7
55.0 57.75 71.02 6.5
55.0 57.66 72.21 6.7
55.0 57.70 72.44 6.5
55.0 57.68 72.70 6.9
55.0 57.63 73.28 7.0
55.0 57.53 74.59 7.0
55.0 57.56 74.91 7.2
55.0 57.54 75.24 7.0
55.0 57.52 75.55 7.3
55.0 57.51 75.85 6.9
55.0 57.45 76.58 7.4
55.0 57.39 77.48 7.8
55.0 57.34 78.41 7.4
55.0 57.36 78.66 7.4
55.0 57.33 79.08 7.4
55.0 57.35 79.07 8.0
55.0 57.35 79.02 7.8
55.0 57.34 79.12 7.7
55.0 57.32 79.28 7.4
55.0 57.27 79.92 7.9
55.0 57.20 80.91 8.3
55.0 57.15 81.84 8.0
55.0 57.14 82.39 7.9
55.0 57.10 83.04 8.1
55.0 57.13 83.09 8.4
55.0 57.10 83.32 8.3
55.0 57.10 83.47 8.2
55.0 57.08 83.74 9.0
55.0 57.08 83.88 8.4
55.0 57.03 84.42 8.6
55.0 57.04 84.49 8.6
55.0 57.01 84.82 8.5
55.0 56.99 85.24 8.4
55.0 56.95 85.83 8.6
55.0 56.94 86.17 8.6
55.0 56.91 86.68 8.5
55.0 56.90 86.92 9.0
55.0 56.90 87.04 8.8
55.0 56.92 86.93 8.4
55.0 56.85 87.51 9.1
55.0 56.84 87.89 8.9
55.0 56.94 87.07 8.8
55.0 56.91 86.99 8.9
55.0 56.86 87.42 9.1
55.0 56.83 87.89 8.9
55.0 56.79 88.52 9.1
55.0 56.75 89.18 9.1
55.0 56.68 90.28 9.5
55.0 56.67 90.91 9.2
55.0 56.64 91.45 9.1
55.0 56.57 92.38 8.9
55.0 56.56 92.98 9.5
55.0 56.56 93.24 9.5
55.0 56.52 93.80 9.4
55.0 56.54 93.85 9.3
55.0 56.48 94.43 9.5
55.0 56.36 95.98 9.3
55.0 56.39 96.37 9.4
55.0 56.38 96.66 9.7
55.0 56.25 98.12 9.2
55.0 56.24 98.97 9.5
55.0 56.26 99.19 9.5
55.0 56.24 99.43 9.9
55.0 56.15 100.42 9.9
55.0 56.18 100.63 9.9
55.0 56.14 101.09 9.5
55.0 56.11 101.64 10.2
55.0 56.19 101.12 10.3
55.0 56.12 101.53 10.2
55.0 56.15 101.42 10.5
55.0 56.10 101.84 10.2
55.0 56.11 102.03 10.2
55.0 56.11 102.09 10.3
55.0 56.12 101.95 10.6
55.0 56.14 101.71 10.3
55.0 56.11 101.91 10.4
55.0 56.09 102.14 10.4
55.0 56.09 102.21 10.6
55.0 56.02 102.97 10.3
55.0 56.02 103.40 10.6
55.0 55.97 104.11 10.6
55.0 55.98 104.30 10.6
55.0 55.92 105.00 10.8
55.0 55.91 105.45 10.5
55.0 55.90 105.76 10.6
55.0 55.86 106.30 10.5
55.0 55.87 106.45 10.7
55.0 55.87 106.57 10.7
55.0 55.86 106.68 10.6
55.0 55.98 105.53 10.5
55.0 56.01 104.65 10.9
55.0 56.00 104.24 10.9
55.0 56.02 103.91 10.7
55.0 56.01 103.79 11.0
55.0 55.99 103.91 10.9
55.0 56.03 103.53 10.8
55.0 56.03 103.39 11.0
55.0 55.98 103.83 10.5
55.0 55.96 104.21 10.8
55.0 55.98 104.22 11.0
55.0 55.96 104.38 11.2
55.0 56.07 103.36 10.9
55.0 56.06 102.94 11.0
55.0 56.08 102.51 10.7
55.0 56.02 102.85 11.4
55.0 56.16 101.67 10.9
55.0 56.15 101.10 11.0
55.0 56.14 101.00 10.9
55.0 56.06 101.71 10.8
55.0 56.03 102.30 10.8
55.0 56.03 102.65 11.3
55.0 55.99 103.18 10.9
55.0 56.07 102.68 10.6
55.0 56.07 102.37 10.8
55.0 56.09 102.00 11.0
55.0 56.06 102.08 10.8
55.0 56.05 102.21 11.0
55.0 56.01 102.65 10.7
55.0 55.98 103.22 10.5
55.0 55.93 103.96 10.8
55.0 55.94 104.29 10.8
55.0 55.92 104.56 10.8
55.0 55.94 104.50 11.1
55.0 55.96 104.28 10.6
55.0 55.98 104.00 10.5
55.0 55.96 104.01 11.0
55.0 55.96 104.00 10.9
55.0 55.98 103.83 10.7
55.0 55.99 103.59 10.7
55.0 55.97 103.64 10.7
55.0 55.88 104.57 10.6
55.0 55.88 105.09 10.8
55.0 55.93 104.79 10.8
55.0 55.89 105.05 11.1
55.0 55.88 105.25 10.9
55.0 55.87 105.41 11.1
55.0 55.85 105.69 11.0
55.0 55.85 105.86 11.1
55.0 55.77 106.73 11.0
55.0 55.81 106.80 11.0
55.0 55.82 106.67 10.9
55.0 55.84 106.45 10.9
55.0 55.86 106.05 11.4
55.0 55.83 106.20 10.9
55.0 55.84 106.12 10.8
55.0 55.84 106.11 11.0
55.0 55.85 105.96 11.0
55.0 55.96 104.84 11.0
55.0 55.97 104.11 11.3
55.0 56.07 102.81 10.9
55.0 56.04 102.40 11.0
55.0 56.00 102.56 11.0
55.0 55.98 102.82 10.7
55.0 56.00 102.81 10.8
55.0 56.01 102.67 10.3
55.0 56.04 102.32 10.8
55.0 56.04 102.05 10.7
55.0 56.11 101.22 10.7
55.0 56.10 100.93 10.8
55.0 56.09 100.91 10.7
55.0 56.09 100.86 10.6
55.0 56.12 100.48 11.2
55.0 56.20 99.51 10.8
55.0 56.25 98.47 10.6
55.0 56.26 97.92 10.7
55.0 56.24 97.77 10.6
55.0 56.25 97.66 10.6
55.0 56.22 97.86 10.6
55.0 56.19 98.21 10.6
55.0 56.15 98.75 10.5
55.0 56.17 98.89 10.6
55.0 56.19 98.68 10.8
55.0 56.19 98.65 10.4
55.0 56.21 98.37 10.4
55.0 56.22 98.16 10.3
55.0 56.21 98.14 10.6
55.0 56.23 97.90 10.8
55.0 56.26 97.41 10.5
55.0 56.23 97.45 10.6
55.0 56.25 97.27 10.3
55.0 56.30 96.68 10.3
55.0 56.36 95.78 10.3
55.0 56.35 95.40 10.1
55.0 56.34 95.28 10.2
55.0 56.49 93.70 10.4
55.0 56.52 92.66 10.1
55.0 56.51 92.21 10.0
55.0 56.55 91.59 10.0
55.0 56.54 91.39 10.1
55.0 56.53 91.38 10.0
55.0 56.47 91.92 9.8
55.0 56.50 91.91 9.5
55.0 56.51 91.80 10.2
55.0 56.51 91.66 9.8
55.0 56.54 91.35 9.9
55.0 56.54 91.13 9.4
55.0 56.54 90.97 9.9
55.0 56.55 90.83 9.7
55.0 56.57 90.56 9.3
55.0 56.58 90.24 9.7
55.0 56.57 90.22 9.7
55.0 56.60 89.87 9.8
55.0 56.57 90.01 9.7
55.0 56.60 89.74 9.7
55.0 56.61 89.46 10.1
55.0 56.71 88.39 9.8
55.0 56.68 88.11 9.8
55.0 56.62 88.52 9.5
55.0 56.50 89.98 9.1
55.0 56.57 89.97 9.3
55.0 56.58 89.79 9.5
55.0 56.69 88.58 9.4
55.0 56.70 87.92 9.5
55.0 56.67 87.84 9.3
55.0 56.68 87.72 9.1
55.0 56.72 87.28 9.4
55.0 56.77 86.54 9.2
55.0 56.91 84.76 9.9
55.0 56.92 83.70 9.3
55.0 56.93 83.03 9.4
55.0 56.94 82.55 9.1
55.0 56.96 82.19 9.0
55.0 56.93 82.21 9.1
55.0 56.95 82.09 9.0
55.0 56.96 81.90 9.0
55.0 56.93 82.01 8.9
55.0 56.93 82.08 8.9
55.0 56.91 82.30 8.9
55.0 56.89 82.56 9.1
55.0 56.93 82.36 8.8
55.0 56.97 81.80 8.8
55.0 56.96 81.58 8.6
55.0 56.92 81.83 8.6
55.0 56.95 81.65 8.8
55.0 56.92 81.92 8.5
55.0 57.01 81.10 8.9
55.0 57.01 80.64 9.3
55.0 57.05 80.03 8.6
55.0 57.06 79.55 8.7
55.0 57.06 79.30 8.6
55.0 57.14 78.38 8.6
55.0 57.18 77.51 8.7
55.0 57.18 77.03 9.2
55.0 57.19 76.74 8.3
55.0 57.27 75.76 8.4
55.0 57.26 75.30 8.3
55.0 57.29 74.79 8.3
55.0 57.23 75.07 8.1
55.0 57.25 75.05 8.2
55.0 57.26 74.90 8.4
55.0 57.24 75.02 8.2
55.0 57.27 74.76 8.2
55.0 57.25 74.83 8.2
55.0 57.29 74.41 8.4
55.0 57.30 74.10 8.1
55.0 57.30 73.85 8.0
55.0 57.34 73.32 7.8
55.0 57.36 72.86 8.0
55.0 57.38 72.44 8.0
55.0 57.34 72.53 7.8
55.0 57.36 72.38 7.4
55.0 57.35 72.43 8.0
55.0 57.37 72.26 8.0
55.0 57.40 71.83 7.8
55.0 57.39 71.63 7.6
55.0 57.39 71.53 7.9
55.0 57.31 72.27 8.5
55.0 57.33 72.41 7.6
55.0 57.35 72.26 7.7
55.0 57.38 71.83 7.7
55.0 57.41 71.29 7.6
55.0 57.44 70.73 7.6
55.0 57.47 70.19 7.6
55.0 57.49 69.67 7.6
55.0 57.54 68.88 7.8
55.0 57.55 68.31 7.6
55.0 57.55 68.03 7.6
55.0 57.61 67.26 7.4
55.0 57.70 65.96 7.1
55.0 57.70 65.31 7.4
55.0 57.70 64.97 7.6
55.0 57.70 64.79 7.4
55.0 57.68 64.85 7.3
55.0 57.62 65.48 7.1
55.0 57.62 65.71 7.6
55.0 57.65 65.58 7.3
55.0 57.73 64.64 7.3
55.0 57.77 63.71 7.1
55.0 57.78 63.15 7.1
55.0 57.87 61.97 6.9
55.0 57.88 61.21 7.1
55.0 57.86 61.01 6.7
55.0 57.91 60.42 7.1
55.0 57.92 59.99 6.9
55.0 57.93 59.67 6.9
55.0 57.87 60.05 6.3
55.0 57.89 60.07 7.0
55.0 57.90 59.94 6.7
55.0 57.99 58.92 7.2
55.0 57.99 58.37 6.8
55.0 57.94 58.54 6.5
55.0 57.92 58.85 6.9
55.0 57.91 59.06 5.8
55.0 57.92 59.04 6.5
55.0 57.93 58.92 6.1
55.0 57.94 58.76 6.2
55.0 57.94 58.58 6.3
55.0 57.95 58.41 6.3
55.0 57.92 58.56 6.5
55.0 57.92 58.68 6.3
55.0 57.97 58.15 6.2
55.0 58.01 57.49 6.1
55.0 58.04 56.82 6.3
55.0 58.05 56.33 6.1
55.0 58.10 55.62 6.3
55.0 58.10 55.17 6.2
55.0 58.16 54.36 6.0
55.0 58.18 53.76 5.8
55.0 58.16 53.60 6.1
55.0 58.10 54.13 6.2
55.0 58.15 53.80 6.0
55.0 58.14 53.76 6.1
55.0 58.12 53.84 6.0
55.0 58.10 54.14 5.7
55.0 58.12 54.02 5.8
55.0 58.14 53.73 5.8
55.0 58.16 53.36 5.9
55.0 58.16 53.15 5.8
55.0 58.21 52.51 6.0
55.0 58.26 51.72 5.8
55.0 58.25 51.38 5.8
55.0 58.30 50.61 6.1
55.0 58.29 50.33 5.8
55.0 58.28 50.29 5.5
55.0 58.35 49.52 6.0
55.0 58.36 48.97 6.2
55.0 58.34 48.86 5.4
55.0 58.34 48.79 5.5
55.0 58.39 48.24 5.6
55.0 58.40 47.84 5.5
55.0 58.36 48.00 5.5
55.0 58.36 48.08 5.4
55.0 58.31 48.61 5.2
55.0 58.31 48.82 5.3
55.0 58.31 48.87 5.6
55.0 58.31 48.85 5.6
55.0 58.35 48.46 5.4
55.0 58.25 49.22 5.4
55.0 58.27 49.33 5.3
55.0 58.28 49.30 5.7
55.0 58.33 48.71 5.2
55.0 58.32 48.56 5.4
55.0 58.38 47.78 5.1
55.0 58.39 47.25 5.6
55.0 58.40 46.86 5.3
55.0 58.43 46.38 5.3
55.0 58.45 45.88 5.3
55.0 58.47 45.40 5.1
55.0 58.52 44.61 4.8
55.0 58.54 44.06 5.0
55.0 58.62 42.97 4.6
55.0 58.59 42.67 5.2
55.0 58.59 42.43 4.9
55.0 58.58 42.37 5.0
55.0 58.64 41.75 5.1
55.0 58.64 41.39 5.2
55.0 58.55 42.13 4.6
55.0 58.51 42.85 4.8
55.0 58.51 43.19 4.7
55.0 58.54 43.02 5.0
55.0 58.45 43.76 5.1
55.0 58.47 43.89 4.4
55.0 58.41 44.56 4.9
55.0 58.42 44.78 4.9
55.0 58.43 44.78 4.8
55.0 58.48 44.19 4.5
55.0 58.53 43.37 4.5
55.0 58.55 42.80 5.0
55.0 58.51 42.86 5.2
55.0 58.51 42.87 4.6
55.0 58.54 42.53 4.6
55.0 58.53 42.38 4.9
55.0 58.55 42.14 4.5
55.0 58.52 42.21 4.7
55.0 58.62 41.25 4.6
55.0 58.57 41.19 4.4
55.0 58.58 41.05 4.5
55.0 58.59 40.87 4.7
55.0 58.55 41.17 4.2
55.0 58.56 41.18 4.5
55.0 58.47 42.03 4.5
55.0 58.44 42.73 4.5
55.0 58.46 42.83 4.5
55.0 58.48 42.66 4.6
55.0 58.62 41.20 4.5
55.0 58.59 40.73 4.4
55.0 58.59 40.39 4.5
55.0 58.62 39.96 4.3
55.0 58.60 39.84 4.3
55.0 58.64 39.36 4.6
55.0 58.56 39.89 5.0
55.0 58.59 39.87 4.5
55.0 58.60 39.75 4.6
55.0 58.59 39.77 4.6
55.0 58.58 39.84 4.2
55.0 58.58 39.76 4.6
55.0 58.58 39.78 4.3
55.0 58.58 39.68 4.4
55.0 58.56 39.85 4.1
55.0 58.65 38.97 5.0
55.0 58.67 38.33 4.5
55.0 58.63 38.32 3.7
55.0 58.60 38.58 4.5
55.0 58.61 38.63 4.3
55.0 58.65 38.24 4.1
55.0 58.57 38.82 3.9
55.0 58.58 38.99 4.1
55.0 58.67 38.13 4.2
55.0 58.68 37.51 4.0
55.0 58.66 37.36 4.5
55.0 58.68 37.10 4.2
55.0 58.58 37.92 4.1
55.0 58.62 37.90 4.2
55.0 58.62 37.82 4.3
55.0 58.61 37.88 4.0
55.0 58.62 37.83 4.1
55.0 58.69 37.07 4.1
55.0 58.55 37.98 4.6
55.0 58.55 38.46 4.2
55.0 58.58 38.39 4.1
55.0 58.55 38.58 4.2
55.0 58.56 38.53 4.3
55.0 58.62 37.88 3.8
55.0 58.59 37.82 4.1
55.0 58.58 37.85 4.4
55.0 58.59 37.76 4.1
55.0 58.58 37.78 3.7
55.0 58.59 37.68 4.1
55.0 58.50 38.50 4.3
55.0 58.40 39.86 4.3
55.0 58.43 40.24 4.1
55.0 58.45 40.18 3.9
55.0 58.47 39.91 4.5
55.0 58.49 39.55 3.9
55.0 58.39 40.31 4.3
55.0 58.42 40.39 4.1
55.0 58.43 40.33 4.1
55.0 58.40 40.52 4.4
55.0 58.43 40.33 4.1
55.0 58.47 39.81 4.2
55.0 58.47 39.49 4.3
55.0 58.50 38.95 4.1
55.0 58.50 38.66 4.1
55.0 58.50 38.49 3.7
55.0 58.52 38.22 4.4
55.0 58.51 38.08 4.5
55.0 58.50 38.16 3.9
55.0 58.58 37.35 3.9
55.0 58.57 36.99 4.2
55.0 58.53 37.19 4.0
55.0 58.49 37.62 4.0
55.0 58.48 37.96 3.9
55.0 58.45 38.41 3.6
55.0 58.48 38.23 4.1
55.0 58.50 37.94 4.3
55.0 58.50 37.77 3.9
55.0 58.47 37.99 4.7
55.0 58.47 38.04 4.0
55.0 58.50 37.68 4.1
55.0 58.45 37.97 4.0
55.0 58.46 38.05 4.2
55.0 58.38 38.83 4.0
55.0 58.51 37.92 4.3
55.0 58.51 37.45 4.3
55.0 58.55 36.70 4.3
55.0 58.52 36.68 4.5
55.0 58.50 36.83 4.0
55.0 58.63 35.55 4.1
55.0 58.60 35.17 3.9
55.0 58.57 35.22 3.9
55.0 58.48 36.11 4.1
55.0 58.49 36.51 3.9
55.0 58.47 36.83 4.1
55.0 58.47 36.94 3.8
55.0 58.49 36.78 3.4
55.0 58.47 36.83 4.1
55.0 58.38 37.77 4.0
55.0 58.36 38.43 4.3
55.0 58.36 38.75 4.0
55.0 58.37 38.75 4.0
55.0 58.46 37.77 3.7
55.0 58.47 37.21 4.1
55.0 58.47 36.88 3.9
55.0 58.42 37.15 4.2
55.0 58.41 37.35 4.0
55.0 58.47 36.84 4.0
55.0 58.49 36.37 4.2
55.0 58.47 36.27 4.0
55.0 58.39 36.97 4.1
55.0 58.47 36.54 4.1
55.0 58.46 36.43 3.9
55.0 58.43 36.64 4.1
55.0 58.50 35.99 4.3
55.0 58.47 35.96 4.0
55.0 58.45 36.05 3.9
55.0 58.44 36.19 3.8
55.0 58.41 36.51 4.1
55.0 58.28 38.00 4.3
55.0 58.42 37.33 3.9
55.0 58.39 37.22 4.0
55.0 58.37 37.36 4.2
55.0 58.28 38.24 4.4
55.0 58.24 39.09 4.1
55.0 58.23 39.56 3.9
55.0 58.24 39.67 3.8
55.0 58.24 39.76 4.3
55.0 58.12 40.97 4.3
55.0 58.11 41.66 4.1
55.0 58.11 41.91 4.1
55.0 58.09 42.28 3.8
55.0 58.08 42.51 4.3
55.0 58.07 42.67 4.2
55.0 58.05 42.95 4.6
55.0 58.04 43.10 4.3
55.0 58.04 43.19 4.3
55.0 58.07 42.92 4.4
55.0 58.10 42.49 4.8
55.0 58.09 42.34 4.3
55.0 58.09 42.16 4.5
55.0 58.04 42.61 4.1
55.0 58.03 42.83 4.6
55.0 58.02 43.11 4.5
55.0 57.98 43.55 4.3
55.0 57.98 43.72 4.6
55.0 58.05 43.11 4.8
55.0 58.02 43.14 4.7
55.0 58.01 43.14 4.5
55.0 57.98 43.45 4.5
55.0 58.00 43.38 4.7
55.0 58.00 43.32 4.5
55.0 58.02 43.09 4.5
55.0 58.00 43.13 4.6
55.0 58.00 43.11 4.6
55.0 58.03 42.75 4.6
55.0 58.00 42.89 4.8
55.0 57.98 43.08 4.8
55.0 57.94 43.61 4.3
55.0 57.94 43.79 4.5
55.0 57.93 43.94 4.4
55.0 57.97 43.60 4.6
55.0 57.96 43.53 4.5
55.0 57.95 43.59 4.5
55.0 57.88 44.33 4.6
55.0 57.78 45.66 4.6
55.0 57.78 46.23 4.8
55.0 57.77 46.59 4.6
55.0 57.78 46.68 5.4
55.0 57.77 46.79 4.5
55.0 57.76 46.91 4.8
55.0 57.74 47.18 4.5
55.0 57.75 47.19 4.6
55.0 57.81 46.59 5.2
55.0 57.84 45.90 5.1
55.0 57.84 45.53 4.8
55.0 57.89 44.84 5.0
55.0 57.90 44.35 4.3
55.0 57.88 44.30 4.8
55.0 57.86 44.45 4.6
55.0 57.88 44.35 4.8
55.0 57.86 44.47 4.8
55.0 57.86 44.51 4.7
55.0 57.81 45.00 5.2
55.0 57.78 45.50 4.7
55.0 57.71 46.46 5.0
55.0 57.66 47.41 4.7
55.0 57.66 47.83 4.6
55.0 57.61 48.47 4.8
55.0 57.65 48.38 4.9
55.0 57.67 48.11 4.9
55.0 57.67 47.95 5.0
55.0 57.69 47.67 5.2
55.0 57.69 47.51 5.2
55.0 57.69 47.41 5.0
55.0 57.71 47.19 4.7
55.0 57.70 47.07 4.8
55.0 57.65 47.48 5.1
55.0 57.66 47.63 4.9
55.0 57.66 47.66 4.8
55.0 57.60 48.26 4.8
55.0 57.71 47.47 4.8
55.0 57.69 47.24 5.0
55.0 57.70 46.94 5.0
55.0 57.75 46.30 4.8
55.0 57.73 46.18 4.6
55.0 57.72 46.14 5.2
55.0 57.70 46.29 5.1
55.0 57.67 46.68 5.0
55.0 57.64 47.15 5.1
55.0 57.64 47.32 5.1
55.0 57.66 47.18 5.1
55.0 57.75 46.25 4.9
55.0 57.69 46.30 5.3
55.0 57.69 46.31 4.9
55.0 57.68 46.46 5.2
55.0 57.69 46.34 5.0
55.0 57.68 46.43 5.0
55.0 57.66 46.59 5.1
55.0 57.60 47.26 5.3
55.0 57.62 47.33 5.2
55.0 57.66 46.96 5.1
55.0 57.59 47.52 4.7
55.0 57.56 47.99 5.3
55.0 57.48 49.04 5.1
55.0 57.52 49.17 5.2
55.0 57.53 49.05 5.2
55.0 57.57 48.65 5.0
55.0 57.48 49.26 5.3
55.0 57.54 49.02 5.1
55.0 57.52 49.05 5.1
55.0 57.47 49.50 5.3
55.0 57.46 49.82 5.6
55.0 57.48 49.72 5.3
55.0 57.50 49.46 5.3
55.0 57.51 49.28 5.2
55.0 57.52 48.99 5.0
55.0 57.45 49.60 5.4
55.0 57.42 50.13 5.4
55.0 57.42 50.42 5.2
55.0 57.40 50.76 5.2
55.0 57.41 50.77 5.1
55.0 57.44 50.48 5.1
55.0 57.45 50.23 5.6
55.0 57.41 50.47 5.4
55.0 57.40 50.61 5.4
55.0 57.45 50.22 5.2
55.0 57.42 50.23 5.6
55.0 57.46 49.80 5.3
55.0 57.42 49.97 5.3
55.0 57.48 49.46 5.2
55.0 57.47 49.29 5.3
55.0 57.51 48.81 5.2
55.0 57.51 48.53 5.4
55.0 57.50 48.51 5.4
55.0 57.45 48.92 5.2
55.0 57.44 49.19 5.6
55.0 57.48 48.90 5.4
55.0 57.47 48.85 5.2
55.0 57.48 48.75 5.3
55.0 57.48 48.62 5.2
55.0 57.47 48.66 5.8
55.0 57.44 48.91 5.3
55.0 57.45 48.94 5.3
55.0 57.44 49.01 5.7
55.0 57.44 49.11 5.3
55.0 57.46 48.88 5.4
55.0 57.45 48.84 5.5
55.0 57.46 48.72 5.6
55.0 57.45 48.74 5.1
55.0 57.44 48.80 5.4
55.0 57.42 49.05 5.4
55.0 57.40 49.36 5.3
55.0 57.32 50.31 5.4
55.0 57.29 51.03 5.4
55.0 57.31 51.13 5.3
55.0 57.27 51.58 5.7
55.0 57.28 51.69 5.3
55.0 57.23 52.27 5.4
55.0 57.37 51.10 5.7
55.0 57.42 50.03 5.3
55.0 57.44 49.20 5.2
55.0 57.42 49.00 5.8
55.0 57.42 48.93 5.4
55.0 57.38 49.24 5.4
55.0 57.39 49.22 5.7
55.0 57.44 48.74 5.4
55.0 57.46 48.23 5.2
55.0 57.39 48.68 5.5
55.0 57.37 49.07 5.4
55.0 57.39 49.09 5.2
55.0 57.29 50.04 5.2
55.0 57.25 50.89 5.2
55.0 57.23 51.49 5.4
55.0 57.23 51.80 5.2
55.0 57.24 51.80 5.5
55.0 57.26 51.65 5.5
55.0 57.27 51.45 5.6
55.0 57.28 51.23 5.6
55.0 57.29 51.01 5.4
55.0 57.26 51.11 6.0
55.0 57.27 51.04 4.8
55.0 57.30 50.73 5.5
55.0 57.21 51.42 5.4
55.0 57.23 51.60 5.4
55.0 57.21 51.84 5.6
55.0 57.23 51.78 5.4
55.0 57.29 51.11 5.6
55.0 57.31 50.52 5.7
55.0 57.32 50.15 5.3
55.0 57.32 49.89 5.4
55.0 57.33 49.69 5.6
55.0 57.21 50.78 5.4
55.0 57.21 51.31 5.4
55.0 57.22 51.39 5.6
55.0 57.24 51.26 5.4
55.0 57.20 51.52 5.8
55.0 57.22 51.47 5.4
55.0 57.28 50.79 5.8
55.0 57.31 50.19 6.0
55.0 57.31 49.81 5.6
55.0 57.29 49.86 5.7
55.0 57.31 49.62 5.2
55.0 57.28 49.74 5.4
55.0 57.44 48.24 5.4
55.0 57.43 47.54 6.0
55.0 57.42 47.24 5.4
55.0 57.53 45.99 5.5
55.0 57.48 45.83 5.0
55.0 57.52 45.36 5.4
55.0 57.41 46.20 5.2
55.0 57.41 46.64 4.7
55.0 57.40 46.87 5.3
55.0 57.29 48.10 5.3
55.0 57.31 48.46 5.2
55.0 57.38 47.92 5.3
55.0 57.32 48.28 6.0
55.0 57.32 48.39 5.5
55.0 57.33 48.37 5.2
55.0 57.36 47.99 5.7
55.0 57.38 47.61 5.4
55.0 57.39 47.26 5.3
55.0 57.44 46.61 4.8
55.0 57.43 46.33 5.5
55.0 57.47 45.76 5.2
55.0 57.40 46.19 5.0
55.0 57.41 46.25 5.4
55.0 57.44 45.99 5.1
55.0 57.53 44.95 4.9
55.0 57.51 44.56 5.1
55.0 57.44 45.13 5.0
55.0 57.37 46.08 4.4
55.0 57.40 46.22 4.5
55.0 57.41 46.14 5.0
55.0 57.45 45.64 5.6
55.0 57.45 45.46 5.5
55.0 57.42 45.58 5.0
55.0 57.34 46.46 5.2
55.0 57.34 46.85 4.6
55.0 57.38 46.68 5.1
55.0 57.28 47.52 5.1
55.0 57.30 47.68 4.7
55.0 57.26 48.14 5.1
55.0 57.16 49.35 5.2
55.0 57.20 49.57 5.4
55.0 57.23 49.34 5.2
55.0 57.28 48.75 5.0
55.0 57.30 48.19 4.8
55.0 57.31 47.82 5.6
55.0 57.36 47.08 5.2
55.0 57.40 46.37 4.9
55.0 57.42 45.70 4.9
55.0 57.43 45.24 5.4
55.0 57.48 44.58 5.1
55.0 57.43 44.66 5.1
55.0 57.51 43.94 4.5
55.0 57.49 43.69 5.0
55.0 57.53 43.20 5.0
55.0 57.46 43.56 5.7
55.0 57.45 43.82 4.8
55.0 57.51 43.37 4.9
55.0 57.42 44.06 5.0
55.0 57.44 44.11 5.3
55.0 57.44 44.19 4.9
55.0 57.37 44.91 4.5
55.0 57.38 45.09 5.0
55.0 57.38 45.17 4.9
55.0 57.41 44.89 4.6
55.0 57.45 44.29 4.6
55.0 57.46 43.90 4.8
55.0 57.45 43.77 5.0
55.0 57.49 43.30 5.2
55.0 57.50 43.00 5.0
55.0 57.50 42.80 5.0
55.0 57.53 42.33 5.2
55.0 57.53 42.08 4.8
55.0 57.55 41.78 4.7
55.0 57.58 41.31 4.7
55.0 57.64 40.46 4.7
55.0 57.64 39.97 4.9
55.0 57.63 39.81 4.6
55.0 57.62 39.81 4.6
55.0 57.50 40.98 5.3
55.0 57.50 41.52 4.6
55.0 57.51 41.74 4.4
55.0 57.49 41.97 4.4
55.0 57.49 42.03 4.5
55.0 57.50 42.00 4.6
55.0 57.50 41.94 4.7
55.0 57.52 41.71 4.5
55.0 57.52 41.56 4.7
55.0 57.50 41.61 4.5
55.0 57.57 40.96 4.6
55.0 57.58 40.49 4.6
55.0 57.58 40.29 4.7
55.0 57.54 40.53 4.5
55.0 57.54 40.65 4.3
55.0 57.55 40.54 4.3
55.0 57.55 40.49 4.6
55.0 57.55 40.46 4.6
55.0 57.61 39.81 5.1
55.0 57.62 39.38 4.3
55.0 57.55 39.87 4.5
55.0 57.54 40.11 4.5
55.0 57.56 40.07 4.9
55.0 57.57 39.89 4.5
55.0 57.58 39.67 4.5
55.0 57.58 39.59 4.8
55.0 57.59 39.42 4.5
55.0 57.65 38.73 4.4
55.0 57.76 37.18 4.2
55.0 57.79 36.14 4.3
55.0 57.75 36.02 4.8
55.0 57.69 36.47 4.4
55.0 57.67 36.83 4.2
55.0 57.66 37.14 4.8
55.0 57.66 37.25 4.0
55.0 57.62 37.73 4.3
55.0 57.69 37.24 4.3
55.0 57.70 36.81 4.0
55.0 57.67 36.91 4.1
55.0 57.69 36.76 4.0
55.0 57.62 37.30 4.3
55.0 57.61 37.64 4.5
55.0 57.59 38.04 4.2
55.0 57.58 38.28 4.1
55.0 57.58 38.43 4.1
55.0 57.62 38.06 4.6
55.0 57.63 37.78 4.1
55.0 57.66 37.24 4.2
55.0 57.56 38.03 4.1
55.0 57.59 38.11 3.6
55.0 57.61 37.87 4.1
55.0 57.60 37.82 4.1
55.0 57.64 37.36 4.5
55.0 57.65 37.07 4.1
55.0 57.62 37.18 3.9
55.0 57.64 36.98 4.0
55.0 57.65 36.82 4.1
55.0 57.70 36.19 3.9
55.0 57.68 36.03 4.0
55.0 57.70 35.76 4.1
55.0 57.63 36.24 4.3
55.0 57.67 36.09 4.3
55.0 57.70 35.66 3.9
55.0 57.65 35.91 4.1
55.0 57.69 35.66 3.9
55.0 57.67 35.67 4.1
55.0 57.63 36.12 3.7
55.0 57.68 35.79 3.6
55.0 57.71 35.27 3.7
55.0 57.74 34.69 3.7
55.0 57.83 33.46 3.9
55.0 57.84 32.81 3.9
55.0 57.88 31.97 3.8
55.0 57.85 31.88 3.9
55.0 57.90 31.33 4.0
55.0 57.83 31.71 3.8
55.0 57.81 32.02 3.9
55.0 57.79 32.44 3.8
55.0 57.79 32.57 3.5
55.0 57.76 32.87 3.5
55.0 57.76 33.08 3.7
55.0 57.75 33.23 3.5
55.0 57.76 33.18 3.9
55.0 57.77 33.05 3.7
55.0 57.81 32.56 3.8
55.0 57.76 32.73 3.7
55.0 57.76 32.87 3.7
55.0 57.83 32.17 3.4
55.0 57.82 31.95 3.5
55.0 57.83 31.62 3.6
55.0 57.88 30.93 3.5
55.0 57.88 30.60 3.6
55.0 57.88 30.45 3.5
55.0 57.86 30.53 3.5
55.0 57.89 30.24 3.2
55.0 57.92 29.79 3.7
55.0 57.89 29.77 3.3
55.0 57.90 29.62 3.2
55.0 57.90 29.58 3.1
55.0 57.91 29.43 3.5
55.0 57.82 30.18 3.4
55.0 57.79 30.84 3.0
55.0 57.82 30.92 3.0
55.0 57.85 30.59 3.3
55.0 57.82 30.72 3.2
55.0 57.80 30.90 3.5
55.0 57.82 30.76 3.4
55.0 57.81 30.80 3.4
55.0 57.81 30.77 3.2
55.0 57.83 30.53 3.6
55.0 57.82 30.53 3.5
55.0 57.82 30.49 3.5
55.0 57.82 30.41 3.4
55.0 57.83 30.33 3.4
55.0 57.84 30.08 3.8
55.0 57.76 30.73 3.3
55.0 57.79 30.78 3.3
55.0 57.81 30.57 3.8
55.0 57.78 30.72 3.3
55.0 57.77 30.87 3.5
55.0 57.78 30.85 3.4
55.0 57.82 30.42 3.1
55.0 57.85 29.84 3.3
55.0 57.85 29.52 3.3
55.0 57.90 28.87 3.0
55.0 57.89 28.57 3.6
55.0 57.89 28.44 3.5
55.0 57.82 29.03 3.2
55.0 57.81 29.44 3.7
55.0 57.80 29.74 3.0
55.0 57.80 29.82 3.3
55.0 57.76 30.27 3.3
55.0 57.81 29.90 3.5
55.0 57.79 29.97 3.1
55.0 57.79 29.93 3.2
55.0 57.78 29.99 3.1
55.0 57.80 29.77 3.1
55.0 57.79 29.75 3.2
55.0 57.78 29.82 3.5
55.0 57.72 30.41 3.3
55.0 57.72 30.72 3.1
55.0 57.76 30.40 3.3
55.0 57.79 29.97 3.1
55.0 57.79 29.68 3.0
55.0 57.85 28.97 3.3
55.0 57.83 28.76 3.1
55.0 57.83 28.61 3.1
55.0 57.83 28.50 3.3
55.0 57.88 27.92 3.0
55.0 57.93 27.16 3.3
55.0 57.89 27.16 3.3
55.0 57.84 27.65 3.5
55.0 57.81 28.19 2.8
55.0 57.83 28.23 2.8
55.0 57.83 28.20 3.0
55.0 57.80 28.47 3.2
55.0 57.85 28.04 3.1
55.0 57.87 27.65 3.1
55.0 57.91 26.96 3.1
55.0 57.86 27.14 3.0
55.0 57.87 27.05 3.0
55.0 57.87 27.01 3.0
55.0 57.84 27.31 3.0
55.0 57.85 27.26 2.8
55.0 57.84 27.38 3.0
55.0 57.80 27.73 2.9
55.0 57.86 27.35 3.1
55.0 57.86 27.15 3.0
55.0 57.82 27.35 3.0
55.0 57.76 28.04 3.1
55.0 57.74 28.60 3.1
55.0 57.70 29.23 3.1
55.0 57.72 29.37 2.8
55.0 57.70 29.61 3.0
55.0 57.68 29.88 3.1
55.0 57.66 30.14 3.5
55.0 57.71 29.74 2.8
55.0 57.71 29.55 3.3
55.0 57.66 29.93 3.0
55.0 57.65 30.24 3.1
55.0 57.62 30.65 2.8
55.0 57.64 30.60 3.0
55.0 57.73 29.70 3.1
55.0 57.68 29.75 3.3
55.0 57.66 29.90 3.3
55.0 57.66 29.92 3.2
55.0 57.67 29.89 3.3
55.0 57.68 29.67 3.2
55.0 57.68 29.53 3.2
55.0 57.64 29.92 3.7
55.0 57.64 30.04 3.1
55.0 57.65 30.03 3.1
55.0 57.60 30.44 3.1
55.0 57.64 30.22 3.0
55.0 57.61 30.36 3.3
55.0 57.64 30.17 3.3
55.0 57.61 30.33 3.1
55.0 57.62 30.31 3.0
55.0 57.59 30.53 3.0
55.0 57.59 30.68 3.3
55.0 57.60 30.64 3.2
55.0 57.69 29.69 3.2
55.0 57.73 28.71 3.4
55.0 57.73 28.25 3.2
55.0 57.74 27.88 3.2
55.0 57.78 27.24 3.0
55.0 57.77 26.99 3.1
55.0 57.73 27.25 2.9
55.0 57.81 26.60 3.0
55.0 57.81 26.21 3.0
55.0 57.75 26.60 3.1
55.0 57.71 27.15 3.2
55.0 57.70 27.59 2.9
55.0 57.68 27.96 3.3
55.0 57.65 28.43 3.0
55.0 57.63 28.76 3.1
55.0 57.66 28.69 3.3
55.0 57.71 28.12 3.1
55.0 57.75 27.35 3.2
55.0 57.76 26.85 3.0
55.0 57.74 26.81 3.0
55.0 57.77 26.50 3.1
55.0 57.77 26.24 3.0
55.0 57.73 26.49 3.1
55.0 57.73 26.64 3.1
55.0 57.74 26.58 3.2
55.0 57.73 26.57 2.9
55.0 57.71 26.76 3.0
55.0 57.71 26.85 3.3
55.0 57.79 26.09 3.0
55.0 57.76 25.95 3.0
55.0 57.72 26.25 2.8
55.0 57.75 26.10 2.8
55.0 57.74 26.06 3.0
55.0 57.72 26.24 2.8
55.0 57.74 26.18 2.6
55.0 57.75 26.01 3.1
55.0 57.72 26.13 3.0
55.0 57.70 26.36 2.9
55.0 57.69 26.63 2.7
55.0 57.69 26.74 2.8
55.0 57.56 28.04 2.8
55.0 57.53 29.01 2.9
55.0 57.49 29.79 2.8
55.0 57.51 29.97 3.0
55.0 57.51 30.02 3.0
55.0 57.52 30.02 3.2
55.0 57.52 29.98 3.1
55.0 57.50 30.09 3.0
55.0 57.55 29.62 3.5
55.0 57.53 29.54 3.1
55.0 57.52 29.65 3.0
55.0 57.52 29.67 3.3
55.0 57.52 29.65 3.4
55.0 57.52 29.61 2.7
55.0 57.52 29.57 3.2
55.0 57.47 29.99 3.0
55.0 57.45 30.44 3.1
55.0 57.38 31.36 3.2
55.0 57.36 31.96 2.9
55.0 57.36 32.23 3.2
55.0 57.39 32.02 3.3
55.0 57.45 31.28 3.2
55.0 57.45 30.98 3.3
55.0 57.45 30.72 3.1
55.0 57.46 30.50 3.3
55.0 57.48 30.14 3.1
55.0 57.47 30.06 3.3
55.0 57.45 30.25 2.8
55.0 57.47 30.09 3.5
55.0 57.44 30.25 2.7
55.0 57.45 30.22 3.3
55.0 57.44 30.27 3.2
55.0 57.50 29.71 3.3
55.0 57.49 29.54 3.3
55.0 57.47 29.55 3.3
55.0 57.46 29.65 3.4
55.0 57.42 30.08 3.2
55.0 57.43 30.18 3.2
55.0 57.43 30.27 3.3
55.0 57.45 30.03 3.5
55.0 57.46 29.82 3.1
55.0 57.47 29.62 3.3
55.0 57.42 29.92 3.5
55.0 57.45 29.78 3.2
55.0 57.46 29.62 3.3
55.0 57.48 29.29 3.3
55.0 57.47 29.21 3.3
55.0 57.44 29.42 3.2
55.0 57.42 29.73 3.2
55.0 57.41 29.92 3.0
55.0 57.36 30.51 3.9
55.0 57.35 30.94 3.3
55.0 57.33 31.28 3.1
55.0 57.34 31.39 3.2
55.0 57.31 31.71 3.2
55.0 57.30 31.95 3.3
55.0 57.40 31.01 3.7
55.0 57.40 30.56 3.4
55.0 57.39 30.35 3.4
55.0 57.39 30.24 3.3
55.0 57.41 30.04 3.4
55.0 57.42 29.79 3.7
55.0 57.37 30.17 3.9
55.0 57.35 30.50 3.1
55.0 57.34 30.78 3.5
55.0 57.35 30.71 3.3
55.0 57.37 30.48 3.0
55.0 57.36 30.51 3.6
55.0 57.36 30.49 3.7
55.0 57.31 30.93 3.3
55.0 57.32 31.07 3.3
55.0 57.34 30.90 3.5
55.0 57.31 31.09 3.5
55.0 57.31 31.10 3.3
55.0 57.32 31.04 3.4
55.0 57.32 30.93 3.1
55.0 57.31 30.98 3.6
55.0 57.32 30.93 3.5
55.0 57.35 30.51 3.3
55.0 57.34 30.43 3.2
55.0 57.31 30.66 3.7
55.0 57.30 30.85 3.2
55.0 57.29 31.03 3.2
55.0 57.30 31.01 3.7
55.0 57.34 30.60 3.3
55.0 57.36 30.19 3.3
55.0 57.41 29.47 2.9
55.0 57.39 29.29 3.1
55.0 57.40 29.04 3.0
55.0 57.38 29.08 3.3
55.0 57.41 28.78 3.7
55.0 57.36 29.12 3.1
55.0 57.33 29.58 3.1
55.0 57.33 29.75 3.1
55.0 57.26 30.57 3.3
55.0 57.27 30.84 3.3
55.0 57.25 31.18 3.2
55.0 57.24 31.37 3.3
55.0 57.22 31.63 2.7
55.0 57.21 31.92 3.3
55.0 57.24 31.72 3.5
55.0 57.22 31.79 3.3
55.0 57.16 32.44 3.3
55.0 57.13 33.01 3.4
55.0 57.06 33.98 3.4
55.0 57.06 34.46 3.5
55.0 57.07 34.53 3.5
55.0 57.09 34.41 3.7
55.0 57.10 34.21 3.5
55.0 57.11 33.98 3.5
55.0 57.18 33.11 3.5
55.0 57.20 32.48 3.1
55.0 57.20 32.13 3.1
55.0 57.22 31.77 4.1
55.0 57.19 31.90 3.4
55.0 57.16 32.24 3.5
55.0 57.15 32.49 3.7
55.0 57.14 32.70 3.8
55.0 57.13 32.87 3.5
55.0 57.09 33.33 3.1
55.0 57.12 33.26 3.3
55.0 57.13 33.11 3.4
55.0 57.15 32.78 3.6
55.0 57.11 33.01 3.3
55.0 57.17 32.53 3.5
55.0 57.05 33.47 4.1
55.0 57.05 33.92 3.3
55.0 57.06 33.97 3.6
55.0 57.05 34.14 3.4
55.0 57.06 34.04 3.6
55.0 57.08 33.83 3.9
55.0 57.07 33.74 3.9
55.0 57.04 34.00 3.6
55.0 57.03 34.27 3.7
55.0 56.98 34.83 3.9
55.0 56.97 35.18 3.8
55.0 56.98 35.25 3.8
55.0 57.02 34.89 3.5
55.0 56.99 34.97 3.5
55.0 57.00 34.94 3.7
55.0 56.99 35.00 3.7
55.0 56.95 35.42 3.7
55.0 57.00 35.04 3.8
55.0 56.99 34.94 3.9
55.0 56.98 34.97 3.7
55.0 56.97 35.06 3.9
55.0 56.98 35.01 4.2
55.0 57.04 34.42 3.9
55.0 57.05 33.94 3.7
55.0 57.02 33.99 4.1
55.0 57.06 33.66 3.9
55.0 57.09 33.16 3.7
55.0 57.02 33.56 3.5
55.0 57.01 33.86 3.7
55.0 57.01 33.96 3.6
55.0 57.05 33.63 3.9
55.0 57.06 33.29 3.8
55.0 57.06 33.12 3.5
55.0 57.00 33.65 3.7
55.0 57.02 33.68 4.1
55.0 57.02 33.65 3.6
55.0 57.01 33.75 3.9
55.0 57.00 33.90 3.8
55.0 57.00 33.90 3.7
55.0 57.01 33.84 3.8
55.0 57.01 33.75 3.7
55.0 57.03 33.49 3.8
55.0 57.10 32.69 3.8
55.0 57.08 32.47 3.3
55.0 57.06 32.53 3.5
55.0 57.15 31.59 3.3
55.0 57.14 31.21 3.6
55.0 57.13 31.09 3.6
55.0 57.16 30.78 3.7
55.0 57.18 30.40 3.5
55.0 57.17 30.31 3.6
55.0 57.11 30.84 3.7
55.0 57.07 31.45 3.7
55.0 57.05 31.91 3.6
55.0 57.08 31.81 3.1
55.0 57.10 31.62 3.5
55.0 57.09 31.55 3.5
55.0 57.10 31.38 3.7
55.0 57.10 31.33 3.6
55.0 57.09 31.33 3.5
55.0 57.11 31.20 3.6
55.0 57.12 31.01 3.3
55.0 57.08 31.28 3.8
55.0 57.11 31.10 3.8
55.0 57.10 31.05 3.5
55.0 57.10 31.06 3.2
55.0 57.08 31.25 3.5
55.0 57.11 31.03 3.4
55.0 57.08 31.11 3.5
55.0 57.03 31.64 3.3
55.0 57.05 31.71 3.5
55.0 57.10 31.25 3.7
55.0 57.13 30.74 3.0
55.0 57.12 30.53 3.3
55.0 57.10 30.64 3.5
55.0 57.09 30.72 3.7
55.0 57.12 30.46 3.3
55.0 57.11 30.38 3.6
55.0 57.22 29.27 3.4
55.0 57.22 28.70 3.8
55.0 57.17 28.88 3.7
55.0 57.19 28.75 3.4
55.0 57.22 28.33 3.4
55.0 57.27 27.63 3.3
55.0 57.25 27.48 3.4
55.0 57.20 27.90 3.1
55.0 57.20 28.07 3.2
55.0 57.23 27.81 2.9
55.0 57.21 27.84 3.4
55.0 57.21 27.84 3.5
55.0 57.21 27.82 3.0
55.0 57.15 28.42 3.1
55.0 57.11 29.12 3.2
55.0 57.04 30.13 3.3
55.0 57.04 30.60 3.2
55.0 57.04 30.81 3.3
55.0 57.07 30.57 2.9
55.0 57.07 30.46 3.2
55.0 57.04 30.71 3.0
55.0 57.02 30.97 3.3
55.0 57.04 30.90 3.1
55.0 57.01 31.14 3.3
55.0 56.95 31.84 3.1
55.0 56.92 32.54 3.2
55.0 56.95 32.58 3.1
55.0 56.99 32.16 3.3
55.0 56.95 32.34 3.3
55.0 56.97 32.15 3.3
55.0 56.95 32.27 3.3
55.0 56.94 32.37 3.3
55.0 56.96 32.30 3.1
55.0 56.93 32.46 3.0
55.0 56.95 32.41 3.4
55.0 56.96 32.26 3.0
55.0 56.95 32.23 3.4
55.0 56.91 32.56 3.5
55.0 56.94 32.42 3.4
55.0 56.88 33.00 3.5
55.0 56.96 32.46 3.7
55.0 56.97 32.08 3.5
55.0 56.93 32.25 3.5
55.0 56.94 32.20 3.1
55.0 56.94 32.20 3.9
55.0 56.93 32.23 3.0
55.0 56.93 32.26 3.6
55.0 56.96 31.98 3.5
55.0 57.00 31.41 3.5
55.0 57.08 30.26 3.3
55.0 57.06 29.85 3.5
55.0 57.06 29.64 3.5
55.0 57.09 29.21 3.4
55.0 57.09 29.02 3.4
55.0 57.10 28.79 3.6
55.0 57.11 28.54 3.1
55.0 57.14 28.15 3.3
55.0 57.11 28.17 3.3
55.0 57.12 28.07 3.5
55.0 57.12 28.07 3.1
55.0 57.08 28.43 3.6
55.0 57.17 27.66 3.3
55.0 57.21 26.90 3.2
55.0 57.22 26.34 3.1
55.0 57.20 26.21 3.3
55.0 57.19 26.28 3.4
55.0 57.21 26.12 3.3
55.0 57.16 26.49 3.0
55.0 57.09 27.39 3.2
55.0 57.10 27.69 3.3
55.0 57.14 27.40 3.2
55.0 57.18 26.86 3.1
55.0 57.17 26.69 2.9
55.0 57.17 26.55 2.9
55.0 57.16 26.58 3.1
55.0 57.20 26.21 3.1
55.0 57.21 25.83 3.3
55.0 57.20 25.79 3.2
55.0 57.20 25.73 3.1
55.0 57.28 24.88 3.0
55.0 57.27 24.50 2.9
55.0 57.23 24.67 2.8
55.0 57.25 24.60 2.8
55.0 57.23 24.74 2.8
55.0 57.26 24.50 2.9
55.0 57.24 24.56 2.7
55.0 57.19 25.07 2.9
55.0 57.19 25.28 3.0
55.0 57.11 26.14 2.6
55.0 57.06 27.07 2.8
55.0 57.06 27.53 3.0
55.0 57.07 27.59 2.8
55.0 57.07 27.63 2.8
55.0 57.01 28.27 3.0
55.0 57.03 28.38 3.2
55.0 57.00 28.70 2.6
55.0 56.99 28.95 2.5
55.0 57.04 28.52 3.1
55.0 57.03 28.43 3.0
55.0 57.01 28.50 3.1
55.0 57.08 27.85 3.1
55.0 57.11 27.22 3.1
55.0 57.14 26.62 3.0
55.0 57.10 26.71 2.9
55.0 57.08 26.93 2.8
55.0 57.07 27.05 2.9
55.0 57.10 26.80 3.1
55.0 57.10 26.70 3.0
55.0 57.06 27.00 2.9
55.0 57.04 27.29 3.1
55.0 57.09 26.94 2.8
55.0 57.07 26.94 2.7
55.0 56.98 27.88 2.9
55.0 56.95 28.57 2.8
55.0 56.95 28.96 3.0
55.0 56.99 28.72 3.0
55.0 57.03 28.20 2.9
55.0 57.11 27.11 3.0
55.0 57.07 26.91 2.9
55.0 57.05 26.98 3.3
55.0 57.09 26.68 3.0
55.0 57.08 26.54 2.8
55.0 57.09 26.33 2.9
55.0 57.07 26.41 2.8
55.0 57.03 26.92 3.1
55.0 57.03 27.13 2.9
55.0 57.03 27.19 2.8
55.0 56.97 27.81 2.9
55.0 56.95 28.34 3.0
55.0 56.93 28.79 2.9
55.0 56.91 29.19 2.5
55.0 56.89 29.54 3.0
55.0 56.95 29.06 3.1
55.0 56.95 28.87 3.1
55.0 56.96 28.65 2.7
55.0 56.95 28.59 2.9
55.0 56.93 28.75 2.7
55.0 56.94 28.70 3.1
55.0 56.95 28.54 2.6
55.0 56.99 28.03 2.9
55.0 56.97 28.02 3.2
55.0 57.01 27.60 3.0
55.0 56.97 27.79 3.0
55.0 56.97 27.79 3.1
55.0 57.00 27.54 3.0
55.0 57.02 27.18 3.0
55.0 57.02 26.95 3.0
55.0 56.96 27.42 3.1
55.0 57.00 27.23 3.3
55.0 56.99 27.22 2.7
55.0 56.98 27.30 2.8
55.0 57.01 27.10 3.1
55.0 56.99 27.09 3.0
55.0 57.00 27.01 2.7
55.0 57.04 26.59 2.7
55.0 57.01 26.65 3.1
55.0 57.03 26.47 3.1
55.0 57.09 25.70 3.1
55.0 57.10 25.18 3.1
55.0 57.05 25.42 2.6
55.0 57.04 25.69 2.9
55.0 57.04 25.78 2.9
55.0 57.07 25.48 2.8
55.0 57.04 25.65 2.6
55.0 57.04 25.70 2.6
55.0 57.02 25.85 2.7
55.0 57.03 25.88 2.6
55.0 57.03 25.86 2.8
55.0 57.06 25.49 3.0
55.0 57.14 24.50 2.8
55.0 57.12 24.24 2.8
55.0 57.16 23.68 2.8
55.0 57.19 23.01 2.8
55.0 57.20 22.64 2.8
55.0 57.15 22.90 2.8
55.0 57.14 23.11 2.3
55.0 57.13 23.28 2.6
55.0 57.14 23.27 2.8
55.0 57.15 23.18 2.6
55.0 57.15 23.05 2.8
55.0 57.16 22.91 3.0
55.0 57.23 22.13 2.6
55.0 57.16 22.37 2.7
55.0 57.15 22.58 2.5
55.0 57.09 23.24 2.6
55.0 57.11 23.43 2.3
55.0 57.10 23.56 2.6
55.0 57.11 23.50 2.9
55.0 57.07 23.83 3.0
55.0 57.09 23.84 2.6
55.0 57.10 23.70 2.4
55.0 57.09 23.66 2.8
55.0 57.12 23.35 3.2
55.0 57.11 23.25 2.4
55.0 57.14 22.93 2.4
55.0 57.15 22.68 2.7
55.0 57.22 21.83 2.6
55.0 57.17 21.87 2.5
55.0 57.16 21.99 2.7
55.0 57.12 22.45 2.6
55.0 57.11 22.73 2.9
55.0 57.12 22.74 2.5
55.0 57.11 22.80 2.3
55.0 57.09 23.03 2.6
55.0 57.12 22.85 2.4
55.0 57.13 22.65 2.6
55.0 57.12 22.61 2.5
55.0 57.10 22.79 2.5
55.0 57.11 22.75 2.5
55.0 57.10 22.77 2.4
55.0 57.10 22.81 2.6
55.0 57.12 22.55 2.5
55.0 57.09 22.78 2.5
55.0 57.07 23.07 2.7
55.0 57.03 23.53 2.3
55.0 57.02 23.88 2.4
55.0 57.02 24.00 2.5
55.0 56.99 24.33 2.7
55.0 56.97 24.74 2.8
55.0 56.93 25.31 2.6
55.0 56.96 25.30 2.2
55.0 56.97 25.18 2.5
55.0 57.02 24.54 2.5
55.0 57.03 24.18 2.5
55.0 57.03 23.96 2.4
55.0 57.05 23.65 2.8
55.0 57.11 22.83 2.6
55.0 57.07 22.78 2.6
55.0 57.07 22.76 2.6
55.0 57.01 23.37 2.5
55.0 57.01 23.62 2.4
55.0 57.03 23.53 2.6
55.0 57.06 23.12 2.9
55.0 57.05 23.08 2.6
55.0 57.02 23.34 2.6
55.0 57.02 23.42 2.0
55.0 57.04 23.26 2.4
55.0 57.09 22.67 2.6
55.0 57.10 22.24 2.4
55.0 57.13 21.73 2.4
55.0 57.15 21.22 2.4
55.0 57.14 21.05 2.6
55.0 57.13 21.03 2.5
55.0 57.11 21.24 2.8
55.0 57.09 21.54 2.3
55.0 57.07 21.86 2.2
55.0 57.05 22.18 2.4
55.0 57.03 22.48 2.2
55.0 57.02 22.75 2.5
55.0 57.04 22.68 2.6
55.0 56.98 23.23 2.4
55.0 56.97 23.58 2.5
55.0 57.01 23.34 2.3
55.0 56.92 24.09 2.5
55.0 56.97 24.00 2.5
55.0 56.94 24.17 2.6
55.0 56.91 24.59 2.3
55.0 56.91 24.80 2.4
55.0 56.83 25.68 2.6
55.0 56.88 25.56 3.1
55.0 56.91 25.15 2.5
55.0 56.93 24.79 2.6
55.0 56.89 24.94 2.6
55.0 56.91 24.84 2.6
55.0 56.85 25.41 2.7
55.0 56.90 25.16 2.0
55.0 56.91 24.86 2.8
55.0 56.96 24.24 2.6
55.0 56.98 23.66 2.8
55.0 56.99 23.28 2.7
55.0 56.96 23.33 2.6
55.0 56.96 23.41 2.8
55.0 56.98 23.18 2.4
55.0 56.99 22.98 2.7
55.0 56.98 22.95 2.6
55.0 56.97 23.01 2.6
55.0 57.00 22.78 2.9
55.0 56.97 22.91 2.6
55.0 56.96 23.03 2.6
55.0 56.97 22.99 2.4
55.0 57.01 22.55 2.6
55.0 57.00 22.43 2.5
55.0 57.00 22.30 2.8
55.0 57.01 22.17 2.4
55.0 57.03 21.89 2.6
55.0 57.02 21.86 2.6
55.0 57.08 21.16 2.6
55.0 57.08 20.82 2.6
55.0 57.08 20.66 2.6
55.0 57.01 21.22 2.4
55.0 57.00 21.59 2.2
55.0 56.99 21.87 2.6
55.0 57.03 21.61 2.6
55.0 57.08 20.96 2.4
55.0 57.07 20.65 2.6
55.0 57.01 21.12 2.5
55.0 57.00 21.45 2.2
55.0 57.00 21.55 2.4
55.0 57.06 21.06 2.4
55.0 57.07 20.64 2.1
55.0 57.10 20.12 2.1
55.0 57.06 20.20 2.2
55.0 57.05 20.39 2.4
55.0 57.03 20.62 2.5
55.0 57.07 20.39 2.4
55.0 57.06 20.26 2.2
55.0 57.05 20.35 2.0
55.0 57.00 20.85 2.0
55.0 56.97 21.34 2.3
55.0 56.95 21.80 2.8
55.0 56.96 21.92 2.4
55.0 56.95 22.02 2.2
55.0 56.96 21.96 2.8
55.0 56.99 21.67 2.4
55.0 56.98 21.60 2.4
55.0 56.99 21.47 2.1
55.0 56.98 21.48 2.2
55.0 56.95 21.71 2.4
55.0 56.95 21.87 2.7
55.0 56.90 22.45 2.2
55.0 56.91 22.57 2.1
55.0 56.96 22.15 2.2
55.0 56.95 21.99 2.4
55.0 56.93 22.10 2.4
55.0 56.91 22.33 2.8
55.0 56.92 22.29 2.6
55.0 56.94 22.12 2.2
55.0 56.95 21.91 2.1
55.0 56.94 21.84 2.3
55.0 56.92 21.99 2.4
55.0 56.92 22.08 2.5
55.0 56.89 22.44 2.6
55.0 56.87 22.76 2.6
55.0 56.86 23.03 2.6
55.0 56.88 22.96 2.4
55.0 56.88 22.89 2.4
55.0 56.86 22.97 2.0
55.0 56.88 22.82 2.5
55.0 56.88 22.71 2.2
55.0 56.89 22.63 2.2
55.0 56.90 22.41 2.3
55.0 56.92 22.13 2.4
55.0 56.91 22.00 2.4
55.0 56.93 21.78 2.2
55.0 56.88 22.15 2.6
55.0 56.86 22.46 2.7
55.0 56.90 22.26 2.2
55.0 56.90 22.14 2.5
55.0 56.88 22.23 2.4
55.0 56.87 22.40 2.6
55.0 56.90 22.12 2.2
55.0 56.89 22.13 2.2
55.0 56.87 22.27 2.6
55.0 56.86 22.46 2.4
55.0 56.85 22.65 2.4
55.0 56.85 22.68 2.4
55.0 56.81 23.11 2.4
55.0 56.80 23.37 2.6
55.0 56.81 23.40 2.5
55.0 56.80 23.47 2.6
55.0 56.81 23.39 2.1
55.0 56.79 23.57 2.6
55.0 56.74 24.16 2.6
55.0 56.72 24.59 2.6
55.0 56.72 24.78 2.6
55.0 56.73 24.84 2.5
55.0 56.71 25.00 2.5
55.0 56.73 24.88 2.4
55.0 56.71 24.96 2.4
55.0 56.73 24.80 2.8
55.0 56.75 24.54 2.6
55.0 56.73 24.56 2.6
55.0 56.75 24.40 2.6
55.0 56.73 24.46 2.8
55.0 56.75 24.32 2.6
55.0 56.76 24.09 2.7
55.0 56.74 24.13 2.6
55.0 56.74 24.15 2.7
55.0 56.73 24.30 2.6
55.0 56.68 24.82 3.0
55.0 56.69 25.01 2.6
55.0 56.72 24.72 2.7
55.0 56.71 24.71 2.6
55.0 56.71 24.66 2.6
55.0 56.75 24.28 2.6
55.0 56.76 23.92 2.4
55.0 56.76 23.75 3.0
55.0 56.74 23.83 2.4
55.0 56.76 23.70 2.1
55.0 56.74 23.80 2.8
55.0 56.68 24.45 2.7
55.0 56.70 24.54 3.0
55.0 56.72 24.38 2.6
55.0 56.72 24.26 2.7
55.0 56.75 23.86 2.2
55.0 56.74 23.81 2.8
55.0 56.72 23.93 2.6
55.0 56.68 24.42 2.7
55.0 56.70 24.43 2.8
55.0 56.69 24.54 2.8
55.0 56.68 24.68 2.6
55.0 56.68 24.67 2.8
55.0 56.67 24.76 2.8
55.0 56.73 24.25 2.6
55.0 56.73 23.96 2.8
55.0 56.73 23.80 2.8
55.0 56.78 23.22 2.6
55.0 56.76 23.10 2.8
55.0 56.76 23.05 2.7
55.0 56.85 22.08 2.5
55.0 56.82 21.84 2.6
55.0 56.80 21.95 2.8
55.0 56.82 21.73 2.8
55.0 56.83 21.53 2.5
55.0 56.82 21.51 2.5
55.0 56.81 21.57 2.3
55.0 56.79 21.81 2.4
55.0 56.78 21.97 2.5
55.0 56.78 22.07 2.6
55.0 56.71 22.77 2.2
55.0 56.70 23.24 2.5
55.0 56.70 23.42 2.5
55.0 56.69 23.62 2.4
55.0 56.73 23.34 2.4
55.0 56.67 23.80 3.0
55.0 56.66 24.10 2.5
55.0 56.64 24.46 2.5
55.0 56.66 24.37 2.4
55.0 56.67 24.24 2.4
55.0 56.60 24.86 2.6
55.0 56.60 25.17 2.4
55.0 56.61 25.17 2.7
55.0 56.67 24.56 2.8
55.0 56.62 24.79 2.7
55.0 56.64 24.61 2.6
55.0 56.65 24.41 2.6
55.0 56.63 24.53 2.7
55.0 56.58 25.08 2.6
55.0 56.58 25.34 2.5
55.0 56.67 24.51 2.6
55.0 56.65 24.33 2.6
55.0 56.64 24.29 2.4
55.0 56.53 25.39 2.6
55.0 56.54 25.87 2.5
55.0 56.52 26.21 2.8
55.0 56.55 26.15 2.6
55.0 56.53 26.22 2.6
55.0 56.59 25.73 2.7
55.0 56.55 25.78 3.0
55.0 56.56 25.76 2.6
55.0 56.61 25.25 2.7
55.0 56.60 25.00 2.2
55.0 56.60 24.88 2.8
55.0 56.58 24.98 2.6
55.0 56.63 24.55 2.8
55.0 56.63 24.37 2.6
55.0 56.62 24.31 2.8
55.0 56.59 24.62 2.8
55.0 56.56 25.07 2.8
55.0 56.56 25.25 2.5
55.0 56.66 24.37 2.8
55.0 56.68 23.67 2.6
55.0 56.69 23.24 2.6
55.0 56.58 24.04 2.8
55.0 56.58 24.42 2.7
55.0 56.60 24.45 2.2
55.0 56.61 24.31 2.4
55.0 56.58 24.56 2.6
55.0 56.56 24.82 2.7
55.0 56.57 24.92 3.0
55.0 56.57 24.94 2.8
55.0 56.57 24.92 2.8
55.0 56.59 24.73 2.9
55.0 56.57 24.77 2.6
55.0 56.57 24.77 2.6
55.0 56.57 24.74 2.6
55.0 56.56 24.86 2.7
55.0 56.54 25.03 2.9
55.0 56.63 24.28 2.6
55.0 56.59 24.25 2.7
55.0 56.59 24.23 2.9
55.0 56.51 24.98 2.8
55.0 56.49 25.58 2.8
55.0 56.47 26.09 2.6
55.0 56.48 26.21 3.1
55.0 56.49 26.15 2.6
55.0 56.42 26.79 2.6
55.0 56.41 27.24 2.5
55.0 56.39 27.59 2.8
55.0 56.43 27.41 2.6
55.0 56.40 27.61 2.8
55.0 56.42 27.52 2.8
55.0 56.45 27.13 2.8
55.0 56.37 27.72 3.0
55.0 56.38 27.94 2.9
55.0 56.41 27.67 3.3
55.0 56.43 27.36 3.1
55.0 56.48 26.72 3.0
55.0 56.52 25.97 2.6
55.0 56.51 25.67 2.8
55.0 56.50 25.59 2.9
55.0 56.45 26.07 2.8
55.0 56.38 26.93 3.0
55.0 56.40 27.14 3.0
55.0 56.42 27.06 2.6
55.0 56.41 27.16 3.0
55.0 56.44 26.86 2.8
55.0 56.45 26.56 3.1
55.0 56.47 26.26 2.8
55.0 56.48 25.99 2.8
55.0 56.49 25.73 2.8
55.0 56.50 25.50 2.6
55.0 56.51 25.28 2.8
55.0 56.53 24.93 3.0
55.0 56.49 25.15 3.0
55.0 56.47 25.46 2.8
55.0 56.48 25.49 2.8
55.0 56.46 25.70 2.8
55.0 56.42 26.13 2.8
55.0 56.44 26.17 3.1
55.0 56.41 26.50 2.6
55.0 56.41 26.63 3.0
55.0 56.44 26.36 3.0
55.0 56.44 26.22 3.2
55.0 56.44 26.16 3.0
55.0 56.42 26.28 3.0
55.0 56.39 26.63 3.0
55.0 56.41 26.60 2.8
55.0 56.41 26.56 2.7
55.0 56.35 27.13 2.8
55.0 56.35 27.48 2.8
55.0 56.37 27.41 2.8
55.0 56.38 27.30 3.1
55.0 56.40 27.03 2.9
55.0 56.35 27.31 2.9
55.0 56.39 27.05 2.9
55.0 56.44 26.41 2.9
55.0 56.47 25.77 2.7
55.0 56.53 24.87 3.1
55.0 56.53 24.34 3.1
55.0 56.52 24.18 2.8
55.0 56.51 24.18 2.9
55.0 56.52 24.09 2.6
55.0 56.53 23.98 2.9
55.0 56.55 23.70 3.0
55.0 56.52 23.82 2.9
55.0 56.50 24.11 2.6
55.0 56.47 24.47 2.4
55.0 56.47 24.68 2.6
55.0 56.47 24.81 2.8
55.0 56.52 24.28 2.7
55.0 56.51 24.10 2.7
55.0 56.52 23.92 2.6
55.0 56.53 23.76 2.6
55.0 56.49 24.08 2.6
55.0 56.50 24.12 2.6
55.0 56.47 24.36 2.7
55.0 56.47 24.51 2.7
55.0 56.43 24.92 2.7
55.0 56.42 25.27 2.3
55.0 56.42 25.43 2.6
55.0 56.48 24.86 2.8
55.0 56.45 24.92 3.3
55.0 56.44 24.96 2.6
55.0 56.43 25.14 2.9
55.0 56.47 24.75 2.7
55.0 56.53 23.96 2.7
55.0 56.54 23.50 2.4
55.0 56.54 23.22 2.6
55.0 56.53 23.17 2.5
55.0 56.52 23.24 2.6
55.0 56.53 23.19 2.6
55.0 56.53 23.10 2.6
55.0 56.54 22.99 2.7
55.0 56.57 22.57 2.5
55.0 56.54 22.64 2.5
55.0 56.53 22.78 2.5
55.0 56.57 22.47 2.7
55.0 56.57 22.28 2.8
55.0 56.59 22.01 2.6
55.0 56.57 22.02 2.2
55.0 56.54 22.30 2.5
55.0 56.53 22.54 2.6
55.0 56.52 22.75 2.9
55.0 56.54 22.62 2.5
55.0 56.51 22.82 2.7
55.0 56.47 23.29 2.6
55.0 56.49 23.41 2.6
55.0 56.46 23.67 2.4
55.0 56.35 24.89 2.8
55.0 56.38 25.26 2.4
55.0 56.38 25.38 2.8
55.0 56.39 25.38 2.2
55.0 56.33 25.94 2.7
55.0 56.32 26.27 2.5
55.0 56.30 26.62 2.8
55.0 56.32 26.66 2.5
55.0 56.33 26.56 2.6
55.0 56.42 25.62 2.6
55.0 56.46 24.65 3.0
55.0 56.48 24.04 2.4
55.0 56.50 23.45 2.9
55.0 56.46 23.53 2.4
55.0 56.48 23.43 2.6
55.0 56.47 23.42 2.2
55.0 56.48 23.29 2.5
55.0 56.54 22.64 3.0
55.0 56.56 22.10 2.6
55.0 56.53 22.10 2.6
55.0 56.50 22.35 2.9
55.0 56.42 23.30 2.7
55.0 56.44 23.60 2.4
55.0 56.45 23.59 2.4
55.0 56.43 23.75 2.7
55.0 56.45 23.67 2.6
55.0 56.43 23.79 2.6
55.0 56.42 24.00 2.8
55.0 56.45 23.77 2.6
55.0 56.49 23.19 2.4
55.0 56.55 22.33 2.7
55.0 56.55 21.85 2.6
55.0 56.52 21.87 2.3
55.0 56.51 21.97 2.8
55.0 56.51 22.09 2.6
55.0 56.47 22.52 2.4
55.0 56.49 22.45 2.4
55.0 56.46 22.78 2.6
55.0 56.45 22.96 2.3
55.0 56.51 22.44 2.6
55.0 56.52 22.09 2.4
55.0 56.51 22.00 2.5
55.0 56.53 21.72 2.8
55.0 56.52 21.67 2.6
55.0 56.58 21.10 2.6
55.0 56.59 20.64 2.4
55.0 56.59 20.40 2.4
55.0 56.56 20.59 2.6
55.0 56.50 21.26 2.4
55.0 56.49 21.66 2.4
55.0 56.50 21.75 2.2
55.0 56.53 21.55 2.6
55.0 56.53 21.38 2.6
55.0 56.52 21.38 2.5
55.0 56.45 22.08 2.7
55.0 56.48 22.13 2.4
55.0 56.51 21.88 2.3
55.0 56.50 21.82 2.7
55.0 56.47 22.00 2.7
55.0 56.50 21.81 2.4
55.0 56.46 22.09 2.4
55.0 56.48 22.09 2.3
55.0 56.45 22.28 2.3
55.0 56.44 22.55 2.2
55.0 56.45 22.52 2.3
55.0 56.46 22.36 2.4
55.0 56.43 22.62 1.9
55.0 56.41 22.89 2.4
55.0 56.48 22.37 2.2
55.0 56.54 21.53 2.5
55.0 56.54 21.04 2.3
55.0 56.54 20.75 2.6
55.0 56.56 20.39 2.6
55.0 56.55 20.33 2.5
55.0 56.62 19.63 2.4
55.0 56.57 19.77 2.2
55.0 56.58 19.65 2.3
55.0 56.57 19.73 2.4
55.0 56.59 19.58 2.3
55.0 56.60 19.35 2.3
55.0 56.54 19.85 2.5
55.0 56.51 20.35 2.2
55.0 56.52 20.51 2.2
55.0 56.49 20.82 2.2
55.0 56.50 20.88 2.3
55.0 56.49 20.97 2.3
55.0 56.50 20.91 2.3
55.0 56.47 21.25 2.4
55.0 56.49 21.14 2.3
55.0 56.50 20.98 1.8
55.0 56.46 21.26 2.0
55.0 56.44 21.59 1.9
55.0 56.40 22.21 2.4
55.0 56.38 22.64 2.2
55.0 56.37 22.95 2.2
55.0 56.38 23.04 2.2
55.0 56.29 23.94 2.3
55.0 56.29 24.39 2.2
55.0 56.35 24.01 2.4
55.0 56.37 23.57 2.7
55.0 56.36 23.44 2.4
55.0 56.42 22.83 2.2
55.0 56.43 22.35 2.5
55.0 56.43 22.10 2.4
55.0 56.43 21.97 2.6
55.0 56.45 21.74 2.5
55.0 56.45 21.63 2.4
55.0 56.49 21.11 2.3
55.0 56.45 21.21 2.4
55.0 56.45 21.27 2.4
55.0 56.43 21.47 2.3
55.0 56.43 21.56 2.6
55.0 56.45 21.44 2.5
55.0 56.49 20.92 2.2
55.0 56.49 20.72 2.2
55.0 56.46 20.81 2.1
55.0 56.45 21.04 2.1
55.0 56.43 21.31 2.4
55.0 56.46 21.12 2.4
55.0 56.50 20.58 2.2
55.0 56.45 20.83 2.3
55.0 56.48 20.66 2.2
55.0 56.49 20.45 2.8
55.0 56.51 20.08 2.4
55.0 56.50 19.97 2.2
55.0 56.48 20.14 2.2
55.0 56.51 19.95 2.3
55.0 56.51 19.77 2.3
55.0 56.52 19.59 2.2
55.0 56.51 19.59 2.0
55.0 56.52 19.50 2.2
55.0 56.43 20.30 2.2
55.0 56.40 21.00 2.3
55.0 56.44 21.01 2.2
55.0 56.47 20.69 2.6
55.0 56.43 20.87 2.5
55.0 56.42 21.10 2.6
55.0 56.46 20.73 2.2
55.0 56.46 20.56 2.2
55.0 56.41 20.96 2.2
55.0 56.38 21.44 2.1
55.0 56.39 21.62 2.5
55.0 56.39 21.66 2.2
55.0 56.39 21.62 2.3
55.0 56.37 21.87 2.0
55.0 56.42 21.45 2.5
55.0 56.40 21.38 2.4
55.0 56.38 21.61 2.2
55.0 56.38 21.67 2.3
55.0 56.39 21.64 2.5
55.0 56.41 21.41 2.4
55.0 56.39 21.42 2.4
55.0 56.40 21.38 2.5
55.0 56.40 21.31 1.9
55.0 56.42 21.08 2.2
55.0 56.43 20.79 2.3
55.0 56.48 20.17 2.3
55.0 56.46 20.05 2.1
55.0 56.44 20.17 2.2
55.0 56.42 20.38 2.4
55.0 56.42 20.47 2.2
55.0 56.36 21.11 2.4
55.0 56.37 21.36 2.3
55.0 56.38 21.41 2.4
55.0 56.40 21.22 2.2
55.0 56.42 20.92 2.4
55.0 56.42 20.75 2.2
55.0 56.39 20.95 2.2
55.0 56.45 20.37 2.2
55.0 56.45 20.09 2.2
55.0 56.46 19.81 2.2
55.0 56.48 19.54 2.1
55.0 56.47 19.43 2.2
55.0 56.47 19.41 2.4
55.0 56.42 19.89 2.1
55.0 56.43 19.95 2.4
55.0 56.46 19.66 2.1
55.0 56.44 19.69 2.2
55.0 56.43 19.87 2.0
55.0 56.41 20.10 2.4
55.0 56.40 20.34 1.7
55.0 56.42 20.26 2.3
55.0 56.42 20.20 2.3
55.0 56.36 20.76 2.2
55.0 56.35 21.11 2.2
55.0 56.33 21.51 2.4
55.0 56.34 21.59 2.6
55.0 56.38 21.22 2.2
55.0 56.41 20.66 2.2
55.0 56.37 20.81 2.2
55.0 56.37 20.82 2.2
55.0 56.36 20.91 1.9
55.0 56.37 20.88 2.4
55.0 56.38 20.79 2.1
55.0 56.37 20.84 2.2
55.0 56.42 20.32 2.3
55.0 56.42 20.04 2.1
55.0 56.45 19.57 2.2
55.0 56.48 19.04 2.1
55.0 56.43 19.27 2.2
55.0 56.43 19.37 2.6
55.0 56.43 19.42 2.3
55.0 56.43 19.42 1.8
55.0 56.41 19.57 2.0
55.0 56.43 19.46 2.0
55.0 56.40 19.71 2.2
55.0 56.37 20.09 2.2
55.0 56.36 20.37 1.9
55.0 56.35 20.59 2.3
55.0 56.36 20.61 2.2
55.0 56.31 21.16 2.0
55.0 56.30 21.45 2.2
55.0 56.31 21.46 2.3
55.0 56.28 21.80 2.2
55.0 56.31 21.66 2.2
55.0 56.32 21.45 2.8
55.0 56.30 21.55 2.2
55.0 56.24 22.22 2.5
55.0 56.27 22.20 2.1
55.0 56.29 22.02 2.2
55.0 56.27 22.09 2.4
55.0 56.27 22.11 2.4
55.0 56.29 21.95 2.6
55.0 56.29 21.88 2.2
55.0 56.33 21.38 2.2
55.0 56.31 21.32 2.2
55.0 56.28 21.63 2.4
55.0 56.28 21.77 2.4
55.0 56.21 22.45 1.9
55.0 56.22 22.71 2.3
55.0 56.18 23.24 2.5
55.0 56.13 24.01 2.4
55.0 56.16 24.09 2.2
55.0 56.17 24.00 2.4
55.0 56.18 23.84 2.2
55.0 56.16 23.97 2.2
55.0 56.15 24.06 2.4
55.0 56.15 24.13 2.4
55.0 56.19 23.72 2.4
55.0 56.19 23.58 2.5
55.0 56.21 23.26 2.5
55.0 56.22 23.02 2.6
55.0 56.22 22.84 2.6
55.0 56.18 23.14 2.5
55.0 56.18 23.35 2.2
55.0 56.19 23.34 2.8
55.0 56.16 23.55 2.3
55.0 56.16 23.68 2.4
55.0 56.16 23.78 2.4
55.0 56.20 23.39 2.4
55.0 56.24 22.80 2.4
55.0 56.22 22.61 2.6
55.0 56.23 22.46 2.8
55.0 56.22 22.48 2.5
55.0 56.21 22.58 2.8
55.0 56.14 23.32 2.6
55.0 56.14 23.70 2.4
55.0 56.14 23.89 2.7
55.0 56.13 23.99 2.2
55.0 56.16 23.74 2.5
55.0 56.16 23.65 2.6
55.0 56.14 23.79 2.4
55.0 56.17 23.55 2.6
55.0 56.16 23.48 2.6
55.0 56.17 23.32 3.0
55.0 56.18 23.13 2.4
55.0 56.21 22.78 2.6
55.0 56.17 22.99 2.4
55.0 56.15 23.29 2.6
55.0 56.15 23.46 2.7
55.0 56.14 23.56 2.3
55.0 56.14 23.62 2.6
55.0 56.15 23.51 2.6
55.0 56.23 22.70 2.6
55.0 56.23 22.24 2.6
55.0 56.24 21.96 2.5
55.0 56.27 21.47 2.5
55.0 56.27 21.20 2.5
55.0 56.27 21.06 2.9
55.0 56.27 20.98 2.6
55.0 56.30 20.61 2.4
55.0 56.25 20.91 2.4
55.0 56.30 20.56 2.4
55.0 56.25 20.86 2.3
55.0 56.24 21.14 2.3
55.0 56.24 21.23 2.4
55.0 56.25 21.24 2.4
55.0 56.25 21.20 2.2
55.0 56.22 21.46 2.6
55.0 56.21 21.67 2.2
55.0 56.16 22.32 2.4
55.0 56.12 22.98 2.4
55.0 56.11 23.45 2.4
55.0 56.09 23.82 2.4
55.0 56.10 23.96 2.9
55.0 56.11 23.85 2.3
55.0 56.13 23.62 2.7
55.0 56.07 24.11 2.4
55.0 56.10 23.99 2.2
55.0 56.14 23.60 2.6
55.0 56.13 23.40 2.2
55.0 56.15 23.16 2.4
55.0 56.16 22.90 2.3
55.0 56.14 22.95 2.4
55.0 56.14 22.99 2.6
55.0 56.20 22.40 2.4
55.0 56.18 22.33 2.4
55.0 56.22 21.87 2.5
55.0 56.22 21.58 2.5
55.0 56.21 21.52 2.2
55.0 56.20 21.58 2.6
55.0 56.21 21.52 2.8
55.0 56.14 22.18 2.6
55.0 56.14 22.52 2.2
55.0 56.12 22.86 2.6
55.0 56.12 23.01 2.5
55.0 56.14 22.93 2.3
55.0 56.13 22.89 2.6
55.0 56.10 23.19 2.1
55.0 56.07 23.61 2.6
55.0 56.11 23.46 2.6
55.0 56.03 24.12 2.4
55.0 56.06 24.21 2.5
55.0 56.08 24.02 2.6
55.0 56.05 24.19 2.2
55.0 56.04 24.35 2.5
55.0 56.07 24.19 2.2
55.0 56.12 23.58 2.3
55.0 56.13 23.11 2.6
55.0 56.16 22.58 2.7
55.0 56.13 22.65 2.4
55.0 56.14 22.53 2.7
55.0 56.13 22.64 2.6
55.0 56.11 22.84 2.1
55.0 56.13 22.77 2.7
55.0 56.14 22.57 2.6
55.0 56.06 23.25 2.4
55.0 56.07 23.52 2.6
55.0 56.07 23.59 2.5
55.0 56.08 23.57 2.4
55.0 56.10 23.36 2.5
55.0 56.12 23.07 2.8
55.0 56.10 23.06 2.4
55.0 56.13 22.72 2.4
55.0 56.15 22.40 2.7
55.0 56.10 22.71 2.6
55.0 56.10 22.84 2.4
55.0 56.13 22.56 2.6
55.0 56.13 22.43 2.7
55.0 56.13 22.37 2.3
55.0 56.13 22.34 2.6
55.0 56.07 22.93 2.6
55.0 56.06 23.32 2.6
55.0 56.03 23.75 2.6
55.0 56.07 23.56 2.6
55.0 56.05 23.71 2.6
55.0 56.02 24.01 2.2
55.0 56.05 23.90 2.6
55.0 56.06 23.77 2.5
55.0 56.05 23.78 2.4
55.0 56.12 23.09 2.8
55.0 56.10 22.88 2.5
55.0 56.10 22.75 2.4
55.0 56.14 22.35 2.6
55.0 56.13 22.15 2.4
55.0 56.12 22.21 2.2
55.0 56.10 22.38 2.8
55.0 56.10 22.44 2.5
55.0 56.17 21.82 2.6
55.0 56.12 22.01 2.4
55.0 56.10 22.25 2.5
55.0 56.12 22.18 2.5
55.0 56.13 21.98 2.2
55.0 56.13 21.89 2.5
55.0 56.12 22.00 2.3
55.0 56.15 21.73 2.5
55.0 56.18 21.31 2.2
55.0 56.12 21.60 2.4
55.0 56.06 22.35 2.5
55.0 56.07 22.66 2.3
55.0 56.06 22.90 2.6
55.0 56.06 22.96 2.5
55.0 56.07 22.92 2.2
55.0 56.07 22.84 2.3
55.0 56.06 22.90 2.7
55.0 56.07 22.86 2.6
55.0 56.11 22.48 2.6
55.0 56.03 23.02 2.4
55.0 56.01 23.50 2.5
55.0 56.04 23.47 2.4
55.0 56.01 23.66 2.4
55.0 56.04 23.49 2.7
55.0 56.09 22.86 2.8
55.0 56.01 23.41 2.2
55.0 56.00 23.72 2.4
55.0 56.03 23.59 2.5
55.0 56.07 23.12 2.3
55.0 56.07 22.82 2.6
55.0 56.09 22.47 2.7
55.0 56.08 22.40 2.1
55.0 56.07 22.48 2.5
55.0 56.07 22.46 2.6
55.0 56.00 23.15 2.3
55.0 56.00 23.53 2.5
55.0 56.06 23.12 2.5
55.0 56.03 23.15 2.5
55.0 56.09 22.61 2.4
55.0 56.06 22.60 2.4
55.0 56.04 22.84 3.0
55.0 56.04 22.86 2.4
55.0 56.07 22.64 2.3
55.0 56.07 22.46 2.4
55.0 56.03 22.78 2.9
55.0 56.04 22.83 2.3
55.0 56.05 22.78 2.4
55.0 56.07 22.51 2.4
55.0 56.11 22.01 2.6
55.0 56.11 21.74 2.5
55.0 56.09 21.74 2.4
55.0 56.10 21.70 2.5
55.0 56.11 21.49 2.4
55.0 56.10 21.53 2.4
55.0 56.10 21.51 2.1
55.0 56.10 21.48 2.6
55.0 56.10 21.44 2.6
55.0 56.11 21.39 2.2
55.0 56.19 20.57 2.4
55.0 56.16 20.37 2.4
55.0 56.21 19.83 2.4
55.0 56.15 20.10 2.1
55.0 56.10 20.71 2.3
55.0 56.07 21.30 2.4
55.0 56.03 21.99 2.3
55.0 56.07 21.94 2.3
55.0 56.05 22.16 2.3
55.0 56.02 22.49 2.2
55.0 56.03 22.55 2.3
55.0 56.03 22.63 2.8
55.0 56.02 22.73 2.8
55.0 56.05 22.51 2.4
55.0 56.11 21.70 2.6
55.0 56.12 21.28 2.2
55.0 56.10 21.21 2.6
55.0 56.07 21.45 2.2
55.0 56.12 21.05 2.3
55.0 56.14 20.69 2.5
55.0 56.12 20.67 2.3
55.0 56.09 20.96 2.4
55.0 56.08 21.22 2.4
55.0 56.10 21.14 2.4
55.0 56.07 21.37 2.4
55.0 56.07 21.43 2.3
55.0 56.03 21.86 2.2
55.0 56.01 22.29 2.4
55.0 56.01 22.54 2.1
55.0 56.02 22.54 2.6
55.0 56.03 22.43 2.3
55.0 56.04 22.27 2.5
55.0 56.05 22.10 2.3
55.0 56.02 22.24 2.4
55.0 56.03 22.20 2.2
55.0 55.98 22.70 2.3
55.0 55.96 23.10 2.3
55.0 55.99 22.98 2.4
55.0 55.99 22.94 2.4
55.0 56.02 22.63 2.5
55.0 55.97 22.98 2.5
55.0 55.98 22.99 2.7
55.0 56.01 22.70 2.6
55.0 56.01 22.59 2.4
55.0 56.00 22.57 2.2
55.0 56.11 21.50 2.2
55.0 56.06 21.41 2.2
55.0 56.12 20.83 2.4
55.0 56.09 20.83 2.4
55.0 56.06 21.10 2.6
55.0 56.05 21.31 2.4
55.0 56.09 21.03 2.0
55.0 56.09 20.85 2.4
55.0 56.05 21.18 2.3
55.0 56.02 21.57 2.4
55.0 56.02 21.81 2.5
55.0 56.03 21.82 2.4
55.0 56.01 22.03 2.3
55.0 56.00 22.17 2.4
55.0 56.00 22.26 2.4
55.0 56.01 22.18 2.4
55.0 56.01 22.18 2.5
55.0 56.00 22.21 2.2
55.0 56.00 22.25 2.4
55.0 56.00 22.30 2.4
55.0 56.01 22.19 2.3
55.0 56.08 21.39 2.4
55.0 56.07 21.10 2.5
55.0 56.11 20.59 2.4
55.0 56.05 20.92 2.5
55.0 56.04 21.15 2.4
55.0 56.08 20.87 2.2
55.0 56.13 20.21 2.3
55.0 56.10 20.19 2.4
55.0 56.10 20.14 2.4
55.0 56.10 20.09 2.4
55.0 56.09 20.19 2.4
55.0 56.11 20.04 2.3
55.0 56.06 20.40 2.4
55.0 56.08 20.36 2.3
55.0 56.09 20.29 2.3
55.0 56.07 20.37 2.3
55.0 56.09 20.20 2.3
55.0 56.11 19.93 2.3
55.0 56.07 20.23 2.2
55.0 56.06 20.47 2.2
55.0 56.06 20.52 2.2
55.0 56.05 20.64 2.2
55.0 56.03 20.92 2.2
55.0 56.02 21.12 2.4
55.0 56.03 21.11 2.2
55.0 56.01 21.32 2.3
55.0 56.02 21.31 2.3
55.0 56.00 21.50 2.3
55.0 56.01 21.47 2.5
55.0 56.02 21.34 2.4
55.0 56.03 21.17 2.4
55.0 56.04 20.98 2.2
55.0 56.03 20.96 2.6
55.0 56.03 21.01 1.9
55.0 56.04 20.93 2.2
55.0 56.05 20.80 1.8
55.0 56.05 20.65 2.6
55.0 56.06 20.50 2.2
55.0 56.07 20.35 2.1
55.0 56.07 20.22 2.1
55.0 56.09 19.94 2.2
55.0 56.12 19.45 2.0
55.0 56.14 19.05 2.1
55.0 56.14 18.86 2.2
55.0 56.15 18.61 1.8
55.0 56.15 18.51 1.8
55.0 56.13 18.64 2.2
55.0 56.11 18.85 2.2
55.0 56.10 19.09 2.0
55.0 56.09 19.34 2.1
55.0 56.07 19.57 2.2
55.0 56.08 19.63 2.0
55.0 56.07 19.76 2.2
55.0 56.07 19.77 2.0
55.0 56.09 19.56 1.9
55.0 56.08 19.57 2.1
55.0 56.10 19.37 1.9
55.0 56.10 19.25 2.0
55.0 56.10 19.15 2.2
55.0 56.14 18.77 1.8
55.0 56.12 18.74 1.9
55.0 56.13 18.56 2.0
55.0 56.12 18.63 1.8
55.0 56.13 18.50 1.8
55.0 56.13 18.43 2.0
55.0 56.13 18.40 2.2
55.0 56.14 18.24 2.4
55.0 56.13 18.32 2.3
55.0 56.11 18.51 2.5
55.0 56.07 19.05 2.3
55.0 56.06 19.41 2.0
55.0 56.05 19.67 1.8
55.0 56.04 19.87 2.0
55.0 56.05 19.88 2.0
55.0 56.05 19.80 2.0
55.0 56.05 19.84 2.2
55.0 56.01 20.24 2.0
55.0 56.02 20.31 1.8
55.0 56.00 20.55 2.2
55.0 56.01 20.53 2.1
55.0 56.02 20.41 1.8
55.0 56.00 20.54 2.3
55.0 56.00 20.64 2.1
55.0 56.02 20.40 2.0
55.0 56.02 20.33 2.7
55.0 56.06 19.87 2.1
55.0 56.05 19.73 2.0
55.0 56.04 19.73 2.2
55.0 56.03 19.80 2.1
55.0 56.04 19.74 2.0
55.0 56.04 19.78 1.9
55.0 56.03 19.86 2.1
55.0 56.04 19.79 1.8
55.0 56.03 19.83 1.6
55.0 56.04 19.74 2.2
55.0 56.02 19.92 2.0
55.0 56.00 20.20 2.2
55.0 56.01 20.21 2.1
55.0 56.00 20.25 2.1
55.0 55.99 20.45 2.2
55.0 56.00 20.40 2.4
55.0 56.01 20.25 1.9
55.0 55.99 20.37 2.3
55.0 56.02 20.13 2.2
55.0 56.00 20.21 2.2
55.0 55.97 20.58 2.1
55.0 55.98 20.60 2.4
55.0 55.99 20.46 2.2
55.0 55.96 20.72 2.1
55.0 55.98 20.68 2.2
55.0 55.99 20.51 2.2
55.0 55.96 20.74 2.1
55.0 55.97 20.69 2.4
55.0 56.00 20.36 2.2
55.0 55.96 20.68 2.2
55.0 55.96 20.82 2.1
55.0 55.94 21.02 2.2
55.0 55.94 21.09 2.2
55.0 55.93 21.25 2.1
55.0 55.92 21.43 2.3
55.0 55.92 21.47 2.2
55.0 55.90 21.75 2.3
55.0 55.86 22.26 2.2
55.0 55.84 22.71 2.2
55.0 55.85 22.80 2.4
55.0 55.88 22.57 2.4
55.0 55.90 22.21 2.6
55.0 55.89 22.11 2.4
55.0 55.92 21.82 2.3
55.0 55.91 21.78 2.4
55.0 55.93 21.53 2.1
55.0 55.93 21.36 2.3
55.0 55.90 21.54 2.3
55.0 55.90 21.71 2.2
55.0 55.90 21.72 2.4
55.0 55.91 21.65 2.3
55.0 55.88 21.85 2.3
55.0 55.86 22.17 2.3
55.0 55.86 22.37 2.2
55.0 55.90 22.04 2.3
55.0 55.92 21.65 2.3
55.0 55.91 21.56 2.2
55.0 55.93 21.29 2.2
55.0 55.92 21.27 2.4
55.0 55.88 21.66 2.4
55.0 55.86 22.06 2.3
55.0 55.85 22.30 2.4
55.0 55.82 22.75 2.3
55.0 55.82 22.97 2.4
55.0 55.85 22.78 2.5
55.0 55.83 22.86 2.4
55.0 55.83 22.91 2.4
55.0 55.86 22.63 2.4
55.0 55.85 22.53 2.8
55.0 55.88 22.20 2.4
55.0 55.89 21.95 2.4
55.0 55.87 22.04 2.3
55.0 55.86 22.12 2.6
55.0 55.87 22.06 2.4
55.0 55.87 22.07 2.5
55.0 55.88 21.97 2.4
55.0 55.90 21.67 2.4
55.0 55.89 21.59 2.5
55.0 55.85 21.93 2.4
55.0 55.85 22.13 2.2
55.0 55.83 22.41 2.4
55.0 55.81 22.71 2.4
55.0 55.83 22.70 2.4
55.0 55.86 22.40 2.5
55.0 55.87 22.13 2.6
55.0 55.89 21.74 2.4
55.0 55.87 21.77 2.0
55.0 55.85 21.98 2.4
55.0 55.83 22.27 2.6
55.0 55.81 22.57 2.7
55.0 55.81 22.72 2.4
55.0 55.84 22.48 2.0
55.0 55.87 22.08 2.6
55.0 55.88 21.78 2.6
55.0 55.89 21.53 2.1
55.0 55.87 21.63 2.0
55.0 55.85 21.88 2.2
55.0 55.83 22.18 2.3
55.0 55.81 22.49 1.8
55.0 55.80 22.78 2.4
55.0 55.81 22.76 2.4
55.0 55.80 22.89 2.8
55.0 55.80 22.93 2.4
55.0 55.83 22.62 2.2
55.0 55.85 22.33 2.6
55.0 55.87 21.90 2.3
55.0 55.90 21.43 2.8
55.0 55.89 21.27 2.8
55.0 55.90 21.11 2.4
55.0 55.89 21.10 2.3
55.0 55.88 21.16 2.5
55.0 55.91 20.95 2.4
55.0 55.91 20.77 2.4
55.0 55.90 20.77 2.3
55.0 55.88 21.00 2.3
55.0 55.86 21.33 2.2
55.0 55.87 21.37 2.2
55.0 55.89 21.13 2.4
55.0 55.90 20.93 2.3
55.0 55.92 20.60 2.4
55.0 55.93 20.39 2.3
55.0 55.90 20.53 2.3
55.0 55.88 20.84 2.4
55.0 55.84 21.35 2.2
55.0 55.82 21.77 2.2
55.0 55.85 21.68 2.2
55.0 55.89 21.20 2.4
55.0 55.95 20.42 2.4
55.0 55.90 20.46 2.4
55.0 55.85 21.01 2.3
55.0 55.89 20.86 2.5
55.0 55.82 21.46 2.4
55.0 55.82 21.76 2.2
55.0 55.87 21.45 2.3
55.0 55.83 21.64 2.3
55.0 55.81 21.90 2.3
55.0 55.80 22.18 2.3
55.0 55.85 21.84 2.4
55.0 55.84 21.69 2.4
55.0 55.84 21.64 2.6
55.0 55.85 21.48 2.0
55.0 55.88 21.13 2.4
55.0 55.87 21.01 2.5
55.0 55.87 21.00 2.1
55.0 55.86 21.04 2.3
55.0 55.90 20.65 2.4
55.0 55.86 20.83 2.2
55.0 55.86 20.97 2.6
55.0 55.85 21.07 2.2
55.0 55.85 21.16 2.2
55.0 55.85 21.23 2.4
55.0 55.84 21.29 2.2
55.0 55.83 21.49 2.2
55.0 55.82 21.60 2.3
55.0 55.82 21.66 2.3
55.0 55.84 21.53 2.6
55.0 55.85 21.34 2.3
55.0 55.82 21.57 2.4
55.0 55.79 21.99 2.3
55.0 55.80 22.00 2.4
55.0 55.84 21.69 2.6
55.0 55.79 22.00 2.2
55.0 55.81 21.97 2.6
55.0 55.87 21.33 2.4
55.0 55.91 20.59 2.2
55.0 55.85 20.77 2.6
55.0 55.82 21.19 2.4
55.0 55.80 21.55 2.4
55.0 55.77 22.02 2.4
55.0 55.76 22.36 2.4
55.0 55.74 22.77 2.0
55.0 55.72 23.20 2.4
55.0 55.71 23.46 2.6
55.0 55.68 23.94 2.0
55.0 55.69 24.03 2.4
55.0 55.67 24.25 2.6
55.0 55.72 23.90 2.1
55.0 55.76 23.32 2.4
55.0 55.72 23.41 2.7
55.0 55.70 23.66 2.2
55.0 55.68 23.97 2.5
55.0 55.63 24.58 2.2
55.0 55.57 25.45 2.2
55.0 55.57 25.95 2.5
55.0 55.55 26.40 2.2
55.0 55.51 26.95 2.2
55.0 55.53 27.08 2.6
55.0 55.54 27.00 2.4
55.0 55.55 26.84 3.0
55.0 55.56 26.64 2.4
55.0 55.60 26.14 2.2
55.0 55.61 25.82 2.2
55.0 55.65 25.30 2.6
55.0 55.65 25.02 3.0
55.0 55.66 24.71 2.2
55.0 55.69 24.24 2.7
55.0 55.71 23.88 3.0
55.0 55.75 23.28 2.2
55.0 55.77 22.76 2.8
55.0 55.77 22.45 2.4
55.0 55.76 22.39 3.2
55.0 55.77 22.31 2.7
55.0 55.79 22.06 2.3
55.0 55.81 21.75 2.9
55.0 55.81 21.58 2.6
55.0 55.81 21.48 2.5
55.0 55.79 21.57 2.7
55.0 55.81 21.43 2.6
55.0 55.78 21.66 2.6
55.0 55.75 22.03 2.6
55.0 55.71 22.61 2.5
55.0 55.71 22.94 2.5
55.0 55.69 23.30 2.6
55.0 55.67 23.65 2.5
55.0 55.70 23.52 2.6
55.0 55.68 23.64 2.5
55.0 55.66 23.87 2.4
55.0 55.68 23.83 2.6
55.0 55.66 23.97 2.6
55.0 55.66 24.03 2.5
55.0 55.65 24.21 2.7
55.0 55.66 24.13 2.6
55.0 55.69 23.78 2.5
55.0 55.68 23.78 2.6
55.0 55.67 23.79 2.6
55.0 55.69 23.65 2.5
55.0 55.66 23.90 2.6
55.0 55.64 24.17 2.6
55.0 55.66 24.12 2.9
55.0 55.64 24.24 2.6
55.0 55.68 23.97 2.5
55.0 55.66 24.00 2.6
55.0 55.66 24.00 2.6
55.0 55.64 24.15 2.7
55.0 55.65 24.20 2.6
55.0 55.66 24.05 2.7
55.0 55.65 24.12 2.6
55.0 55.59 24.74 2.5
55.0 55.58 25.12 2.7
55.0 55.64 24.77 2.6
55.0 55.67 24.25 2.7
55.0 55.68 23.85 2.6
55.0 55.70 23.50 2.5
55.0 55.69 23.36 2.6
55.0 55.63 23.92 2.6
55.0 55.71 23.39 2.5
55.0 55.70 23.17 2.6
55.0 55.78 22.33 2.6
55.0 55.78 21.86 2.6
55.0 55.74 22.04 2.7
55.0 55.67 22.81 2.6
55.0 55.72 22.73 2.6
55.0 55.71 22.74 2.4
55.0 55.71 22.79 2.6
55.0 55.76 22.24 2.6
55.0 55.72 22.36 2.7
55.0 55.73 22.32 2.7
55.0 55.69 22.67 2.8
55.0 55.71 22.71 2.4
55.0 55.72 22.62 2.7
55.0 55.68 22.93 2.3
55.0 55.73 22.64 2.5
55.0 55.73 22.39 2.4
55.0 55.74 22.19 2.2
55.0 55.75 22.00 2.8
55.0 55.76 21.84 2.7
55.0 55.73 22.00 2.1
55.0 55.74 21.99 2.2
55.0 55.73 22.05 2.6
55.0 55.74 22.00 2.4
55.0 55.72 22.19 2.4
55.0 55.73 22.19 2.5
55.0 55.75 21.94 2.5
55.0 55.76 21.74 2.6
55.0 55.75 21.73 2.6
55.0 55.74 21.81 2.2
55.0 55.73 21.91 2.7
55.0 55.69 22.33 2.2
55.0 55.63 23.17 2.4
55.0 55.66 23.25 2.1
55.0 55.65 23.44 2.2
55.0 55.61 23.96 2.6
55.0 55.63 24.01 2.5
55.0 55.66 23.69 2.4
55.0 55.65 23.67 2.8
55.0 55.60 24.09 2.4
55.0 55.58 24.54 2.6
55.0 55.56 24.98 2.2
55.0 55.60 24.78 2.5
55.0 55.60 24.61 2.2
55.0 55.61 24.46 2.7
55.0 55.63 24.17 2.4
55.0 55.63 23.99 2.4
55.0 55.65 23.72 3.0
55.0 55.65 23.56 2.7
55.0 55.67 23.32 2.9
55.0 55.67 23.19 2.9
55.0 55.68 22.98 2.6
55.0 55.71 22.58 2.6
55.0 55.69 22.58 2.7
55.0 55.69 22.60 2.5
55.0 55.69 22.63 2.6
55.0 55.70 22.51 2.6
55.0 55.69 22.48 2.5
55.0 55.69 22.49 2.6
55.0 55.67 22.67 2.4
55.0 55.72 22.31 2.6
55.0 55.74 21.87 2.6
55.0 55.73 21.73 2.4
55.0 55.73 21.72 2.4
55.0 55.77 21.32 2.6
55.0 55.79 20.91 2.2
55.0 55.79 20.67 2.6
55.0 55.79 20.52 2.6
55.0 55.78 20.57 2.2
55.0 55.78 20.55 2.5
55.0 55.77 20.66 2.4
55.0 55.77 20.66 2.0
55.0 55.78 20.61 2.4
55.0 55.77 20.70 2.2
55.0 55.77 20.69 2.4
55.0 55.75 20.94 2.4
55.0 55.74 21.14 2.4
55.0 55.79 20.70 2.6
55.0 55.81 20.29 2.4
55.0 55.81 20.08 2.4
55.0 55.82 19.81 1.9
55.0 55.82 19.67 2.3
55.0 55.81 19.76 1.9
55.0 55.81 19.79 2.6
55.0 55.78 20.10 2.2
55.0 55.80 20.06 2.3
55.0 55.83 19.71 2.1
55.0 55.86 19.23 2.2
55.0 55.84 19.18 2.2
55.0 55.87 18.87 2.2
55.0 55.88 18.61 2.2
55.0 55.86 18.68 2.2
55.0 55.84 18.91 2.5
55.0 55.82 19.19 1.9
55.0 55.83 19.17 2.1
55.0 55.82 19.33 2.2
55.0 55.80 19.55 1.8
55.0 55.82 19.49 2.2
55.0 55.74 20.21 2.2
55.0 55.73 20.64 2.4
55.0 55.70 21.23 2.3
55.0 55.72 21.25 2.7
55.0 55.75 21.00 2.0
55.0 55.74 20.96 2.1
55.0 55.75 20.86 1.7
55.0 55.77 20.58 2.1
55.0 55.76 20.54 2.2
55.0 55.79 20.15 2.1
55.0 55.81 19.78 2.2
55.0 55.80 19.74 2.1
55.0 55.74 20.29 2.2
55.0 55.75 20.49 2.0
55.0 55.74 20.66 2.3
55.0 55.76 20.52 1.8
55.0 55.77 20.38 2.4
55.0 55.76 20.41 2.2
55.0 55.78 20.21 2.1
55.0 55.75 20.36 2.2
55.0 55.76 20.37 2.2
55.0 55.75 20.46 2.1
55.0 55.77 20.28 2.2
55.0 55.77 20.14 2.1
55.0 55.72 20.62 2.4
55.0 55.76 20.46 2.2
55.0 55.79 20.00 2.6
55.0 55.80 19.75 2.4
55.0 55.81 19.44 2.2
55.0 55.83 19.13 2.2
55.0 55.84 18.83 2.2
55.0 55.82 18.85 2.2
55.0 55.76 19.47 2.2
55.0 55.81 19.26 2.0
55.0 55.83 18.99 2.2
55.0 55.83 18.87 2.0
55.0 55.81 18.96 1.8
55.0 55.81 19.00 2.5
55.0 55.80 19.16 2.2
55.0 55.81 19.06 2.0
55.0 55.81 19.01 2.2
55.0 55.83 18.82 2.0
55.0 55.81 18.88 2.3
55.0 55.80 19.06 2.4
55.0 55.77 19.43 1.8
55.0 55.77 19.56 2.1
55.0 55.73 20.03 2.1
55.0 55.72 20.33 2.1
55.0 55.72 20.53 2.1
55.0 55.70 20.84 2.1
55.0 55.74 20.56 2.2
55.0 55.76 20.19 2.4
55.0 55.77 19.95 2.1
55.0 55.73 20.23 2.0
55.0 55.72 20.42 2.3
55.0 55.73 20.42 2.2
55.0 55.72 20.48 2.2
55.0 55.73 20.42 2.1
55.0 55.73 20.45 2.1
55.0 55.70 20.67 2.2
55.0 55.71 20.67 2.0
55.0 55.72 20.56 2.0
55.0 55.75 20.25 2.0
55.0 55.73 20.34 2.3
55.0 55.72 20.43 2.2
55.0 55.68 20.83 2.4
55.0 55.71 20.74 2.1
55.0 55.69 20.89 2.2
55.0 55.72 20.69 2.2
55.0 55.71 20.63 2.2
55.0 55.69 20.80 2.2
55.0 55.71 20.76 2.2
55.0 55.73 20.47 2.2
55.0 55.77 19.93 2.0
55.0 55.71 20.21 2.3
55.0 55.71 20.40 2.0
55.0 55.70 20.54 1.8
55.0 55.72 20.49 2.5
55.0 55.74 20.20 2.4
55.0 55.73 20.13 2.1
55.0 55.74 20.01 1.9
55.0 55.73 20.02 2.1
55.0 55.73 20.09 2.0
55.0 55.75 19.88 2.0
55.0 55.70 20.31 2.4
55.0 55.74 20.09 2.2
55.0 55.76 19.75 2.2
55.0 55.75 19.67 2.0
55.0 55.74 19.71 2.2
55.0 55.72 19.96 2.0
55.0 55.73 19.98 2.0
55.0 55.71 20.20 2.2
55.0 55.78 19.58 2.2
55.0 55.86 18.46 2.2
55.0 55.85 17.94 2.1
55.0 55.84 17.87 2.2
55.0 55.82 17.99 2.1
55.0 55.80 18.21 2.1
55.0 55.82 18.14 2.0
55.0 55.83 17.95 2.0
55.0 55.79 18.33 2.2
55.0 55.82 18.17 2.2
55.0 55.80 18.25 2.0
55.0 55.81 18.27 2.0
55.0 55.82 18.11 2.2
55.0 55.82 18.03 2.0
55.0 55.77 18.44 2.0
55.0 55.70 19.36 2.2
55.0 55.70 19.85 1.7
55.0 55.70 20.12 1.8
55.0 55.72 19.99 2.0
55.0 55.70 20.12 2.0
55.0 55.71 20.07 2.0
55.0 55.74 19.78 2.0
55.0 55.70 20.01 2.2
55.0 55.70 20.16 2.3
55.0 55.68 20.41 2.2
55.0 55.74 19.93 1.8
55.0 55.71 19.92 2.0
55.0 55.72 19.80 2.0
55.0 55.72 19.80 2.2
55.0 55.71 19.85 2.1
55.0 55.68 20.22 2.2
55.0 55.72 19.96 2.0
55.0 55.73 19.73 2.0
55.0 55.69 19.98 2.3
55.0 55.66 20.43 2.0
55.0 55.65 20.80 2.0
55.0 55.65 20.96 2.0
55.0 55.65 21.02 1.9
55.0 55.70 20.58 2.2
55.0 55.72 20.08 2.1
55.0 55.70 20.03 2.2
55.0 55.67 20.35 2.1
55.0 55.67 20.50 1.9
55.0 55.67 20.58 2.4
55.0 55.68 20.46 2.0
55.0 55.68 20.42 2.2
55.0 55.71 20.10 2.2
55.0 55.72 19.83 2.2
55.0 55.70 19.90 2.4
55.0 55.77 19.20 2.0
55.0 55.74 19.10 2.1
55.0 55.75 18.97 2.4
55.0 55.76 18.84 2.2
55.0 55.75 18.87 2.1
55.0 55.74 18.96 2.1
55.0 55.76 18.77 2.0
55.0 55.75 18.77 1.9
55.0 55.77 18.55 2.0
55.0 55.73 18.84 2.0
55.0 55.73 19.06 2.0
55.0 55.69 19.52 2.2
55.0 55.72 19.47 2.1
55.0 55.74 19.19 2.1
55.0 55.72 19.27 2.0
55.0 55.67 19.82 2.4
55.0 55.67 20.09 2.2
55.0 55.68 20.07 2.1
55.0 55.68 20.08 2.4
55.0 55.69 19.94 2.0
55.0 55.71 19.74 2.2
55.0 55.69 19.83 2.1
55.0 55.67 20.05 2.1
55.0 55.73 19.54 2.0
55.0 55.69 19.65 2.2
55.0 55.70 19.58 2.0
55.0 55.68 19.73 1.9
55.0 55.70 19.67 2.1
55.0 55.69 19.67 2.1
55.0 55.66 20.00 2.0
55.0 55.68 20.00 2.2
55.0 55.64 20.32 2.2
55.0 55.68 20.15 2.0
55.0 55.66 20.22 2.4
55.0 55.68 20.10 2.1
55.0 55.67 20.04 2.3
55.0 55.69 19.87 2.0
55.0 55.67 19.96 2.0
55.0 55.67 20.00 2.0
55.0 55.70 19.72 2.4
55.0 55.68 19.76 1.6
55.0 55.72 19.34 2.0
55.0 55.73 19.03 2.5
55.0 55.73 18.94 2.2
55.0 55.75 18.65 2.1
55.0 55.71 18.89 2.0
55.0 55.69 19.20 2.0
55.0 55.64 19.83 2.2
55.0 55.63 20.27 1.8
55.0 55.63 20.46 2.1
55.0 55.68 20.06 2.0
55.0 55.65 20.17 2.2
55.0 55.64 20.36 2.2
55.0 55.61 20.73 2.3
55.0 55.63 20.70 1.9
55.0 55.65 20.49 2.2
55.0 55.65 20.37 1.9
55.0 55.64 20.44 2.1
55.0 55.62 20.60 2.0
55.0 55.60 20.93 2.1
55.0 55.57 21.33 2.0
55.0 55.54 21.89 2.2
55.0 55.49 22.64 2.1
55.0 55.52 22.68 2.2
55.0 55.57 22.25 2.1
55.0 55.56 22.09 2.5
55.0 55.54 22.20 2.3
55.0 55.54 22.29 2.4
55.0 55.57 22.04 2.3
55.0 55.57 21.82 2.2
55.0 55.60 21.47 2.3
55.0 55.57 21.52 2.1
55.0 55.57 21.61 2.0
55.0 55.58 21.55 2.2
55.0 55.60 21.28 2.3
55.0 55.58 21.38 2.2
55.0 55.60 21.19 2.3
55.0 55.55 21.63 2.4
55.0 55.50 22.34 2.1
55.0 55.53 22.37 2.4
55.0 55.53 22.40 2.3
55.0 55.60 21.66 2.4
55.0 55.62 21.08 2.2
55.0 55.61 20.89 2.6
55.0 55.60 20.89 2.3
55.0 55.61 20.83 2.3
55.0 55.63 20.59 2.2
55.0 55.60 20.73 2.4
55.0 55.53 21.49 2.0
55.0 55.58 21.43 2.0
55.0 55.57 21.46 2.3
55.0 55.58 21.37 2.5
55.0 55.57 21.39 2.4
55.0 55.58 21.31 2.2
55.0 55.59 21.18 2.2
55.0 55.60 21.04 2.4
55.0 55.66 20.29 2.6
55.0 55.65 20.06 2.3
55.0 55.64 20.07 2.0
55.0 55.64 20.05 2.2
55.0 55.64 20.01 2.6
55.0 55.63 20.11 2.0
55.0 55.56 20.87 2.4
55.0 55.54 21.45 2.2
55.0 55.47 22.35 2.1
55.0 55.49 22.61 2.0
55.0 55.49 22.72 2.3
55.0 55.53 22.45 2.3
55.0 55.49 22.63 2.3
55.0 55.53 22.39 2.2
55.0 55.49 22.59 2.4
55.0 55.47 22.96 2.2
55.0 55.52 22.65 2.6
55.0 55.52 22.49 2.2
55.0 55.53 22.26 2.8
55.0 55.51 22.31 2.2
55.0 55.53 22.19 2.3
55.0 55.51 22.29 2.3
55.0 55.53 22.18 2.1
55.0 55.53 22.14 2.3
55.0 55.49 22.43 2.0
55.0 55.53 22.25 2.5
55.0 55.52 22.17 2.6
55.0 55.54 21.98 2.7
55.0 55.54 21.92 2.4
55.0 55.56 21.60 2.4
55.0 55.56 21.49 2.3
55.0 55.57 21.32 2.4
55.0 55.55 21.44 2.6
55.0 55.60 20.92 2.6
55.0 55.58 20.90 2.5
55.0 55.57 20.96 2.2
55.0 55.58 20.89 2.2
55.0 55.59 20.77 2.2
55.0 55.60 20.64 2.4
55.0 55.63 20.19 2.1
55.0 55.64 19.94 2.4
55.0 55.62 19.93 2.0
55.0 55.61 20.04 2.2
55.0 55.62 20.04 2.2
55.0 55.62 19.98 2.2
55.0 55.66 19.61 2.2
55.0 55.64 19.56 2.4
55.0 55.64 19.51 2.2
55.0 55.65 19.46 2.4
55.0 55.66 19.27 2.2
55.0 55.65 19.31 2.2
55.0 55.62 19.62 2.3
55.0 55.58 20.18 2.1
55.0 55.62 20.06 2.2
55.0 55.62 19.95 1.8
55.0 55.61 20.00 2.2
55.0 55.59 20.27 2.2
55.0 55.53 20.93 2.3
55.0 55.53 21.27 2.5
55.0 55.53 21.46 2.2
55.0 55.53 21.57 2.0
55.0 55.54 21.48 2.4
55.0 55.54 21.46 2.2
55.0 55.50 21.78 2.3
55.0 55.49 22.07 2.5
55.0 55.51 22.05 2.2
55.0 55.48 22.32 2.5
55.0 55.48 22.43 2.2
55.0 55.48 22.44 2.0
55.0 55.46 22.72 2.3
55.0 55.48 22.65 2.2
55.0 55.47 22.73 2.3
55.0 55.42 23.17 2.3
55.0 55.43 23.30 2.4
55.0 55.41 23.59 2.5
55.0 55.33 24.52 2.2
55.0 55.36 24.65 2.3
55.0 55.38 24.57 2.4
55.0 55.41 24.24 2.6
55.0 55.43 23.82 2.4
55.0 55.43 23.68 2.5
55.0 55.46 23.22 2.6
55.0 55.45 23.09 2.6
55.0 55.49 22.65 2.2
55.0 55.40 23.31 2.4
55.0 55.44 23.22 2.3
55.0 55.44 23.26 2.4
55.0 55.44 23.20 2.1
55.0 55.48 22.79 2.6
55.0 55.51 22.25 2.4
55.0 55.51 21.98 2.4
55.0 55.50 21.99 2.4
55.0 55.54 21.52 2.6
55.0 55.62 20.56 2.8
55.0 55.61 20.17 2.5
55.0 55.57 20.37 3.0
55.0 55.53 20.83 2.6
55.0 55.51 21.22 2.2
55.0 55.53 21.26 2.6
55.0 55.59 20.69 2.2
55.0 55.58 20.48 2.4
55.0 55.56 20.58 2.4
55.0 55.55 20.68 2.3
55.0 55.58 20.46 2.4
55.0 55.57 20.42 2.3
55.0 55.58 20.30 2.2
55.0 55.54 20.61 2.4
55.0 55.53 20.95 2.2
55.0 55.51 21.27 2.4
55.0 55.49 21.58 2.5
55.0 55.47 22.02 2.5
55.0 55.46 22.34 2.0
55.0 55.48 22.29 2.4
55.0 55.46 22.37 2.5
55.0 55.42 22.82 2.4
55.0 55.45 22.80 2.3
55.0 55.42 23.02 2.4
55.0 55.39 23.49 2.2
55.0 55.40 23.60 2.2
55.0 55.41 23.54 2.6
55.0 55.41 23.56 2.4
55.0 55.42 23.46 2.6
55.0 55.44 23.16 2.4
55.0 55.40 23.39 2.5
55.0 55.40 23.54 2.8
55.0 55.44 23.20 2.3
55.0 55.40 23.41 2.6
55.0 55.41 23.40 2.4
55.0 55.44 23.14 2.4
55.0 55.45 22.93 2.5
55.0 55.47 22.61 2.5
55.0 55.46 22.55 2.4
55.0 55.42 22.91 2.4
55.0 55.43 23.00 2.2
55.0 55.42 23.10 2.6
55.0 55.38 23.51 2.1
55.0 55.41 23.43 2.4
55.0 55.41 23.44 2.4
55.0 55.34 24.08 2.4
55.0 55.36 24.23 2.8
55.0 55.39 24.00 2.4
55.0 55.34 24.36 2.5
55.0 55.36 24.37 2.6
55.0 55.37 24.21 2.4
55.0 55.37 24.15 2.6
55.0 55.37 24.12 2.6
55.0 55.43 23.51 2.6
55.0 55.50 22.51 2.8
55.0 55.50 22.00 2.6
55.0 55.49 21.88 2.4
55.0 55.50 21.64 2.4
55.0 55.50 21.50 2.4
55.0 55.52 21.28 2.2
55.0 55.55 20.86 2.2
55.0 55.59 20.24 2.8
55.0 55.52 20.60 2.1
55.0 55.51 20.94 2.6
55.0 55.51 21.10 2.3
55.0 55.54 20.87 2.4
e 68.21431064605713