27.15 40.00 60.00
27.15 40.00 12.85
27.24 40.00 -9.85
27.15 40.00 35.45
27.06 40.00 19.39
27.06 40.00 12.94
27.33 40.00 5.89
27.24 40.00 15.14
27.24 40.00 12.76
27.24 40.00 12.76
27.24 40.00 12.76
27.06 40.00 17.46
27.24 40.00 8.00
27.06 40.00 17.70
27.06 40.00 12.94
27.24 40.00 8.24
27.06 40.00 17.96
27.15 40.00 10.70
27.06 40.00 15.32
27.24 40.00 8.24
27.06 40.00 17.96
27.06 40.00 12.94
27.24 40.00 8.00
27.06 40.00 17.96
27.24 40.00 8.45
27.15 40.00 15.36
27.06 40.00 15.20
27.15 40.00 10.47
27.06 40.00 15.09
27.24 40.00 8.00
27.06 40.00 17.70
27.06 40.00 12.94
27.06 40.00 12.94
27.24 40.00 8.00
27.06 40.00 17.96
27.24 40.00 8.45
27.06 40.00 17.96
27.06 40.00 12.94
27.06 40.00 12.94
27.06 40.00 12.94
27.06 40.00 12.94
27.06 40.00 12.94
27.06 40.00 12.94
27.06 40.00 12.94
27.06 40.00 12.94
26.97 40.00 15.18
27.15 40.00 8.10
26.97 40.00 18.05
27.06 40.00 10.79
27.06 40.00 12.94
27.15 40.00 10.59
27.06 40.00 15.32
26.97 40.00 15.18
27.06 40.00 10.56
27.06 40.00 12.94
27.06 40.00 12.94
26.97 40.00 15.28
26.97 40.00 13.03
26.97 40.00 13.03
26.97 40.00 13.03
26.97 40.00 13.03
26.97 40.00 13.03
26.97 40.00 13.03
26.97 40.00 13.03
26.97 40.00 13.03
26.97 40.00 13.03
26.97 40.00 13.03
26.97 40.00 13.03
26.97 40.00 13.03
26.97 40.00 13.03
26.97 40.00 13.03
26.97 40.00 13.03
26.97 40.00 13.03
27.06 40.00 10.68
26.97 40.00 15.40
26.88 40.00 15.38
26.88 40.00 13.12
26.97 40.00 10.65
26.97 40.00 13.03
27.15 40.00 8.10
27.06 40.00 15.32
27.06 40.00 12.94
27.06 40.00 12.94
27.06 40.00 12.94
27.06 40.00 12.94
27.06 40.00 12.94
26.97 40.00 15.28
26.88 40.00 15.49
26.88 40.00 13.12
26.88 40.00 13.12
26.88 40.00 13.12
26.88 40.00 13.12
26.88 40.00 13.12
26.88 40.00 13.12
26.97 40.00 10.65
27.06 40.00 10.79
26.88 40.00 17.87
27.06 40.00 8.43
27.06 40.00 12.94
26.88 40.00 17.42
26.79 40.00 15.58
26.88 40.00 10.75
26.88 40.00 13.12
27.06 40.00 8.19
26.88 40.00 17.87
27.06 40.00 8.19
26.97 40.00 15.28
27.06 40.00 10.56
26.88 40.00 17.63
26.88 40.00 13.12
26.88 40.00 13.12
27.06 40.00 8.19
26.88 40.00 17.87
26.88 40.00 13.12
26.88 40.00 13.12
26.88 40.00 13.12
26.88 40.00 13.12
26.88 40.00 13.12
26.88 40.00 13.12
27.06 40.00 8.64
26.97 40.00 15.54
26.88 40.00 15.38
26.88 40.00 13.12
26.79 40.00 15.36
26.70 40.00 15.67
26.88 40.00 8.38
27.06 40.00 8.19
27.06 40.00 12.94
27.06 40.00 12.94
27.06 40.00 12.94
26.88 40.00 17.63
26.88 40.00 13.12
26.88 40.00 13.12
26.98 40.00 10.52
27.07 40.00 10.67
27.17 40.00 10.33
26.79 40.00 23.22
27.33 40.00 -0.35
27.06 40.00 20.08
26.70 40.00 22.32
26.70 40.00 13.30
26.70 40.00 13.30
26.70 40.00 13.30
27.06 40.00 3.92
27.06 40.00 12.94
26.61 40.00 24.66
26.61 40.00 13.39
26.61 40.00 13.39
26.61 40.00 13.39
26.52 40.00 15.97
26.42 40.00 15.94
26.52 40.00 11.00
26.61 40.00 11.14
26.61 40.00 13.39
26.52 40.00 15.62
26.52 40.00 13.48
26.52 40.00 13.48
26.52 40.00 13.48
26.52 40.00 13.48
26.52 40.00 13.48
26.33 40.00 18.39
26.43 40.00 11.22
26.33 40.00 16.03
26.24 40.00 16.24
26.43 40.00 8.74
26.52 40.00 11.11
26.52 40.00 13.48
26.52 40.00 13.48
26.33 40.00 18.39
26.24 40.00 16.12
26.33 40.00 11.19
26.43 40.00 11.22
26.43 40.00 13.57
26.43 40.00 13.57
26.24 40.00 18.47
26.34 40.00 11.31
26.43 40.00 11.09
26.24 40.00 18.72
26.52 40.00 6.85
26.43 40.00 16.07
26.61 40.00 8.89
26.70 40.00 10.93
26.70 40.00 13.30
26.70 40.00 13.30
26.23 40.00 25.54
26.42 40.00 8.88
26.79 40.00 3.40
26.61 40.00 18.39
26.61 40.00 13.39
26.61 40.00 13.39
26.61 40.00 13.39
26.70 40.00 11.05
26.80 40.00 10.72
26.61 40.00 18.10
26.88 40.00 6.01
26.61 40.00 20.15
26.70 40.00 10.93
26.70 40.00 13.30
26.70 40.00 13.30
26.98 40.00 5.96
26.79 40.00 18.55
26.79 40.00 13.21
26.79 40.00 13.21
26.79 40.00 13.21
27.07 40.00 5.87
26.98 40.00 15.50
27.26 40.00 5.66
26.79 40.00 26.30
26.79 40.00 13.21
26.79 40.00 13.21
26.89 40.00 10.76
27.07 40.00 7.96
26.98 40.00 15.51
27.07 40.00 10.56
27.06 40.00 13.27
27.06 40.00 12.94
27.06 40.00 12.94
26.78 40.00 20.31
26.87 40.00 10.65
27.06 40.00 8.44
26.97 40.00 15.66
27.06 40.00 10.57
27.15 40.00 10.59
27.15 40.00 12.85
27.15 40.00 12.85
26.87 40.00 20.23
26.96 40.00 10.67
27.06 40.00 10.45
26.96 40.00 15.40
27.70 40.00 -6.02
27.42 40.00 19.38
27.42 40.00 12.58
27.60 40.00 8.08
27.60 40.00 12.40
27.88 40.00 5.31
27.70 40.00 17.35
27.70 40.00 12.30
27.70 40.00 12.30
27.70 40.00 12.30
27.70 40.00 12.30
27.70 40.00 12.30
28.33 40.00 -4.26
28.15 40.00 16.41
28.24 40.00 9.48
27.97 40.00 19.62
27.97 40.00 12.03
27.97 40.00 12.03
27.97 40.00 12.03
27.97 40.00 12.03
28.15 40.00 7.30
28.15 40.00 11.85
28.15 40.00 11.85
28.15 40.00 11.85
28.15 40.00 11.85
28.33 40.00 7.11
28.33 40.00 11.67
28.33 40.00 11.67
28.33 40.00 11.67
28.33 40.00 11.67
28.79 40.00 -0.22
28.79 40.00 11.21
28.52 40.00 18.71
28.61 40.00 8.99
28.61 40.00 11.39
28.88 40.00 3.89
28.88 40.00 11.12
28.88 40.00 11.12
28.88 40.00 11.12
28.97 40.00 8.61
28.97 40.00 11.03
29.16 40.00 6.25
29.07 40.00 13.35
29.16 40.00 8.43
29.34 40.00 5.81
29.25 40.00 13.17
29.25 40.00 10.75
29.25 40.00 10.75
29.25 40.00 10.75
29.53 40.00 3.56
29.34 40.00 15.78
29.53 40.00 6.08
29.43 40.00 13.13
29.43 40.00 10.57
29.43 40.00 10.57
29.71 40.00 3.00
29.71 40.00 10.29
29.71 40.00 10.29
29.71 40.00 10.29
29.71 40.00 10.29
30.08 40.00 0.65
30.08 40.00 9.92
30.08 40.00 9.92
30.08 40.00 9.92
30.08 40.00 9.92
30.08 40.00 9.92
30.27 40.00 4.57
30.45 40.00 4.65
30.36 40.00 12.10
30.45 40.00 7.22
30.45 40.00 9.55
30.45 40.00 9.55
30.65 40.00 4.15
30.55 40.00 12.20
30.65 40.00 6.88
30.85 40.00 3.94
31.11 40.00 2.08
30.92 40.00 14.30
31.01 40.00 6.65
31.01 40.00 8.99
31.11 40.00 6.43
31.11 40.00 8.90
31.11 40.00 8.90
31.11 40.00 8.90
31.01 40.00 11.77
31.21 40.00 3.80
31.21 40.00 8.80
31.58 40.00 -1.32
31.86 40.00 0.68
31.86 40.00 8.15
31.67 40.00 13.59
31.67 40.00 8.34
31.67 40.00 8.34
32.24 40.00 -7.20
32.24 40.00 7.77
32.53 40.00 -0.46
32.34 40.00 12.22
32.15 40.00 12.87
32.15 40.00 7.86
32.15 40.00 7.86
32.24 40.00 5.39
32.24 40.00 7.77
32.24 40.00 7.77
32.34 40.00 5.12
32.91 40.00 -8.65
32.91 40.00 7.11
33.20 40.00 -1.19
32.91 40.00 13.97
32.81 40.00 9.72
32.81 40.00 7.20
32.81 40.00 7.20
33.02 40.00 1.28
33.02 40.00 7.00
33.10 40.00 4.63
33.30 40.00 1.91
33.30 40.00 6.72
33.39 40.00 4.09
33.39 40.00 6.63
33.49 40.00 3.85
33.49 40.00 6.53
33.59 40.00 3.75
33.59 40.00 6.44
33.59 40.00 6.44
33.79 40.00 0.74
33.88 40.00 3.86
33.97 40.00 3.62
34.07 40.00 3.25
34.17 40.00 3.15
34.17 40.00 5.86
34.27 40.00 3.05
34.27 40.00 5.76
34.36 40.00 2.95
34.66 40.00 -1.97
34.46 40.00 10.73
34.76 40.00 -2.08
34.95 40.00 0.16
35.05 40.00 2.25
34.95 40.00 7.68
34.85 40.00 7.92
34.95 40.00 2.62
35.15 40.00 -0.60
35.15 40.00 4.89
35.15 40.00 4.89
35.35 40.00 -0.52
35.35 40.00 4.70
35.35 40.00 4.70
35.45 40.00 2.12
35.45 40.00 4.60
35.75 40.00 -3.56
35.65 40.00 6.90
36.15 40.00 -9.25
35.75 40.00 14.84
36.25 40.00 -8.71
36.25 40.00 3.82
36.45 40.00 -1.98
36.15 40.00 11.46
36.05 40.00 6.52
36.05 40.00 4.01
36.05 40.00 4.01
36.05 40.00 4.01
36.35 40.00 -4.22
36.65 40.00 -4.15
36.45 40.00 8.94
36.55 40.00 1.00
36.55 40.00 3.52
36.75 40.00 -2.30
36.75 40.00 3.32
37.36 40.00 -14.25
37.06 40.00 10.32
37.47 40.00 -8.13
36.96 40.00 15.28
37.26 40.00 -5.22
37.06 40.00 8.12
37.67 40.00 -13.74
37.26 40.00 12.59
37.77 40.00 -11.18
37.88 40.00 -0.23
37.88 40.00 2.22
37.36 40.00 17.00
37.47 40.00 0.06
37.47 40.00 2.63
37.67 40.00 -2.98
37.67 40.00 2.43
38.19 40.00 -10.99
37.88 40.00 9.99
38.50 40.00 -14.76
37.98 40.00 15.11
38.50 40.00 -10.74
38.19 40.00 9.73
38.19 40.00 1.92
38.19 40.00 1.92
38.19 40.00 1.92
38.50 40.00 -6.59
38.40 40.00 4.46
39.02 40.00 -14.59
38.60 40.00 12.01
39.02 40.00 -9.37
38.71 40.00 9.29
39.02 40.00 -7.17
38.71 40.00 9.71
38.71 40.00 1.42
38.71 40.00 1.42
38.71 40.00 1.42
39.02 40.00 -7.17
38.92 40.00 3.85
39.55 40.00 -16.07
39.13 40.00 11.60
39.34 40.00 -4.22
39.24 40.00 3.69
39.45 40.00 -4.86
39.34 40.00 3.60
39.45 40.00 -2.08
39.55 40.00 -2.05
39.55 40.00 0.61
39.77 40.00 -4.92
39.77 40.00 0.40
40.30 40.00 -14.21
39.77 40.00 13.79
40.41 40.00 -15.54
40.30 40.00 2.58
39.98 40.00 8.67
39.98 40.00 0.20
40.09 40.00 -2.88
40.09 40.00 0.09
40.19 40.00 -2.99
40.30 40.00 -2.67
40.30 40.00 -0.11
40.30 40.00 -0.11
40.52 40.00 -5.71
40.41 40.00 2.48
41.06 40.00 -18.92
40.63 40.00 9.46
40.63 40.00 -0.42
41.17 40.00 -15.26
40.84 40.00 7.16
40.84 40.00 -0.63
41.28 40.00 -11.96
40.95 40.00 7.46
41.06 40.00 -3.56
41.06 40.00 -0.84
41.06 40.00 -0.84
41.17 40.00 -3.67
41.17 40.00 -0.94
41.17 40.00 -0.94
41.28 40.00 -3.78
41.39 40.00 -3.89
41.39 40.00 -1.15
41.50 40.00 -4.15
41.72 40.00 -6.98
42.05 40.00 -10.09
41.72 40.00 6.85
41.61 40.00 1.55
41.83 40.00 -7.39
41.72 40.00 1.30
41.83 40.00 -4.64
41.83 40.00 -1.57
41.83 40.00 -1.57
42.05 40.00 -7.33
41.94 40.00 1.10
42.05 40.00 -4.87
42.05 40.00 -1.78
42.05 40.00 -1.78
42.05 40.00 -1.78
42.16 40.00 -4.81
42.16 40.00 -1.88
42.27 40.00 -4.78
42.50 40.00 -7.80
42.50 40.00 -2.20
42.39 40.00 0.71
42.50 40.00 -5.15
42.61 40.00 -5.12
42.72 40.00 -5.37
42.72 40.00 -2.41
42.61 40.00 0.51
42.72 40.00 -5.54
42.72 40.00 -2.41
42.72 40.00 -2.41
42.84 40.00 -5.34
42.84 40.00 -2.52
43.18 40.00 -10.93
42.95 40.00 3.05
42.95 40.00 -2.62
43.06 40.00 -5.56
43.06 40.00 -2.73
43.06 40.00 -2.73
43.06 40.00 -2.73
43.06 40.00 -2.73
43.18 40.00 -5.83
43.40 40.00 -8.75
43.40 40.00 -3.05
43.40 40.00 -3.05
43.40 40.00 -3.05
43.63 40.00 -8.72
43.29 40.00 6.08
43.98 40.00 -21.70
43.86 40.00 -0.60
43.86 40.00 -3.48
43.40 40.00 9.03
43.63 40.00 -9.63
43.52 40.00 -0.43
43.52 40.00 -3.16
43.63 40.00 -6.13
43.63 40.00 -3.27
43.63 40.00 -3.27
43.86 40.00 -9.53
43.63 40.00 2.49
44.09 40.00 -15.83
43.86 40.00 2.02
43.86 40.00 -3.48
43.98 40.00 -6.33
43.86 40.00 -0.44
43.86 40.00 -3.48
43.86 40.00 -3.48
43.86 40.00 -3.48
44.09 40.00 -9.47
44.09 40.00 -3.69
43.98 40.00 -0.83
43.98 40.00 -3.59
44.21 40.00 -9.59
43.98 40.00 2.20
44.68 40.00 -22.61
44.44 40.00 1.83
44.68 40.00 -10.39
44.21 40.00 7.31
44.09 40.00 -0.47
44.56 40.00 -15.77
44.21 40.00 4.52
44.21 40.00 -3.80
44.33 40.00 -6.97
44.33 40.00 -3.91
44.21 40.00 -0.74
44.21 40.00 -3.80
44.56 40.00 -13.33
44.33 40.00 1.39
44.91 40.00 -20.71
44.33 40.00 10.03
44.44 40.00 -6.93
44.79 40.00 -13.59
44.79 40.00 -4.34
44.79 40.00 -4.34
44.33 40.00 7.78
44.56 40.00 -10.61
44.91 40.00 -12.84
44.91 40.00 -4.45
44.91 40.00 -4.45
44.33 40.00 11.50
44.56 40.00 -9.68
44.91 40.00 -13.72
44.91 40.00 -4.45
44.91 40.00 -4.45
44.33 40.00 10.73
44.91 40.00 -19.86
44.91 40.00 -4.45
44.91 40.00 -4.45
44.21 40.00 14.66
44.33 40.00 -6.82
44.79 40.00 -16.04
44.56 40.00 1.45
44.56 40.00 -4.13
44.44 40.00 -1.24
44.33 40.00 -0.85
44.44 40.00 -6.93
44.44 40.00 -4.02
44.44 40.00 -4.02
44.44 40.00 -4.02
44.44 40.00 -4.02
44.44 40.00 -4.02
44.44 40.00 -4.02
44.68 40.00 -10.08
44.56 40.00 -1.20
44.56 40.00 -4.13
44.68 40.00 -7.32
44.44 40.00 1.83
44.56 40.00 -7.20
44.56 40.00 -4.13
44.56 40.00 -4.13
44.56 40.00 -4.13
44.56 40.00 -4.13
44.91 40.00 -13.26
44.56 40.00 4.68
44.56 40.00 -4.13
44.56 40.00 -4.13
44.56 40.00 -4.13
44.56 40.00 -4.13
44.56 40.00 -4.13
44.56 40.00 -4.13
44.44 40.00 -1.10
44.68 40.00 -10.08
44.56 40.00 -1.20
44.56 40.00 -4.13
44.56 40.00 -4.13
44.56 40.00 -4.13
44.56 40.00 -4.13
44.56 40.00 -4.13
44.56 40.00 -4.13
44.56 40.00 -4.13
44.56 40.00 -4.13
44.79 40.00 -10.51
44.79 40.00 -4.34
44.79 40.00 -4.34
44.56 40.00 1.45
44.56 40.00 -4.13
44.79 40.00 -10.20
44.68 40.00 -1.44
44.68 40.00 -4.24
44.56 40.00 -1.05
44.44 40.00 -1.10
44.56 40.00 -7.05
44.56 40.00 -4.13
44.56 40.00 -4.13
45.03 40.00 -16.31
44.68 40.00 4.17
44.56 40.00 -0.88
44.79 40.00 -9.93
44.56 40.00 2.04
45.15 40.00 -20.15
44.56 40.00 10.58
45.15 40.00 -18.68
45.03 40.00 -1.61
44.56 40.00 7.62
44.91 40.00 -13.72
45.03 40.00 -7.37
45.03 40.00 -4.56
44.56 40.00 7.07
44.44 40.00 -0.77
44.33 40.00 -0.85
44.56 40.00 -9.96
44.44 40.00 -1.10
44.44 40.00 -4.02
44.33 40.00 -0.85
44.33 40.00 -3.91
44.44 40.00 -7.08
44.44 40.00 -4.02
44.44 40.00 -4.02
44.33 40.00 -1.00
44.44 40.00 -7.08
44.44 40.00 -4.02
44.33 40.00 -1.14
44.33 40.00 -3.91
44.68 40.00 -13.00
44.44 40.00 1.55
44.91 40.00 -16.79
44.33 40.00 10.73
44.44 40.00 -6.93
44.79 40.00 -13.13
44.79 40.00 -4.34
44.79 40.00 -4.34
44.09 40.00 12.97
44.21 40.00 -6.85
44.68 40.00 -15.90
44.68 40.00 -4.24
44.09 40.00 10.87
44.09 40.00 -3.69
44.56 40.00 -16.38
43.98 40.00 9.62
44.09 40.00 -6.91
44.56 40.00 -15.77
44.09 40.00 7.39
43.98 40.00 -0.54
44.09 40.00 -6.74
44.09 40.00 -3.69
43.98 40.00 -0.54
43.98 40.00 -3.59
44.09 40.00 -6.74
43.98 40.00 -0.83
43.86 40.00 -0.44
43.98 40.00 -6.62
43.98 40.00 -3.59
43.86 40.00 -0.44
43.98 40.00 -6.47
43.86 40.00 -0.60
43.98 40.00 -6.47
43.98 40.00 -3.59
43.98 40.00 -3.59
43.75 40.00 2.39
43.98 40.00 -9.65
43.75 40.00 2.70
43.75 40.00 -3.37
43.75 40.00 -3.37
43.75 40.00 -3.37
43.75 40.00 -3.37
43.63 40.00 -0.39
43.63 40.00 -3.27
43.63 40.00 -3.27
43.63 40.00 -3.27
43.98 40.00 -12.68
43.63 40.00 4.96
43.75 40.00 -6.40
43.86 40.00 -6.36
43.86 40.00 -3.48
43.52 40.00 5.46
43.63 40.00 -6.28
43.63 40.00 -3.27
43.63 40.00 -3.27
43.52 40.00 -0.29
43.63 40.00 -6.13
43.40 40.00 2.98
43.40 40.00 -3.05
43.86 40.00 -14.96
43.40 40.00 7.88
43.98 40.00 -19.54
43.40 40.00 10.00
43.29 40.00 0.06
43.29 40.00 -2.94
43.18 40.00 -0.13
43.18 40.00 -2.84
43.18 40.00 -2.84
43.29 40.00 -5.94
43.29 40.00 -2.94
43.18 40.00 0.16
43.06 40.00 0.26
43.29 40.00 -8.93
43.18 40.00 0.01
43.52 40.00 -12.67
43.18 40.00 4.94
43.63 40.00 -15.96
43.06 40.00 11.53
43.29 40.00 -8.63
43.40 40.00 -5.90
42.95 40.00 8.75
42.95 40.00 -2.62
43.40 40.00 -13.88
42.84 40.00 11.68
43.40 40.00 -17.25
43.29 40.00 -0.09
43.29 40.00 -2.94
42.72 40.00 12.50
42.84 40.00 -5.34
43.29 40.00 -14.29
42.72 40.00 11.08
43.18 40.00 -14.75
43.06 40.00 -0.03
43.06 40.00 -2.73
43.06 40.00 -2.73
42.61 40.00 8.99
42.50 40.00 0.76
42.72 40.00 -8.33
42.50 40.00 3.72
42.39 40.00 0.71
42.39 40.00 -2.10
42.39 40.00 -2.10
42.39 40.00 -2.10
42.27 40.00 0.95
42.39 40.00 -5.04
42.39 40.00 -2.10
42.39 40.00 -2.10
42.39 40.00 -2.10
42.27 40.00 0.81
42.50 40.00 -8.09
42.27 40.00 3.61
42.39 40.00 -5.20
42.16 40.00 3.70
42.27 40.00 -4.93
42.27 40.00 -1.99
42.27 40.00 -1.99
42.27 40.00 -1.99
42.16 40.00 0.90
42.27 40.00 -5.09
42.39 40.00 -4.89
42.27 40.00 0.81
42.61 40.00 -11.16
42.05 40.00 12.20
42.61 40.00 -15.62
42.50 40.00 0.61
42.05 40.00 9.98
42.16 40.00 -4.81
42.50 40.00 -11.03
41.94 40.00 11.61
42.50 40.00 -16.88
42.39 40.00 0.45
41.83 40.00 13.90
41.94 40.00 -4.45
42.27 40.00 -10.34
42.27 40.00 -1.99
41.83 40.00 10.14
41.83 40.00 -1.57
42.16 40.00 -10.66
41.83 40.00 6.37
42.16 40.00 -11.14
41.61 40.00 11.24
42.16 40.00 -16.47
41.72 40.00 9.63
41.50 40.00 4.26
41.50 40.00 -1.25
41.50 40.00 -1.25
41.50 40.00 -1.25
41.39 40.00 1.47
41.83 40.00 -13.82
41.39 40.00 9.35
42.05 40.00 -19.23
41.39 40.00 14.64
41.39 40.00 -1.15
41.72 40.00 -9.33
41.28 40.00 10.54
41.50 40.00 -7.03
41.72 40.00 -6.98
41.17 40.00 12.80
41.28 40.00 -3.78
41.50 40.00 -7.03
41.06 40.00 9.60
41.72 40.00 -19.77
41.50 40.00 4.00
40.95 40.00 13.67
40.95 40.00 -0.73
41.39 40.00 -12.67
41.06 40.00 6.98
41.50 40.00 -12.79
41.28 40.00 4.44
41.28 40.00 -1.05
41.28 40.00 -1.05
40.84 40.00 10.29
40.84 40.00 -0.63
41.28 40.00 -11.96
40.95 40.00 7.07
40.84 40.00 2.23
40.84 40.00 -0.63
40.73 40.00 2.06
40.73 40.00 -0.53
40.73 40.00 -0.53
40.73 40.00 -0.53
40.84 40.00 -3.49
40.73 40.00 2.19
40.73 40.00 -0.53
40.95 40.00 -5.91
40.73 40.00 5.20
41.28 40.00 -15.40
40.73 40.00 12.46
40.84 40.00 -3.35
40.95 40.00 -3.60
40.63 40.00 7.33
40.73 40.00 -3.54
41.06 40.00 -9.43
41.06 40.00 -0.84
40.52 40.00 13.26
40.63 40.00 -3.13
41.06 40.00 -12.28
40.84 40.00 4.32
41.06 40.00 -6.89
40.95 40.00 1.99
41.06 40.00 -3.87
40.52 40.00 12.61
40.41 40.00 2.62
40.41 40.00 -0.22
40.41 40.00 -0.22
40.52 40.00 -3.16
40.52 40.00 -0.32
40.41 40.00 2.48
40.52 40.00 -3.16
40.52 40.00 -0.32
40.52 40.00 -0.32
40.41 40.00 2.48
40.41 40.00 -0.22
40.41 40.00 -0.22
40.41 40.00 -0.22
40.41 40.00 -0.22
40.41 40.00 -0.22
40.41 40.00 -0.22
40.41 40.00 -0.22
40.41 40.00 -0.22
40.41 40.00 -0.22
40.52 40.00 -2.89
40.63 40.00 -3.27
40.52 40.00 2.39
40.52 40.00 -0.32
40.41 40.00 2.35
40.41 40.00 -0.22
40.52 40.00 -3.02
40.41 40.00 2.48
40.95 40.00 -15.79
40.41 40.00 12.69
40.41 40.00 -0.22
40.41 40.00 -0.22
40.52 40.00 -3.16
40.30 40.00 5.28
40.73 40.00 -11.90
40.52 40.00 4.84
40.41 40.00 2.78
40.41 40.00 -0.22
40.41 40.00 -0.22
40.30 40.00 2.58
40.30 40.00 -0.11
40.41 40.00 -2.91
40.30 40.00 2.58
40.41 40.00 -3.21
40.30 40.00 2.45
40.41 40.00 -3.21
40.30 40.00 2.58
40.30 40.00 -0.11
40.41 40.00 -2.91
40.41 40.00 -0.22
40.30 40.00 2.58
40.30 40.00 -0.11
40.19 40.00 2.82
40.19 40.00 -0.01
40.19 40.00 -0.01
40.19 40.00 -0.01
40.19 40.00 -0.01
40.19 40.00 -0.01
40.19 40.00 -0.01
40.19 40.00 -0.01
40.09 40.00 2.92
40.09 40.00 0.09
40.19 40.00 -2.99
40.30 40.00 -2.94
40.63 40.00 -8.14
40.19 40.00 11.34
40.19 40.00 -0.01
40.41 40.00 -5.88
40.41 40.00 -0.22
40.09 40.00 8.58
40.09 40.00 0.09
40.09 40.00 0.09
40.09 40.00 0.09
40.09 40.00 0.09
40.09 40.00 0.09
40.09 40.00 0.09
40.19 40.00 -2.99
40.09 40.00 2.78
40.09 40.00 0.09
40.09 40.00 0.09
40.19 40.00 -2.99
40.09 40.00 2.78
40.09 40.00 0.09
40.09 40.00 0.09
40.09 40.00 0.09
40.19 40.00 -2.84
39.98 40.00 5.56
40.09 40.00 -2.88
40.41 40.00 -8.28
39.98 40.00 10.94
40.19 40.00 -5.37
40.63 40.00 -11.78
40.19 40.00 9.80
40.41 40.00 -6.20
40.30 40.00 2.72
40.09 40.00 5.75
40.09 40.00 0.09
39.87 40.00 5.93
39.87 40.00 0.30
39.87 40.00 0.30
39.87 40.00 0.30
40.09 40.00 -5.85
39.87 40.00 5.65
40.41 40.00 -14.34
39.87 40.00 13.08
40.30 40.00 -11.40
40.19 40.00 2.43
39.98 40.00 6.15
39.87 40.00 3.11
39.77 40.00 3.37
39.77 40.00 0.40
40.19 40.00 -11.90
39.66 40.00 13.23
40.19 40.00 -13.38
40.09 40.00 2.78
40.19 40.00 -2.84
40.09 40.00 2.78
39.66 40.00 11.75
39.66 40.00 0.50
39.66 40.00 0.50
39.66 40.00 0.50
39.77 40.00 -2.40
39.77 40.00 0.40
39.55 40.00 5.93
39.66 40.00 -2.45
39.98 40.00 -8.23
39.66 40.00 8.51
40.09 40.00 -11.15
39.98 40.00 2.75
39.87 40.00 3.27
39.66 40.00 5.83
39.55 40.00 3.56
39.55 40.00 0.61
39.98 40.00 -11.65
39.55 40.00 10.76
39.98 40.00 -10.47
39.87 40.00 2.97
39.66 40.00 5.83
39.45 40.00 6.61
39.45 40.00 0.71
39.45 40.00 0.71
39.45 40.00 0.71
39.45 40.00 0.71
39.45 40.00 0.71
39.45 40.00 0.71
39.45 40.00 0.71
39.45 40.00 0.71
39.55 40.00 -2.34
39.55 40.00 0.61
39.87 40.00 -8.58
39.45 40.00 11.35
39.55 40.00 -2.05
39.87 40.00 -7.69
39.55 40.00 9.01
39.98 40.00 -11.65
39.87 40.00 2.73
39.87 40.00 0.30
39.45 40.00 11.91
39.55 40.00 -2.05
39.87 40.00 -7.69
39.34 40.00 14.80
39.87 40.00 -12.36
39.77 40.00 3.07
39.34 40.00 11.99
39.34 40.00 0.81
39.45 40.00 -2.08
39.34 40.00 3.46
39.34 40.00 0.81
39.34 40.00 0.81
39.34 40.00 0.81
39.34 40.00 0.81
39.77 40.00 -11.40
39.34 40.00 10.47
39.87 40.00 -13.69
39.77 40.00 2.94
39.87 40.00 -2.51
39.55 40.00 9.01
39.45 40.00 3.50
39.55 40.00 -2.34
39.66 40.00 -2.03
39.24 40.00 12.07
39.45 40.00 -4.58
39.66 40.00 -4.81
39.24 40.00 11.51
39.24 40.00 0.91
39.24 40.00 0.91
39.45 40.00 -5.17
39.24 40.00 6.48
39.24 40.00 0.91
39.24 40.00 0.91
39.24 40.00 0.91
39.34 40.00 -2.13
39.34 40.00 0.81
39.77 40.00 -11.40
39.45 40.00 8.30
39.55 40.00 -2.34
39.77 40.00 -4.67
39.24 40.00 14.87
39.34 40.00 -1.97
39.66 40.00 -7.08
39.24 40.00 12.07
39.34 40.00 -1.83
39.66 40.00 -7.87
39.34 40.00 8.39
39.77 40.00 -11.40
39.77 40.00 0.40
39.34 40.00 11.99
39.24 40.00 3.55
39.24 40.00 0.91
39.24 40.00 0.91
39.24 40.00 0.91
39.13 40.00 3.94
39.87 40.00 -19.25
39.34 40.00 13.47
39.66 40.00 -7.46
39.45 40.00 6.30
39.45 40.00 0.71
39.45 40.00 0.71
39.34 40.00 3.60
39.24 40.00 3.85
39.45 40.00 -4.86
39.45 40.00 0.71
39.24 40.00 6.79
39.34 40.00 -1.83
39.77 40.00 -10.78
39.24 40.00 13.54
39.77 40.00 -13.56
39.87 40.00 -2.13
39.87 40.00 0.30
39.45 40.00 11.91
39.34 40.00 3.46
39.34 40.00 0.81
39.34 40.00 0.81
39.45 40.00 -2.23
39.45 40.00 0.71
39.24 40.00 6.79
39.45 40.00 -4.86
39.77 40.00 -7.57
39.24 40.00 14.18
39.24 40.00 0.91
39.24 40.00 0.91
39.24 40.00 0.91
39.24 40.00 0.91
39.24 40.00 0.91
39.34 40.00 -1.97
39.66 40.00 -7.46
39.45 40.00 6.30
39.87 40.00 -10.34
39.77 40.00 3.07
39.77 40.00 0.40
39.34 40.00 12.61
39.34 40.00 0.81
39.34 40.00 0.81
39.34 40.00 0.81
39.34 40.00 0.81
39.34 40.00 0.81
39.34 40.00 0.81
39.45 40.00 -2.23
39.45 40.00 0.71
39.87 40.00 -11.53
39.45 40.00 11.35
39.98 40.00 -12.49
39.77 40.00 5.74
39.98 40.00 -5.43
39.87 40.00 3.11
39.98 40.00 -2.48
39.34 40.00 17.61
39.45 40.00 -1.94
39.45 40.00 0.71
39.45 40.00 0.71
39.45 40.00 0.71
39.45 40.00 0.71
39.55 40.00 -2.05
39.55 40.00 0.61
39.55 40.00 0.61
39.55 40.00 0.61
39.55 40.00 0.61
39.77 40.00 -5.51
39.77 40.00 0.40
40.09 40.00 -8.35
39.55 40.00 14.65
39.66 40.00 -2.15
39.98 40.00 -7.81
39.98 40.00 0.20
39.98 40.00 0.20
39.77 40.00 6.02
39.66 40.00 3.31
39.66 40.00 0.50
39.66 40.00 0.50
39.66 40.00 0.50
39.77 40.00 -2.56
39.66 40.00 3.31
40.09 40.00 -11.15
39.87 40.00 5.39
39.98 40.00 -2.62
40.09 40.00 -2.73
39.66 40.00 10.68
39.66 40.00 0.50
39.66 40.00 0.50
39.77 40.00 -2.40
39.66 40.00 3.31
39.66 40.00 0.50
39.87 40.00 -5.63
39.77 40.00 2.94
39.66 40.00 3.46
39.66 40.00 0.50
39.66 40.00 0.50
39.77 40.00 -2.40
39.98 40.00 -5.43
39.77 40.00 5.74
39.77 40.00 0.40
39.77 40.00 0.40
39.87 40.00 -2.51
39.77 40.00 3.07
40.30 40.00 -14.21
39.87 40.00 11.02
40.41 40.00 -13.63
40.19 40.00 5.12
40.30 40.00 -2.94
40.19 40.00 2.82
40.09 40.00 2.78
39.87 40.00 6.24
39.87 40.00 0.30
39.77 40.00 3.21
39.98 40.00 -5.43
39.77 40.00 5.74
39.77 40.00 0.40
39.77 40.00 0.40
39.87 40.00 -2.67
39.87 40.00 0.30
39.87 40.00 0.30
39.87 40.00 0.30
40.09 40.00 -5.54
39.87 40.00 5.93
40.52 40.00 -16.44
39.98 40.00 13.64
40.30 40.00 -8.16
40.30 40.00 -0.11
40.09 40.00 5.21
39.87 40.00 6.24
39.98 40.00 -2.77
39.98 40.00 0.20
39.87 40.00 3.27
39.98 40.00 -2.62
39.98 40.00 0.20
40.09 40.00 -2.73
39.87 40.00 5.93
39.98 40.00 -2.62
40.41 40.00 -10.96
39.98 40.00 10.43
40.52 40.00 -14.47
40.41 40.00 2.24
40.41 40.00 -0.22
40.09 40.00 8.58
40.09 40.00 0.09
39.87 40.00 5.93
39.98 40.00 -2.62
39.98 40.00 0.20
39.87 40.00 2.97
39.98 40.00 -2.77
39.98 40.00 0.20
40.19 40.00 -5.97
39.98 40.00 5.56
39.98 40.00 0.20
39.98 40.00 0.20
40.19 40.00 -5.37
39.98 40.00 5.84
40.09 40.00 -2.73
40.09 40.00 0.09
40.09 40.00 0.09
39.98 40.00 3.17
40.09 40.00 -2.88
40.19 40.00 -2.57
40.30 40.00 -2.94
40.30 40.00 -0.11
40.09 40.00 5.47
40.30 40.00 -5.77
40.09 40.00 5.75
40.09 40.00 0.09
40.09 40.00 0.09
39.45 40.00 17.54
40.30 40.00 -22.60
40.19 40.00 2.55
40.73 40.00 -14.73
40.19 40.00 13.49
40.63 40.00 -11.21
40.52 40.00 2.26
40.52 40.00 -0.32
40.41 40.00 2.62
40.09 40.00 8.16
40.09 40.00 0.09
40.30 40.00 -5.77
40.09 40.00 5.75
40.19 40.00 -2.84
40.63 40.00 -11.21
40.30 40.00 7.98
40.41 40.00 -2.91
40.52 40.00 -3.16
40.19 40.00 8.07
40.63 40.00 -12.41
40.52 40.00 2.14
40.63 40.00 -3.43
40.52 40.00 2.39
40.19 40.00 8.50
40.30 40.00 -3.10
40.52 40.00 -5.71
40.09 40.00 10.86
40.09 40.00 0.09
40.09 40.00 0.09
40.30 40.00 -5.77
40.09 40.00 5.47
40.09 40.00 0.09
40.09 40.00 0.09
40.30 40.00 -5.49
40.09 40.00 5.75
40.63 40.00 -15.39
40.63 40.00 -0.42
40.19 40.00 10.78
40.19 40.00 -0.01
40.52 40.00 -8.83
40.52 40.00 -0.32
40.30 40.00 5.56
40.19 40.00 2.82
40.19 40.00 -0.01
40.19 40.00 -0.01
40.19 40.00 -0.01
40.30 40.00 -2.94
40.19 40.00 2.55
40.30 40.00 -3.10
40.30 40.00 -0.11
40.63 40.00 -8.52
40.30 40.00 7.98
40.84 40.00 -15.66
40.73 40.00 2.06
40.41 40.00 8.32
40.30 40.00 2.72
40.30 40.00 -0.11
40.30 40.00 -0.11
40.30 40.00 -0.11
40.30 40.00 -0.11
40.30 40.00 -0.11
40.41 40.00 -2.91
40.30 40.00 2.58
40.95 40.00 -18.78
40.41 40.00 12.10
40.73 40.00 -9.07
40.52 40.00 5.09
40.84 40.00 -9.19
40.30 40.00 13.41
40.84 40.00 -14.87
40.73 40.00 2.06
40.73 40.00 -0.53
40.30 40.00 11.26
40.30 40.00 -0.11
40.30 40.00 -0.11
40.30 40.00 -0.11
40.41 40.00 -3.05
40.30 40.00 2.45
40.52 40.00 -6.31
40.41 40.00 2.48
40.41 40.00 -0.22
40.30 40.00 2.45
40.41 40.00 -3.21
40.52 40.00 -3.16
40.52 40.00 -0.32
40.52 40.00 -0.32
40.30 40.00 5.28
40.30 40.00 -0.11
40.95 40.00 -16.20
40.63 40.00 7.72
40.41 40.00 5.47
40.63 40.00 -6.11
40.52 40.00 2.39
40.52 40.00 -0.32
40.52 40.00 -0.32
40.73 40.00 -5.68
40.63 40.00 2.43
40.52 40.00 2.53
40.52 40.00 -0.32
40.52 40.00 -0.32
40.52 40.00 -0.32
40.63 40.00 -3.00
40.52 40.00 2.53
40.73 40.00 -6.23
40.52 40.00 5.38
40.73 40.00 -6.23
40.73 40.00 -0.53
40.73 40.00 -0.53
40.52 40.00 4.84
40.73 40.00 -6.54
40.73 40.00 -0.53
40.52 40.00 5.38
40.52 40.00 -0.32
40.63 40.00 -3.27
40.73 40.00 -3.24
40.63 40.00 2.29
40.63 40.00 -0.42
40.63 40.00 -0.42
40.84 40.00 -6.34
40.63 40.00 4.74
41.17 40.00 -16.06
40.84 40.00 7.16
40.63 40.00 5.29
40.63 40.00 -0.42
40.73 40.00 -3.38
40.73 40.00 -0.53
40.84 40.00 -3.49
40.84 40.00 -0.63
40.84 40.00 -0.63
40.63 40.00 5.00
40.73 40.00 -3.38
40.73 40.00 -0.53
40.73 40.00 -0.53
40.95 40.00 -6.46
40.95 40.00 -0.73
40.73 40.00 5.20
40.63 40.00 2.29
40.73 40.00 -3.54
40.73 40.00 -0.53
40.73 40.00 -0.53
40.73 40.00 -0.53
40.73 40.00 -0.53
40.84 40.00 -3.35
40.73 40.00 2.19
41.28 40.00 -16.19
40.95 40.00 7.07
40.73 40.00 5.20
40.84 40.00 -3.49
41.39 40.00 -15.53
40.73 40.00 14.36
41.06 40.00 -9.43
41.17 40.00 -3.67
40.73 40.00 10.94
41.28 40.00 -14.68
41.17 40.00 1.67
41.28 40.00 -4.09
40.84 40.00 9.77
40.63 40.00 5.61
40.63 40.00 -0.42
40.84 40.00 -6.06
40.73 40.00 2.19
41.28 40.00 -16.19
40.63 40.00 15.14
40.73 40.00 -3.24
40.73 40.00 -0.53
40.73 40.00 -0.53
41.06 40.00 -9.00
40.73 40.00 7.64
41.28 40.00 -16.19
41.17 40.00 1.67
40.73 40.00 10.94
40.73 40.00 -0.53
40.95 40.00 -6.46
40.73 40.00 4.65
40.84 40.00 -3.65
40.95 40.00 -3.45
40.95 40.00 -0.73
40.73 40.00 5.20
40.95 40.00 -6.46
40.73 40.00 5.20
40.73 40.00 -0.53
40.73 40.00 -0.53
40.73 40.00 -0.53
40.73 40.00 -0.53
40.84 40.00 -3.35
40.95 40.00 -3.60
40.73 40.00 4.91
40.84 40.00 -3.49
40.84 40.00 -0.63
40.84 40.00 -0.63
40.95 40.00 -3.45
40.73 40.00 4.91
40.84 40.00 -3.65
40.84 40.00 -0.63
40.95 40.00 -3.60
40.84 40.00 2.09
41.28 40.00 -13.17
40.84 40.00 9.29
41.28 40.00 -13.17
40.84 40.00 9.77
41.39 40.00 -15.53
41.28 40.00 1.57
40.84 40.00 11.50
40.95 40.00 -3.60
40.73 40.00 4.65
40.73 40.00 -0.53
40.73 40.00 -0.53
40.73 40.00 -0.53
40.73 40.00 -0.53
40.73 40.00 -0.53
40.95 40.00 -5.91
40.84 40.00 2.23
41.39 40.00 -15.53
40.84 40.00 13.03
40.95 40.00 -3.45
40.95 40.00 -0.73
40.95 40.00 -0.73
40.84 40.00 1.96
40.95 40.00 -3.76
40.73 40.00 4.91
41.28 40.00 -16.19
41.06 40.00 4.13
40.84 40.00 5.42
40.95 40.00 -3.60
41.06 40.00 -3.56
41.06 40.00 -0.84
40.84 40.00 5.10
40.84 40.00 -0.63
40.95 40.00 -3.45
40.84 40.00 2.23
40.73 40.00 2.33
40.84 40.00 -3.49
40.95 40.00 -3.45
40.95 40.00 -0.73
40.95 40.00 -0.73
40.95 40.00 -0.73
41.17 40.00 -6.40
40.84 40.00 7.98
41.06 40.00 -6.57
40.84 40.00 4.82
40.95 40.00 -3.76
40.84 40.00 1.96
40.84 40.00 -0.63
40.84 40.00 -0.63
40.84 40.00 -0.63
40.84 40.00 -0.63
40.84 40.00 -0.63
40.95 40.00 -3.45
40.95 40.00 -0.73
40.95 40.00 -0.73
40.95 40.00 -0.73
41.06 40.00 -3.56
40.95 40.00 1.99
40.95 40.00 -0.73
40.95 40.00 -0.73
41.06 40.00 -3.56
41.06 40.00 -0.84
40.84 40.00 5.10
41.17 40.00 -9.12
41.50 40.00 -9.92
41.50 40.00 -1.25
40.95 40.00 12.95
40.95 40.00 -0.73
41.39 40.00 -12.09
40.95 40.00 10.21
41.50 40.00 -14.29
41.28 40.00 4.44
41.39 40.00 -4.04
40.84 40.00 13.03
40.84 40.00 -0.63
41.28 40.00 -12.54
40.84 40.00 9.29
40.95 40.00 -3.76
41.28 40.00 -9.24
41.28 40.00 -1.05
40.84 40.00 10.29
40.73 40.00 2.19
40.73 40.00 -0.53
40.73 40.00 -0.53
40.73 40.00 -0.53
40.73 40.00 -0.53
40.73 40.00 -0.53
41.06 40.00 -8.61
40.73 40.00 8.06
41.28 40.00 -15.40
41.28 40.00 -1.05
40.73 40.00 13.10
40.84 40.00 -3.49
41.17 40.00 -9.12
40.73 40.00 10.37
40.95 40.00 -6.46
41.17 40.00 -6.40
41.17 40.00 -0.94
40.73 40.00 10.37
40.73 40.00 -0.53
41.28 40.00 -14.03
40.73 40.00 13.10
41.28 40.00 -14.68
41.06 40.00 4.37
41.17 40.00 -3.82
40.63 40.00 13.90
40.63 40.00 -0.42
41.06 40.00 -11.71
40.63 40.00 10.45
41.06 40.00 -11.71
41.06 40.00 -0.84
41.06 40.00 -0.84
40.63 40.00 11.02
40.63 40.00 -0.42
40.95 40.00 -8.88
40.52 40.00 10.53
40.73 40.00 -6.23
40.95 40.00 -5.91
40.63 40.00 8.15
40.95 40.00 -9.31
40.52 40.00 10.53
40.95 40.00 -11.58
40.63 40.00 7.72
40.84 40.00 -6.66
40.52 40.00 7.42
40.41 40.00 2.78
40.52 40.00 -3.16
40.63 40.00 -3.13
40.52 40.00 2.39
40.41 40.00 2.78
40.52 40.00 -3.16
40.84 40.00 -8.76
40.63 40.00 5.29
41.06 40.00 -12.28
40.84 40.00 4.56
40.95 40.00 -3.60
40.95 40.00 -0.73
40.52 40.00 10.01
40.63 40.00 -3.27
40.84 40.00 -6.06
40.41 40.00 11.18
40.41 40.00 -0.22
40.95 40.00 -15.00
40.95 40.00 -0.73
40.95 40.00 -0.73
40.41 40.00 13.33
40.63 40.00 -6.11
40.84 40.00 -6.06
40.84 40.00 -0.63
40.41 40.00 11.18
40.41 40.00 -0.22
40.95 40.00 -14.28
40.52 40.00 10.01
40.95 40.00 -12.16
40.84 40.00 1.84
40.84 40.00 -0.63
40.41 40.00 10.61
40.41 40.00 -0.22
40.84 40.00 -10.94
40.41 40.00 10.61
40.95 40.00 -14.28
40.84 40.00 1.96
40.95 40.00 -3.76
40.63 40.00 7.72
40.52 40.00 2.53
40.41 40.00 2.62
40.41 40.00 -0.22
40.30 40.00 2.58
40.41 40.00 -3.05
40.52 40.00 -3.02
40.52 40.00 -0.32
40.52 40.00 -0.32
40.41 40.00 2.62
40.52 40.00 -3.32
40.73 40.00 -5.94
40.41 40.00 7.90
41.06 40.00 -17.97
40.95 40.00 1.99
40.63 40.00 7.72
40.52 40.00 2.69
40.52 40.00 -0.32
40.52 40.00 -0.32
40.52 40.00 -0.32
40.73 40.00 -6.23
40.52 40.00 5.38
40.73 40.00 -5.94
40.52 40.00 5.38
40.52 40.00 -0.32
41.06 40.00 -14.41
40.52 40.00 12.61
41.06 40.00 -15.13
40.95 40.00 1.86
40.52 40.00 11.10
40.63 40.00 -3.13
40.95 40.00 -9.31
40.63 40.00 7.33
40.52 40.00 2.69
40.52 40.00 -0.32
40.41 40.00 2.35
40.52 40.00 -3.32
40.52 40.00 -0.32
40.52 40.00 -0.32
40.52 40.00 -0.32
40.63 40.00 -3.27
40.52 40.00 2.39
40.52 40.00 -0.32
40.95 40.00 -11.58
40.52 40.00 10.53
41.17 40.00 -18.11
41.06 40.00 1.65
40.63 40.00 11.66
40.73 40.00 -3.24
40.52 40.00 5.09
40.63 40.00 -3.27
40.52 40.00 2.53
40.52 40.00 -0.32
40.52 40.00 -0.32
40.73 40.00 -5.94
40.63 40.00 2.43
41.06 40.00 -12.28
41.17 40.00 -3.54
41.17 40.00 -0.94
40.52 40.00 15.21
40.63 40.00 -3.27
40.63 40.00 -0.42
40.63 40.00 -0.42
40.52 40.00 2.26
40.73 40.00 -6.54
41.28 40.00 -14.68
40.95 40.00 7.07
41.17 40.00 -6.69
41.06 40.00 2.04
40.73 40.00 8.06
40.63 40.00 2.43
40.63 40.00 -0.42
40.63 40.00 -0.42
40.84 40.00 -6.06
40.63 40.00 5.00
41.17 40.00 -16.06
41.17 40.00 -0.94
40.63 40.00 13.90
40.73 40.00 -3.24
41.06 40.00 -9.43
40.63 40.00 9.93
41.28 40.00 -19.20
41.06 40.00 4.63
40.73 40.00 7.64
40.63 40.00 2.59
40.63 40.00 -0.42
40.63 40.00 -0.42
40.63 40.00 -0.42
40.63 40.00 -0.42
40.84 40.00 -6.06
40.84 40.00 -0.63
40.84 40.00 -0.63
40.73 40.00 2.33
40.73 40.00 -0.53
40.73 40.00 -0.53
40.73 40.00 -0.53
40.73 40.00 -0.53
40.73 40.00 -0.53
40.95 40.00 -6.17
40.95 40.00 -0.73
40.84 40.00 1.96
40.84 40.00 -0.63
40.84 40.00 -0.63
41.06 40.00 -6.28
40.84 40.00 4.82
41.39 40.00 -16.33
41.28 40.00 1.70
40.84 40.00 10.29
40.84 40.00 -0.63
41.06 40.00 -6.28
40.95 40.00 1.99
40.95 40.00 -0.73
40.84 40.00 2.23
40.84 40.00 -0.63
41.17 40.00 -9.12
40.84 40.00 7.55
41.39 40.00 -16.33
41.28 40.00 1.57
40.84 40.00 10.86
40.84 40.00 -0.63
41.17 40.00 -9.12
40.95 40.00 4.72
40.84 40.00 2.23
40.84 40.00 -0.63
40.84 40.00 -0.63
40.84 40.00 -0.63
40.84 40.00 -0.63
40.84 40.00 -0.63
40.95 40.00 -3.60
40.84 40.00 2.09
41.39 40.00 -16.33
40.95 40.00 9.21
40.95 40.00 -0.73
41.28 40.00 -9.24
40.84 40.00 10.29
40.95 40.00 -3.45
41.28 40.00 -9.67
40.95 40.00 7.07
41.39 40.00 -13.30
41.28 40.00 1.57
41.28 40.00 -1.05
41.06 40.00 4.63
40.84 40.00 5.10
40.84 40.00 -0.63
41.28 40.00 -11.44
40.84 40.00 10.29
41.39 40.00 -14.81
41.17 40.00 4.54
41.28 40.00 -3.78
41.28 40.00 -1.05
40.73 40.00 13.10
40.73 40.00 -0.53
41.17 40.00 -11.84
40.84 40.00 7.55
40.95 40.00 -3.60
41.17 40.00 -6.40
40.84 40.00 7.98
41.28 40.00 -12.54
41.06 40.00 4.37
41.28 40.00 -6.80
41.17 40.00 1.94
41.06 40.00 1.89
40.73 40.00 8.54
40.73 40.00 -0.53
40.95 40.00 -6.46
40.95 40.00 -0.73
40.63 40.00 7.72
40.73 40.00 -3.54
40.84 40.00 -3.22
40.73 40.00 2.33
40.63 40.00 2.43
40.73 40.00 -3.54
40.84 40.00 -3.22
40.84 40.00 -0.63
40.73 40.00 2.19
40.73 40.00 -0.53
40.84 40.00 -3.49
40.95 40.00 -3.45
40.95 40.00 -0.73
40.84 40.00 2.09
40.84 40.00 -0.63
40.84 40.00 -0.63
40.84 40.00 -0.63
40.84 40.00 -0.63
40.84 40.00 -0.63
40.84 40.00 -0.63
40.95 40.00 -3.60
40.95 40.00 -0.73
40.95 40.00 -0.73
41.06 40.00 -3.56
40.95 40.00 1.99
40.95 40.00 -0.73
40.95 40.00 -0.73
40.95 40.00 -0.73
40.95 40.00 -0.73
40.95 40.00 -0.73
40.95 40.00 -0.73
40.95 40.00 -0.73
40.95 40.00 -0.73
40.95 40.00 -0.73
41.06 40.00 -3.56
41.06 40.00 -0.84
41.17 40.00 -3.67
40.84 40.00 7.55
41.17 40.00 -10.03
41.06 40.00 1.76
40.95 40.00 2.14
40.95 40.00 -0.73
40.95 40.00 -0.73
41.17 40.00 -6.14
40.95 40.00 5.01
41.50 40.00 -15.66
41.50 40.00 -1.25
40.95 40.00 13.67
41.06 40.00 -3.56
41.39 40.00 -9.80
41.39 40.00 -1.15
40.95 40.00 10.78
40.95 40.00 -0.73
41.39 40.00 -12.09
40.95 40.00 9.68
41.50 40.00 -16.46
41.06 40.00 9.13
40.84 40.00 5.42
40.84 40.00 -0.63
40.84 40.00 -0.63
40.84 40.00 -0.63
40.95 40.00 -3.45
40.84 40.00 2.23
40.95 40.00 -3.45
40.95 40.00 -0.73
40.95 40.00 -0.73
41.06 40.00 -3.71
40.95 40.00 1.86
40.95 40.00 -0.73
40.84 40.00 2.09
40.95 40.00 -3.60
41.06 40.00 -3.71
41.06 40.00 -0.84
40.95 40.00 1.99
40.95 40.00 -0.73
40.95 40.00 -0.73
41.06 40.00 -3.56
40.95 40.00 1.99
41.50 40.00 -15.66
40.95 40.00 12.95
41.17 40.00 -6.14
41.28 40.00 -3.93
40.95 40.00 7.46
40.95 40.00 -0.73
41.39 40.00 -12.09
40.95 40.00 9.68
41.06 40.00 -3.87
41.28 40.00 -6.26
41.28 40.00 -1.05
40.84 40.00 10.29
40.84 40.00 -0.63
41.39 40.00 -14.81
40.95 40.00 10.21
41.39 40.00 -12.09
41.28 40.00 1.57
41.28 40.00 -1.05
40.95 40.00 7.89
40.84 40.00 2.23
41.06 40.00 -6.57
41.06 40.00 -0.84
40.84 40.00 4.82
40.95 40.00 -3.60
40.73 40.00 4.91
40.73 40.00 -0.53
40.73 40.00 -0.53
40.84 40.00 -3.49
40.73 40.00 2.19
41.17 40.00 -13.05
40.95 40.00 4.23
41.28 40.00 -10.15
40.84 40.00 10.29
41.28 40.00 -11.44
40.95 40.00 7.46
40.63 40.00 8.15
40.95 40.00 -9.31
40.73 40.00 4.91
40.63 40.00 2.59
40.63 40.00 -0.42
40.84 40.00 -6.06
40.63 40.00 5.00
40.63 40.00 -0.42
41.06 40.00 -11.71
40.63 40.00 9.93
41.17 40.00 -16.06
40.63 40.00 11.94
40.63 40.00 -0.42
41.06 40.00 -11.71
40.73 40.00 7.64
41.17 40.00 -11.84
40.73 40.00 10.37
41.06 40.00 -9.00
40.95 40.00 1.99
41.06 40.00 -3.71
40.52 40.00 13.97
40.52 40.00 -0.32
40.95 40.00 -11.07
40.41 40.00 13.33
41.06 40.00 -17.11
40.95 40.00 1.86
40.52 40.00 11.10
40.95 40.00 -12.16
40.95 40.00 -0.73
40.95 40.00 -0.73
40.52 40.00 10.53
40.41 40.00 2.62
40.52 40.00 -3.02
40.63 40.00 -3.27
40.63 40.00 -0.42
40.52 40.00 2.39
40.52 40.00 -0.32
40.52 40.00 -0.32
40.52 40.00 -0.32
40.52 40.00 -0.32
40.52 40.00 -0.32
40.73 40.00 -5.94
40.63 40.00 2.29
41.17 40.00 -15.26
40.63 40.00 13.18
40.63 40.00 -0.42
40.84 40.00 -6.34
40.63 40.00 5.00
40.63 40.00 -0.42
41.06 40.00 -11.71
40.52 40.00 12.61
41.06 40.00 -15.13
40.95 40.00 1.74
40.52 40.00 11.74
40.84 40.00 -8.76
40.95 40.00 -3.45
40.63 40.00 7.72
40.52 40.00 2.69
40.52 40.00 -0.32
40.52 40.00 -0.32
40.52 40.00 -0.32
40.52 40.00 -0.32
40.52 40.00 -0.32
40.73 40.00 -5.94
40.63 40.00 2.43
41.17 40.00 -15.26
40.63 40.00 12.53
40.73 40.00 -3.24
41.17 40.00 -12.41
40.73 40.00 9.38
41.06 40.00 -9.91
40.84 40.00 4.82
41.17 40.00 -9.55
40.73 40.00 10.94
41.06 40.00 -9.00
40.95 40.00 2.14
40.95 40.00 -0.73
40.52 40.00 11.10
40.52 40.00 -0.32
40.95 40.00 -11.58
40.63 40.00 7.33
40.52 40.00 2.69
40.52 40.00 -0.32
40.52 40.00 -0.32
40.63 40.00 -3.13
40.63 40.00 -0.42
40.63 40.00 -0.42
40.52 40.00 2.39
40.73 40.00 -6.54
40.95 40.00 -5.91
40.63 40.00 8.15
41.06 40.00 -12.28
40.95 40.00 1.99
41.06 40.00 -3.56
40.73 40.00 8.06
40.84 40.00 -3.49
40.84 40.00 -0.63
40.63 40.00 5.29
40.52 40.00 2.53
40.52 40.00 -0.32
40.52 40.00 -0.32
40.63 40.00 -3.27
40.63 40.00 -0.42
40.63 40.00 -0.42
40.63 40.00 -0.42
40.63 40.00 -0.42
40.63 40.00 -0.42
40.63 40.00 -0.42
40.73 40.00 -3.24
40.63 40.00 2.43
40.84 40.00 -6.34
40.73 40.00 2.19
40.84 40.00 -3.65
40.73 40.00 2.06
40.73 40.00 -0.53
40.84 40.00 -3.35
41.28 40.00 -12.54
40.95 40.00 6.72
41.28 40.00 -10.15
40.84 40.00 9.77
41.17 40.00 -9.55
40.73 40.00 10.94
41.17 40.00 -11.84
41.06 40.00 1.76
40.63 40.00 11.02
40.63 40.00 -0.42
41.06 40.00 -11.71
40.63 40.00 9.93
41.17 40.00 -15.26
40.63 40.00 13.18
40.63 40.00 -0.42
41.06 40.00 -12.28
41.06 40.00 -0.84
41.06 40.00 -0.84
40.52 40.00 13.26
40.73 40.00 -6.23
40.95 40.00 -6.46
40.52 40.00 10.01
41.06 40.00 -15.13
40.95 40.00 1.86
40.52 40.00 11.10
40.63 40.00 -3.13
41.06 40.00 -12.28
41.06 40.00 -0.84
41.06 40.00 -0.84
40.52 40.00 13.26
40.73 40.00 -6.23
41.17 40.00 -11.32
41.17 40.00 -0.94
41.17 40.00 -0.94
40.52 40.00 15.99
40.73 40.00 -6.23
40.63 40.00 2.29
40.95 40.00 -9.31
40.52 40.00 10.53
41.06 40.00 -15.13
40.73 40.00 7.25
40.73 40.00 -0.53
40.52 40.00 5.09
40.63 40.00 -3.43
40.73 40.00 -3.11
40.73 40.00 -0.53
40.63 40.00 2.29
40.63 40.00 -0.42
40.63 40.00 -0.42
40.73 40.00 -3.24
40.63 40.00 2.43
41.17 40.00 -14.55
40.73 40.00 10.37
41.17 40.00 -11.84
41.06 40.00 1.76
41.06 40.00 -0.84
40.63 40.00 11.02
40.63 40.00 -0.42
41.06 40.00 -11.71
40.63 40.00 9.93
41.06 40.00 -12.92
41.06 40.00 -0.84
41.06 40.00 -0.84
40.52 40.00 13.97
40.52 40.00 -0.32
40.95 40.00 -12.16
40.52 40.00 10.01
40.63 40.00 -3.27
41.06 40.00 -11.19
40.52 40.00 13.26
41.06 40.00 -14.41
40.95 40.00 1.86
41.06 40.00 -3.71
40.52 40.00 13.97
40.52 40.00 -0.32
40.63 40.00 -3.27
40.52 40.00 2.53
40.63 40.00 -3.27
41.06 40.00 -11.71
40.52 40.00 12.61
41.06 40.00 -15.13
40.95 40.00 1.74
40.52 40.00 11.74
40.52 40.00 -0.32
40.84 40.00 -9.19
40.52 40.00 7.42
40.52 40.00 -0.32
40.95 40.00 -11.58
40.52 40.00 10.01
40.95 40.00 -12.16
40.95 40.00 -0.73
40.95 40.00 -0.73
40.52 40.00 10.53
40.52 40.00 -0.32
40.95 40.00 -11.58
40.52 40.00 10.01
41.06 40.00 -14.41
40.95 40.00 1.99
40.95 40.00 -0.73
40.84 40.00 2.23
40.41 40.00 11.18
40.52 40.00 -3.02
40.52 40.00 -0.32
40.41 40.00 2.62
40.52 40.00 -3.32
40.84 40.00 -8.37
40.52 40.00 8.24
41.17 40.00 -18.11
40.95 40.00 4.46
40.52 40.00 11.10
40.52 40.00 -0.32
40.95 40.00 -11.58
40.52 40.00 10.01
40.52 40.00 -0.32
40.95 40.00 -12.16
40.63 40.00 6.98
40.95 40.00 -9.78
40.52 40.00 11.10
41.06 40.00 -13.77
40.95 40.00 1.99
41.06 40.00 -3.71
40.73 40.00 8.06
40.63 40.00 2.29
40.52 40.00 2.69
40.52 40.00 -0.32
40.52 40.00 -0.32
40.52 40.00 -0.32
40.52 40.00 -0.32
40.52 40.00 -0.32
40.63 40.00 -3.00
40.63 40.00 -0.42
40.63 40.00 -0.42
40.63 40.00 -0.42
40.84 40.00 -6.06
40.84 40.00 -0.63
40.84 40.00 -0.63
40.73 40.00 2.33
41.06 40.00 -9.43
40.73 40.00 8.06
41.28 40.00 -14.68
41.17 40.00 1.80
41.17 40.00 -0.94
40.73 40.00 9.85
40.95 40.00 -6.77
41.17 40.00 -6.40
40.63 40.00 13.18
41.28 40.00 -17.39
41.28 40.00 -1.05
41.28 40.00 -1.05
40.63 40.00 15.92
40.73 40.00 -3.24
40.73 40.00 -0.53
40.73 40.00 -0.53
40.84 40.00 -3.49
40.95 40.00 -3.60
40.95 40.00 -0.73
40.84 40.00 2.09
40.84 40.00 -0.63
40.84 40.00 -0.63
40.84 40.00 -0.63
40.95 40.00 -3.60
41.06 40.00 -3.56
41.06 40.00 -0.84
40.95 40.00 1.99
41.28 40.00 -10.15
40.95 40.00 7.07
41.06 40.00 -3.71
41.39 40.00 -9.80
40.84 40.00 13.03
41.06 40.00 -6.28
41.28 40.00 -6.52
41.28 40.00 -1.05
40.95 40.00 7.07
40.84 40.00 2.39
40.84 40.00 -0.63
40.84 40.00 -0.63
40.95 40.00 -3.32
40.95 40.00 -0.73
40.84 40.00 2.23
40.95 40.00 -3.45
40.95 40.00 -0.73
41.28 40.00 -9.24
41.06 40.00 4.92
41.50 40.00 -12.22
41.28 40.00 4.44
41.50 40.00 -7.03
41.39 40.00 1.60
41.17 40.00 4.83
40.95 40.00 5.33
40.95 40.00 -0.73
40.95 40.00 -0.73
40.95 40.00 -0.73
40.95 40.00 -0.73
40.95 40.00 -0.73
41.28 40.00 -9.24
40.95 40.00 7.89
41.61 40.00 -18.67
41.50 40.00 1.37
40.95 40.00 13.67
40.95 40.00 -0.73
41.39 40.00 -11.57
40.95 40.00 10.21
40.95 40.00 -0.73
41.39 40.00 -11.57
40.95 40.00 10.21
41.50 40.00 -14.94
41.50 40.00 -1.25
41.50 40.00 -1.25
41.06 40.00 10.70
40.95 40.00 1.99
40.84 40.00 2.23
40.84 40.00 -0.63
40.95 40.00 -3.60
40.95 40.00 -0.73
40.95 40.00 -0.73
40.95 40.00 -0.73
40.95 40.00 -0.73
40.95 40.00 -0.73
41.17 40.00 -6.40
40.95 40.00 5.01
41.17 40.00 -6.40
41.39 40.00 -6.92
41.06 40.00 7.38
41.50 40.00 -13.43
41.39 40.00 1.35
41.39 40.00 -1.15
41.17 40.00 4.54
40.95 40.00 5.01
40.84 40.00 2.39
40.95 40.00 -3.60
40.95 40.00 -0.73
40.95 40.00 -0.73
41.06 40.00 -3.71
40.95 40.00 1.99
40.95 40.00 -0.73
41.17 40.00 -6.40
40.95 40.00 5.01
41.61 40.00 -17.80
41.28 40.00 7.20
40.95 40.00 8.37
41.06 40.00 -3.71
41.39 40.00 -9.36
41.39 40.00 -1.15
41.06 40.00 7.81
40.95 40.00 1.99
40.95 40.00 -0.73
40.95 40.00 -0.73
40.95 40.00 -0.73
41.28 40.00 -8.85
41.06 40.00 4.92
41.50 40.00 -13.43
41.50 40.00 -1.25
41.50 40.00 -1.25
40.95 40.00 12.95
41.17 40.00 -6.40
41.61 40.00 -12.34
41.61 40.00 -1.36
41.61 40.00 -1.36
40.95 40.00 16.57
41.17 40.00 -6.40
40.95 40.00 5.01
41.50 40.00 -14.94
41.61 40.00 -4.11
41.61 40.00 -1.36
41.06 40.00 12.22
40.95 40.00 2.14
40.95 40.00 -0.73
41.39 40.00 -12.67
40.84 40.00 11.79
41.39 40.00 -15.53
41.28 40.00 1.57
40.95 40.00 7.89
40.95 40.00 -0.73
41.39 40.00 -12.67
41.06 40.00 6.63
40.84 40.00 5.42
40.84 40.00 -0.63
40.95 40.00 -3.45
40.95 40.00 -0.73
40.84 40.00 2.09
40.84 40.00 -0.63
40.84 40.00 -0.63
40.84 40.00 -0.63
41.39 40.00 -14.81
40.95 40.00 10.21
41.39 40.00 -11.57
41.28 40.00 1.70
41.39 40.00 -4.04
40.95 40.00 10.21
40.84 40.00 2.23
40.84 40.00 -0.63
40.95 40.00 -3.45
40.84 40.00 2.09
40.84 40.00 -0.63
41.28 40.00 -11.96
41.17 70.00 60.00
41.39 70.00 23.37
41.39 70.00 28.85
41.28 70.00 31.57
41.28 70.00 28.95
40.95 70.00 37.46
40.95 70.00 29.27
40.95 70.00 29.27
40.58 70.00 39.00
40.95 70.00 19.40
40.70 70.00 35.46
40.63 70.00 31.56
40.63 70.00 29.58
40.84 70.00 23.94
40.84 70.00 29.37
40.63 70.00 35.29
40.63 70.00 29.58
40.63 70.00 29.58
40.50 70.00 32.80
40.63 70.00 26.31
40.63 70.00 29.58
40.50 70.00 32.97
40.38 70.00 33.08
40.50 70.00 26.74
40.52 70.00 29.26
40.84 70.00 21.24
40.84 70.00 29.37
40.52 70.00 37.42
40.52 70.00 29.68
40.52 70.00 29.68
40.15 70.00 39.31
40.02 70.00 33.23
40.02 70.00 30.15
39.90 70.00 33.19
40.41 70.00 16.41
40.41 70.00 29.78
40.41 70.00 29.78
40.41 70.00 29.78
40.41 70.00 29.78
40.41 70.00 29.78
40.16 70.00 35.86
40.16 70.00 30.02
40.41 70.00 23.65
40.16 70.00 36.16
40.30 70.00 26.44
40.30 70.00 29.89
40.30 70.00 29.89
40.18 70.00 33.05
40.30 70.00 26.68
40.41 70.00 27.09
40.30 70.00 32.58
40.30 70.00 29.89
40.30 70.00 29.89
40.30 70.00 29.89
40.06 70.00 36.23
40.06 70.00 30.12
40.30 70.00 23.46
40.41 70.00 27.22
40.41 70.00 29.78
40.41 70.00 29.78
40.41 70.00 29.78
40.65 70.00 23.14
40.41 70.00 35.87
40.30 70.00 32.72
40.30 70.00 29.89
40.30 70.00 29.89
40.30 70.00 29.89
40.30 70.00 29.89
40.18 70.00 33.04
40.30 70.00 26.69
40.30 70.00 29.89
40.30 70.00 29.89
40.30 70.00 29.89
40.06 70.00 36.53
40.06 70.00 30.12
40.41 70.00 20.54
40.63 70.00 23.89
40.63 70.00 29.58
40.63 70.00 29.58
40.50 70.00 32.73
40.63 70.00 26.38
40.52 70.00 32.26
40.52 70.00 29.68
40.73 70.00 24.06
40.73 70.00 29.47
40.63 70.00 32.29
40.63 70.00 29.58
40.63 70.00 29.58
40.38 70.00 36.24
40.63 70.00 23.15
40.63 70.00 29.58
40.84 70.00 23.94
40.84 70.00 29.37
40.84 70.00 29.37
40.60 70.00 35.42
40.48 70.00 32.92
40.84 70.00 20.22
40.84 70.00 29.37
40.95 70.00 26.55
40.95 70.00 29.27
40.95 70.00 29.27
40.83 70.00 32.45
40.95 70.00 26.04
40.83 70.00 32.45
41.94 70.00 0.52
41.06 70.00 52.33
41.28 70.00 23.20
41.28 70.00 28.95
41.28 70.00 28.95
41.16 70.00 32.14
41.28 70.00 25.72
41.28 70.00 28.95
41.28 70.00 28.95
41.28 70.00 28.95
41.28 70.00 28.95
41.03 70.00 35.68
41.16 70.00 25.99
41.28 70.00 25.70
41.16 70.00 32.01
41.72 70.00 13.70
41.72 70.00 28.54
41.72 70.00 28.54
41.94 70.00 22.79
41.94 70.00 28.33
41.94 70.00 28.33
41.83 70.00 31.35
41.83 70.00 28.43
41.72 70.00 31.45
41.72 70.00 28.54
41.83 70.00 25.52
41.83 70.00 28.43
41.83 70.00 28.43
41.83 70.00 28.43
42.08 70.00 21.94
41.71 70.00 37.92
42.16 70.00 16.67
42.16 70.00 28.12
42.16 70.00 28.12
42.61 70.00 16.50
42.61 70.00 27.69
42.27 70.00 36.86
42.39 70.00 25.24
42.39 70.00 27.90
42.39 70.00 27.90
42.39 70.00 27.90
42.26 70.00 31.18
42.64 70.00 18.16
42.50 70.00 31.53
42.72 70.00 22.23
42.72 70.00 27.59
42.72 70.00 27.59
42.72 70.00 27.59
42.72 70.00 27.59
42.85 70.00 24.10
43.29 70.00 16.09
43.29 70.00 27.06
43.18 70.00 30.16
43.29 70.00 24.21
43.06 70.00 32.95
43.06 70.00 27.27
43.18 70.00 24.17
43.18 70.00 27.16
43.18 70.00 27.16
42.79 70.00 37.20
43.05 70.00 20.50
43.31 70.00 20.87
43.63 70.00 18.13
43.63 70.00 26.73
43.63 70.00 26.73
43.63 70.00 26.73
44.21 70.00 11.77
44.21 70.00 26.20
44.21 70.00 26.20
43.98 70.00 32.51
43.98 70.00 26.41
43.98 70.00 26.41
44.09 70.00 23.41
44.09 70.00 26.31
44.09 70.00 26.31
44.21 70.00 23.15
44.21 70.00 26.20
44.21 70.00 26.20
43.95 70.00 32.73
44.21 70.00 19.25
44.34 70.00 22.59
44.44 70.00 23.60
44.56 70.00 22.80
44.56 70.00 25.87
44.56 70.00 25.87
44.79 70.00 19.80
44.79 70.00 25.66
45.15 70.00 16.48
44.91 70.00 31.45
45.27 70.00 16.35
45.03 70.00 31.67
45.15 70.00 22.52
45.27 70.00 22.10
45.27 70.00 25.22
45.39 70.00 22.14
45.39 70.00 25.11
45.39 70.00 25.11
45.25 70.00 28.84
45.86 70.00 10.03
45.86 70.00 24.67
45.86 70.00 24.67
45.86 70.00 24.67
45.86 70.00 24.67
45.86 70.00 24.67
45.86 70.00 24.67
45.86 70.00 24.67
45.86 70.00 24.67
46.35 70.00 12.15
46.35 70.00 24.23
46.35 70.00 24.23
46.35 70.00 24.23
46.35 70.00 24.23
46.35 70.00 24.23
46.47 70.00 21.08
46.59 70.00 20.80
46.59 70.00 24.01
46.59 70.00 24.01
46.84 70.00 17.67
46.84 70.00 23.79
46.71 70.00 27.13
46.84 70.00 20.72
46.84 70.00 23.79
46.84 70.00 23.79
46.96 70.00 20.44
46.96 70.00 23.68
46.96 70.00 23.68
47.21 70.00 17.28
47.21 70.00 23.45
47.21 70.00 23.45
47.70 70.00 9.91
47.70 70.00 23.01
47.58 70.00 26.41
47.58 70.00 23.12
47.58 70.00 23.12
47.83 70.00 16.31
47.83 70.00 22.89
48.08 70.00 16.05
47.95 70.00 25.93
47.95 70.00 22.78
47.95 70.00 22.78
48.08 70.00 19.35
48.21 70.00 19.40
48.21 70.00 22.56
48.33 70.00 19.28
48.33 70.00 22.44
48.33 70.00 22.44
48.33 70.00 22.44
48.59 70.00 15.52
48.59 70.00 22.22
48.72 70.00 18.74
48.84 70.00 18.79
49.10 70.00 14.98
49.10 70.00 21.76
49.10 70.00 21.76
49.23 70.00 18.41
49.23 70.00 21.65
49.36 70.00 18.29
49.36 70.00 21.53
49.36 70.00 21.53
49.49 70.00 18.17
49.49 70.00 21.42
49.49 70.00 21.42
49.49 70.00 21.42
49.75 70.00 14.65
49.75 70.00 21.19
49.75 70.00 21.19
49.88 70.00 17.62
50.41 70.00 7.38
50.02 70.00 32.01
50.02 70.00 20.96
50.28 70.00 13.76
50.41 70.00 17.29
50.41 70.00 20.61
50.41 70.00 20.61
50.41 70.00 20.61
50.95 70.00 6.04
50.41 70.00 34.02
50.41 70.00 20.61
50.95 70.00 6.75
50.95 70.00 20.15
50.81 70.00 23.63
50.95 70.00 16.60
50.95 70.00 20.15
51.22 70.00 12.80
51.36 70.00 16.22
51.36 70.00 19.80
51.22 70.00 23.32
51.36 70.00 16.40
51.36 70.00 19.80
51.49 70.00 16.43
51.63 70.00 15.97
51.90 70.00 12.45
51.63 70.00 26.44
51.77 70.00 16.02
51.77 70.00 19.45
51.90 70.00 15.89
51.90 70.00 19.33
52.18 70.00 12.17
52.18 70.00 19.10
52.18 70.00 19.10
52.32 70.00 15.50
52.32 70.00 18.98
52.32 70.00 18.98
52.46 70.00 15.37
52.46 70.00 18.86
52.60 70.00 15.05
52.74 70.00 15.27
52.88 70.00 14.79
53.02 70.00 14.85
53.02 70.00 18.39
53.02 70.00 18.39
53.88 70.00 -4.97
53.02 70.00 41.02
53.31 70.00 11.37
53.31 70.00 18.15
53.31 70.00 18.15
53.31 70.00 18.15
53.31 70.00 18.15
53.45 70.00 14.26
53.45 70.00 18.03
53.45 70.00 18.03
53.59 70.00 14.32
53.74 70.00 14.00
53.74 70.00 17.79
53.74 70.00 17.79
53.74 70.00 17.79
54.03 70.00 10.65
54.03 70.00 17.55
54.03 70.00 17.55
54.17 70.00 13.79
54.17 70.00 17.43
54.17 70.00 17.43
54.17 70.00 17.43
54.17 70.00 17.43
54.32 70.00 13.65
54.62 70.00 9.33
54.91 70.00 9.42
54.91 70.00 16.83
54.76 70.00 20.86
55.06 70.00 9.27
55.06 70.00 16.71
55.06 70.00 16.71
54.91 70.00 20.75
54.91 70.00 16.83
54.91 70.00 16.83
55.06 70.00 12.98
55.06 70.00 16.71
55.06 70.00 16.71
55.21 70.00 12.65
55.51 70.00 8.82
55.51 70.00 16.34
56.27 70.00 -4.33
55.51 70.00 35.41
55.51 70.00 16.34
55.66 70.00 12.44
55.66 70.00 16.22
55.66 70.00 16.22
55.81 70.00 12.30
55.97 70.00 12.17
55.97 70.00 15.98
56.12 70.00 12.21
56.12 70.00 15.86
56.12 70.00 15.86
56.12 70.00 15.86
56.12 70.00 15.86
56.27 70.00 11.89
56.43 70.00 11.55
56.43 70.00 15.61
56.43 70.00 15.61
56.43 70.00 15.61
56.58 70.00 11.61
57.21 70.00 -0.66
57.05 70.00 19.26
56.74 70.00 23.19
56.74 70.00 15.37
56.74 70.00 15.37
57.05 70.00 6.88
56.89 70.00 19.37
57.21 70.00 7.14
57.05 70.00 19.49
57.05 70.00 15.12
57.05 70.00 15.12
57.21 70.00 11.06
57.37 70.00 10.71
57.37 70.00 14.87
57.69 70.00 6.25
57.69 70.00 14.63
57.53 70.00 18.74
57.53 70.00 14.75
57.69 70.00 10.64
57.69 70.00 14.63
57.69 70.00 14.63
57.69 70.00 14.63
57.49 70.00 19.60
57.69 70.00 9.80
57.69 70.00 14.63
57.69 70.00 14.63
57.69 70.00 14.63
59.32 70.00 -29.59
58.33 70.00 37.66
58.66 70.00 5.29
57.69 70.00 40.19
58.01 70.00 6.35
58.01 70.00 14.38
58.01 70.00 14.38
58.01 70.00 14.38
58.99 70.00 -10.86
58.49 70.00 25.75
58.82 70.00 5.56
58.01 70.00 37.01
58.33 70.00 6.04
58.01 70.00 22.90
58.01 70.00 14.38
58.01 70.00 14.38
57.81 70.00 19.44
58.01 70.00 9.47
58.33 70.00 5.14
58.33 70.00 14.13
59.15 70.00 -7.04
59.15 70.00 13.51
58.49 70.00 31.34
58.49 70.00 14.01
58.82 70.00 5.13
58.82 70.00 13.76
58.99 70.00 9.29
58.99 70.00 13.63
58.99 70.00 13.63
58.99 70.00 13.63
58.99 70.00 13.63
58.79 70.00 19.04
58.99 70.00 8.64
58.82 70.00 18.10
58.82 70.00 13.76
58.82 70.00 13.76
58.62 70.00 18.96
58.62 70.00 13.91
59.02 70.00 3.47
58.82 70.00 19.40
58.22 70.00 29.28
59.32 70.00 -14.12
59.82 70.00 0.40
60.16 70.00 3.81
59.32 70.00 35.60
59.32 70.00 13.38
59.49 70.00 8.85
59.49 70.00 13.26
59.65 70.00 8.71
59.82 70.00 8.56
60.16 70.00 3.81
60.16 70.00 12.76
59.65 70.00 25.85
59.65 70.00 13.13
59.65 70.00 13.13
59.24 70.00 24.36
59.45 70.00 8.12
59.82 70.00 3.09
60.16 70.00 3.81
59.99 70.00 17.61
59.99 70.00 12.88
60.16 70.00 8.70
60.16 70.00 12.76
60.16 70.00 12.76
59.95 70.00 18.17
60.68 70.00 -5.78
60.85 70.00 7.68
60.33 70.00 26.27
60.33 70.00 12.63
60.33 70.00 12.63
60.33 70.00 12.63
60.33 70.00 12.63
60.12 70.00 18.36
61.38 70.00 -21.18
60.51 70.00 32.33
60.85 70.00 3.14
60.68 70.00 16.95
61.03 70.00 2.97
60.85 70.00 16.61
60.85 70.00 12.25
61.20 70.00 3.26
61.20 70.00 12.00
61.20 70.00 12.00
61.20 70.00 12.00
61.20 70.00 12.00
60.77 70.00 23.21
60.98 70.00 6.44
61.38 70.00 1.49
61.38 70.00 11.87
61.38 70.00 11.87
61.38 70.00 11.87
61.38 70.00 11.87
61.91 70.00 -2.55
62.09 70.00 6.88
61.55 70.00 26.64
61.55 70.00 11.75
61.55 70.00 11.75
61.55 70.00 11.75
62.00 70.00 0.85
61.78 70.00 17.78
61.91 70.00 8.11
61.91 70.00 11.49
61.91 70.00 11.49
62.27 70.00 1.76
62.27 70.00 11.24
62.09 70.00 15.88
62.09 70.00 11.37
62.45 70.00 1.59
62.45 70.00 11.11
62.45 70.00 11.11
62.45 70.00 11.11
62.45 70.00 11.11
62.64 70.00 6.43
62.64 70.00 10.99
62.45 70.00 15.91
62.45 70.00 11.11
62.64 70.00 6.19
62.64 70.00 10.99
62.64 70.00 10.99
63.56 70.00 -11.69
62.64 70.00 34.13
63.94 70.00 -24.19
63.00 70.00 31.99
63.94 70.00 -14.52
63.00 70.00 33.00
63.94 70.00 -13.29
63.00 70.00 33.00
64.13 70.00 -19.65
63.56 70.00 23.85
63.19 70.00 19.93
63.37 70.00 5.82
63.19 70.00 15.77
63.19 70.00 10.60
63.94 70.00 -9.65
63.94 70.00 10.09
63.75 70.00 14.95
63.75 70.00 10.22
63.75 70.00 10.22
63.75 70.00 10.22
63.75 70.00 10.22
63.75 70.00 10.22
63.56 70.00 15.05
63.56 70.00 10.35
63.75 70.00 5.52
63.75 70.00 10.22
63.75 70.00 10.22
63.94 70.00 5.37
64.13 70.00 4.96
64.32 70.00 4.53
64.32 70.00 9.84
65.29 70.00 -16.36
64.51 70.00 29.19
65.09 70.00 -4.54
64.90 70.00 14.60
64.13 70.00 29.23
64.13 70.00 9.97
64.13 70.00 9.97
64.32 70.00 4.53
64.32 70.00 9.84
64.51 70.00 4.91
64.51 70.00 9.71
64.51 70.00 9.71
65.49 70.00 -18.05
64.32 70.00 36.40
64.70 70.00 -0.56
65.09 70.00 -0.41
64.51 70.00 24.28
64.70 70.00 4.76
64.90 70.00 4.06
64.90 70.00 9.46
64.90 70.00 9.46
64.90 70.00 9.46
64.90 70.00 9.46
65.89 70.00 -17.17
65.09 70.00 28.19
65.49 70.00 -1.29
65.89 70.00 -1.14
65.29 70.00 24.10
65.29 70.00 9.20
65.29 70.00 9.20
65.49 70.00 3.88
65.49 70.00 9.07
65.49 70.00 9.07
65.49 70.00 9.07
66.09 70.00 -7.08
66.29 70.00 3.51
66.70 70.00 -3.01
65.69 70.00 33.00
65.69 70.00 8.95
65.69 70.00 8.95
65.69 70.00 8.95
65.69 70.00 8.95
64.90 70.00 30.02
65.69 70.00 -11.62
66.70 70.00 -14.65
66.70 70.00 8.31
66.49 70.00 13.81
66.49 70.00 8.44
66.49 70.00 8.44
65.89 70.00 25.65
65.89 70.00 8.82
66.29 70.00 -1.51
66.70 70.00 -2.42
65.89 70.00 29.08
66.09 70.00 3.67
66.09 70.00 8.69
66.49 70.00 -2.82
66.29 70.00 13.64
66.49 70.00 3.35
66.49 70.00 8.44
66.29 70.00 14.21
66.29 70.00 8.56
66.29 70.00 8.56
66.49 70.00 2.79
66.49 70.00 8.44
66.49 70.00 8.44
66.76 70.00 1.19
67.11 70.00 -1.61
66.90 70.00 13.10
66.90 70.00 8.18
66.90 70.00 8.18
66.90 70.00 8.18
66.90 70.00 8.18
66.90 70.00 8.18
66.90 70.00 8.18
66.90 70.00 8.18
66.90 70.00 8.18
66.90 70.00 8.18
68.38 70.00 -31.50
66.90 70.00 43.28
67.53 70.00 -7.81
68.16 70.00 -9.31
67.11 70.00 33.12
68.38 70.00 -26.06
67.11 70.00 38.23
68.38 70.00 -24.39
67.95 70.00 17.73
68.38 70.00 -3.96
67.53 70.00 29.05
67.32 70.00 13.16
67.32 70.00 7.93
67.32 70.00 7.93
67.74 70.00 -3.38
68.38 70.00 -8.70
67.53 70.00 30.17
67.74 70.00 2.41
67.53 70.00 13.34
67.74 70.00 2.41
68.16 70.00 -4.39
67.74 70.00 17.79
67.74 70.00 7.67
67.74 70.00 7.67
67.74 70.00 7.67
67.95 70.00 1.66
67.95 70.00 7.54
68.16 70.00 1.50
68.16 70.00 7.42
68.38 70.00 1.33
68.81 70.00 -4.36
68.38 70.00 18.69
68.16 70.00 12.52
68.38 70.00 1.65
68.59 70.00 1.17
68.59 70.00 7.16
68.59 70.00 7.16
68.59 70.00 7.16
68.59 70.00 7.16
68.59 70.00 7.16
68.81 70.00 1.00
69.03 70.00 1.16
68.59 70.00 18.63
68.81 70.00 1.32
68.81 70.00 7.04
68.81 70.00 7.04
68.81 70.00 7.04
69.25 70.00 -5.40
69.69 70.00 -4.57
68.81 70.00 29.10
68.81 70.00 7.04
68.81 70.00 7.04
69.03 70.00 0.84
69.03 70.00 6.91
69.25 70.00 0.68
69.69 70.00 -5.16
69.03 70.00 23.51
69.25 70.00 1.29
69.25 70.00 6.78
69.25 70.00 6.78
70.47 70.00 -25.99
69.25 70.00 37.27
70.60 70.00 -27.73
70.37 70.00 11.60
70.60 70.00 0.31
70.60 70.00 6.03
69.25 70.00 40.54
69.25 70.00 6.78
69.25 70.00 6.78
69.47 70.00 0.51
69.69 70.00 0.96
69.47 70.00 12.85
69.69 70.00 0.67
69.92 70.00 0.80
69.47 70.00 19.08
69.69 70.00 0.96
69.69 70.00 6.53
69.69 70.00 6.53
69.69 70.00 6.53
69.69 70.00 6.53
70.14 70.00 -5.56
70.60 70.00 -5.97
69.92 70.00 23.45
69.92 70.00 6.41
69.92 70.00 6.41
69.92 70.00 6.41
69.92 70.00 6.41
69.92 70.00 6.41
71.29 70.00 -30.59
69.92 70.00 40.84
70.14 70.00 0.64
70.14 70.00 6.28
70.14 70.00 6.28
70.14 70.00 6.28
70.14 70.00 6.28
70.14 70.00 6.28
70.78 70.00 -11.83
70.60 70.00 10.39
71.53 70.00 -17.74
71.06 70.00 16.94
70.14 70.00 30.45
70.37 70.00 0.75
70.37 70.00 6.16
71.06 70.00 -13.41
71.53 70.00 -5.11
71.53 70.00 5.53
71.77 70.00 -0.82
70.37 70.00 42.90
70.37 70.00 6.16
70.37 70.00 6.16
70.37 70.00 6.16
70.37 70.00 6.16
70.37 70.00 6.16
70.83 70.00 -6.18
71.53 70.00 -12.90
71.53 70.00 5.53
72.00 70.00 -7.91
71.29 70.00 23.42
70.60 70.00 23.42
70.60 70.00 6.03
70.60 70.00 6.03
70.60 70.00 6.03
70.60 70.00 6.03
70.60 70.00 6.03
70.83 70.00 -0.15
71.53 70.00 -11.98
70.37 70.00 33.77
72.00 70.00 -37.73
71.77 70.00 11.09
70.83 70.00 29.34
71.29 70.00 -5.98
71.53 70.00 -0.65
71.53 70.00 5.53
70.60 70.00 31.89
70.60 70.00 6.03
71.06 70.00 -6.38
70.60 70.00 18.20
72.00 70.00 -29.86
70.60 70.00 41.18
72.00 70.00 -28.19
71.77 70.00 11.37
72.00 70.00 -0.67
70.83 70.00 35.30
70.60 70.00 11.79
70.60 70.00 6.03
70.60 70.00 6.03
70.60 70.00 6.03
71.06 70.00 -6.38
71.29 70.00 -0.49
71.29 70.00 5.66
70.83 70.00 18.15
71.29 70.00 -6.59
70.83 70.00 16.99
72.24 70.00 -32.09
70.60 70.00 45.22
72.00 70.00 -31.71
70.83 70.00 32.63
71.06 70.00 -0.32
71.06 70.00 5.78
71.06 70.00 5.78
71.06 70.00 5.78
71.06 70.00 5.78
71.29 70.00 -0.83
72.00 70.00 -11.62
71.06 70.00 29.38
72.49 70.00 -30.60
72.00 70.00 16.76
71.06 70.00 29.38
71.29 70.00 -0.49
72.24 70.00 -17.46
71.06 70.00 35.38
72.24 70.00 -24.43
71.77 70.00 16.80
72.49 70.00 -12.96
72.00 70.00 17.34
72.49 70.00 -7.00
71.06 70.00 41.42
72.49 70.00 -32.47
72.24 70.00 10.92
72.49 70.00 -1.00
72.00 70.00 17.34
71.06 70.00 30.62
72.24 70.00 -23.02
71.29 70.00 29.42
72.73 70.00 -30.97
72.24 70.00 17.30
71.29 70.00 28.29
71.29 70.00 5.66
71.29 70.00 5.66
71.29 70.00 5.66
71.98 70.00 -13.76
71.77 70.00 10.51
72.73 70.00 -20.44
72.00 70.00 21.78
71.53 70.00 18.04
71.29 70.00 11.54
71.53 70.00 -0.34
72.49 70.00 -18.88
71.29 70.00 35.46
71.29 70.00 5.66
71.29 70.00 5.66
71.29 70.00 5.66
71.29 70.00 5.66
71.29 70.00 5.66
71.29 70.00 5.66
71.29 70.00 5.66
71.29 70.00 5.66
73.22 70.00 -48.88
71.29 70.00 51.57
72.73 70.00 -32.86
71.77 70.00 27.32
72.24 70.00 -7.43
72.00 70.00 11.29
71.53 70.00 17.41
71.53 70.00 5.53
71.77 70.00 -1.17
72.24 70.00 -6.80
71.29 70.00 29.42
72.24 70.00 -19.84
72.24 70.00 5.17
71.29 70.00 30.67
71.29 70.00 5.66
71.29 70.00 5.66
71.29 70.00 5.66
71.29 70.00 5.66
71.29 70.00 5.66
72.97 70.00 -39.44
71.29 70.00 45.68
72.73 70.00 -30.97
71.29 70.00 41.55
71.29 70.00 5.66
71.29 70.00 5.66
71.77 70.00 -7.01
72.24 70.00 -6.80
71.29 70.00 29.42
71.29 70.00 5.66
71.29 70.00 5.66
71.29 70.00 5.66
71.29 70.00 5.66
71.29 70.00 5.66
71.53 70.00 -0.65
72.24 70.00 -12.72
71.29 70.00 29.42
72.73 70.00 -30.97
72.24 70.00 16.72
71.29 70.00 29.42
71.29 70.00 5.66
71.29 70.00 5.66
71.29 70.00 5.66
71.29 70.00 5.66
71.29 70.00 5.66
71.53 70.00 -0.65
72.24 70.00 -12.72
71.29 70.00 29.42
72.73 70.00 -29.26
72.00 70.00 23.43
72.24 70.00 -0.84
71.06 70.00 35.38
71.29 70.00 -0.18
71.06 70.00 11.93
71.06 70.00 5.78
71.06 70.00 5.78
71.06 70.00 5.78
72.06 70.00 -21.14
72.24 70.00 0.86
71.06 70.00 36.94
71.53 70.00 -6.80
71.06 70.00 17.50
71.29 70.00 -0.18
71.53 70.00 -0.34
71.29 70.00 11.84
71.29 70.00 5.66
71.29 70.00 5.66
71.29 70.00 5.66
72.32 70.00 -20.47
72.00 70.00 13.13
72.24 70.00 -0.84
71.29 70.00 30.67
71.06 70.00 11.34
71.77 70.00 -13.15
72.00 70.00 -0.39
72.00 70.00 5.29
71.53 70.00 18.04
71.06 70.00 18.11
71.06 70.00 5.78
71.29 70.00 -0.49
71.29 70.00 5.66
71.06 70.00 11.93
71.06 70.00 5.78
71.06 70.00 5.78
71.06 70.00 5.78
71.29 70.00 -0.49
71.06 70.00 11.62
71.77 70.00 -12.22
72.24 70.00 -6.80
72.24 70.00 5.17
72.49 70.00 -1.67
71.29 70.00 37.03
71.06 70.00 11.34
71.06 70.00 5.78
71.06 70.00 5.78
71.29 70.00 -0.83
72.00 70.00 -11.62
71.06 70.00 29.38
72.24 70.00 -24.43
71.77 70.00 16.80
72.24 70.00 -6.80
70.83 70.00 43.16
71.29 70.00 -5.42
71.77 70.00 -7.01
70.60 70.00 36.76
71.06 70.00 -5.77
71.77 70.00 -12.22
71.06 70.00 22.58
72.00 70.00 -19.55
71.77 70.00 10.83
71.06 70.00 24.34
70.60 70.00 17.59
70.60 70.00 6.03
70.83 70.00 -0.15
71.53 70.00 -12.90
70.60 70.00 28.19
72.00 70.00 -29.86
71.53 70.00 16.85
71.77 70.00 -0.82
70.37 70.00 41.07
70.37 70.00 6.16
72.24 70.00 -46.91
70.37 70.00 48.77
70.60 70.00 0.01
70.60 70.00 6.03
70.60 70.00 6.03
71.06 70.00 -5.77
70.37 70.00 24.34
72.00 70.00 -35.58
71.06 70.00 28.25
72.00 70.00 -18.31
71.29 70.00 23.42
70.83 70.00 18.15
70.37 70.00 17.09
70.37 70.00 6.16
70.37 70.00 6.16
70.60 70.00 0.01
70.83 70.00 -0.15
70.60 70.00 12.09
70.60 70.00 6.03
70.60 70.00 6.03
70.60 70.00 6.03
70.60 70.00 6.03
70.60 70.00 6.03
70.60 70.00 6.03
70.83 70.00 -0.49
71.29 70.00 -5.98
70.60 70.00 23.42
70.60 70.00 6.03
70.60 70.00 6.03
70.60 70.00 6.03
70.60 70.00 6.03
70.60 70.00 6.03
69.93 70.00 23.90
70.26 70.00 -2.06
70.37 70.00 3.52
70.60 70.00 -0.32
70.37 70.00 11.60
70.60 70.00 0.01
71.53 70.00 -18.96
70.60 70.00 28.19
71.06 70.00 -5.77
71.53 70.00 -6.80
70.37 70.00 36.67
71.77 70.00 -27.84
70.60 70.00 35.22
71.53 70.00 -17.74
70.37 70.00 33.77
71.53 70.00 -23.46
70.60 70.00 29.30
71.53 70.00 -16.63
71.06 70.00 17.50
70.14 70.00 29.24
70.60 70.00 -5.97
71.06 70.00 -5.22
71.06 70.00 5.78
71.53 70.00 -6.80
70.14 70.00 40.95
70.14 70.00 6.28
69.92 70.00 12.35
70.83 70.00 -16.90
70.83 70.00 5.91
69.92 70.00 31.74
70.14 70.00 0.64
70.37 70.00 0.18
70.14 70.00 12.26
70.37 70.00 0.18
70.14 70.00 11.96
70.37 70.00 0.18
70.37 70.00 6.16
70.14 70.00 12.26
70.83 70.00 -11.25
70.83 70.00 5.91
69.92 70.00 31.74
70.14 70.00 0.91
69.92 70.00 12.68
70.14 70.00 0.64
70.14 70.00 6.28
69.92 70.00 12.05
69.92 70.00 6.41
69.92 70.00 6.41
69.92 70.00 6.41
70.14 70.00 0.01
70.60 70.00 -5.97
70.14 70.00 18.28
70.60 70.00 -4.83
70.60 70.00 6.03
71.53 70.00 -18.96
69.92 70.00 44.80
71.29 70.00 -28.78
70.83 70.00 17.54
71.06 70.00 -0.02
69.69 70.00 40.74
69.69 70.00 6.53
70.14 70.00 -5.56
70.83 70.00 -11.25
69.69 70.00 33.59
70.83 70.00 -24.00
69.92 70.00 27.14
71.06 70.00 -24.32
70.60 70.00 17.04
70.60 70.00 6.03
70.60 70.00 6.03
70.60 70.00 6.03
69.92 70.00 25.35
69.92 70.00 6.41
69.92 70.00 6.41
69.69 70.00 12.44
69.69 70.00 6.53
69.69 70.00 6.53
69.47 70.00 12.85
69.47 70.00 6.66
69.47 70.00 6.66
69.47 70.00 6.66
69.69 70.00 0.67
69.69 70.00 6.53
69.92 70.00 0.50
69.92 70.00 6.41
69.47 70.00 18.43
69.47 70.00 6.66
69.92 70.00 -5.36
70.14 70.00 0.34
70.83 70.00 -12.16
69.47 70.00 39.02
70.60 70.00 -23.68
70.37 70.00 11.60
70.37 70.00 6.16
70.37 70.00 6.16
70.37 70.00 6.16
69.47 70.00 29.16
69.47 70.00 6.66
69.47 70.00 6.66
69.25 70.00 12.93
69.25 70.00 6.78
69.25 70.00 6.78
69.47 70.00 0.51
69.25 70.00 12.32
69.25 70.00 6.78
69.69 70.00 -5.16
70.14 70.00 -5.56
71.29 70.00 -21.77
71.29 70.00 5.66
70.37 70.00 30.49
70.37 70.00 6.16
69.47 70.00 31.66
69.25 70.00 12.32
69.25 70.00 6.78
69.25 70.00 6.78
69.25 70.00 6.78
70.48 70.00 -26.29
70.14 70.00 14.30
70.60 70.00 -5.37
69.47 70.00 36.37
69.92 70.00 -4.24
69.92 70.00 6.41
70.37 70.00 -6.43
69.03 70.00 40.45
69.03 70.00 6.91
69.47 70.00 -4.95
69.03 70.00 18.52
70.14 70.00 -20.25
69.25 70.00 29.14
69.92 70.00 -10.30
69.69 70.00 11.87
70.14 70.00 -4.97
69.03 70.00 36.23
70.14 70.00 -21.57
68.81 70.00 38.77
70.14 70.00 -27.04
69.69 70.00 17.78
70.14 70.00 -4.43
68.81 70.00 42.11
69.03 70.00 1.16
69.25 70.00 1.29
68.81 70.00 19.22
68.81 70.00 7.04
68.81 70.00 7.04
68.81 70.00 7.04
68.81 70.00 7.04
68.81 70.00 7.04
68.50 70.00 15.43
68.19 70.00 15.54
68.81 70.00 -8.49
68.81 70.00 7.04
69.03 70.00 1.45
68.81 70.00 13.11
68.81 70.00 7.04
69.47 70.00 -10.71
68.81 70.00 22.75
69.92 70.00 -22.72
68.59 70.00 38.69
69.69 70.00 -20.96
68.81 70.00 28.05
69.92 70.00 -22.72
69.47 70.00 17.31
69.69 70.00 0.96
68.81 70.00 31.56
68.59 70.00 12.34
68.81 70.00 1.32
68.81 70.00 7.04
68.59 70.00 13.20
68.81 70.00 1.87
68.81 70.00 7.04
68.81 70.00 7.04
70.62 70.00 -41.68
68.81 70.00 52.36
69.69 70.00 -15.53
69.69 70.00 6.53
68.59 70.00 34.66
68.59 70.00 7.16
69.03 70.00 -4.56
69.47 70.00 -4.37
68.38 70.00 34.61
68.59 70.00 1.48
68.81 70.00 1.61
68.81 70.00 7.04
68.59 70.00 13.20
68.81 70.00 1.61
68.81 70.00 7.04
68.81 70.00 7.04
68.81 70.00 7.04
68.81 70.00 7.04
68.81 70.00 7.04
68.81 70.00 7.04
69.03 70.00 0.84
69.03 70.00 6.91
68.81 70.00 12.79
68.81 70.00 7.04
68.81 70.00 7.04
68.81 70.00 7.04
68.81 70.00 7.04
68.59 70.00 13.20
68.59 70.00 7.16
68.59 70.00 7.16
68.59 70.00 7.16
68.59 70.00 7.16
68.59 70.00 7.16
68.59 70.00 7.16
67.39 70.00 41.14
68.29 70.00 -13.94
69.25 70.00 -17.19
69.25 70.00 6.78
68.38 70.00 30.23
68.38 70.00 7.29
68.38 70.00 7.29
68.38 70.00 7.29
68.38 70.00 7.29
68.38 70.00 7.29
68.38 70.00 7.29
67.18 70.00 41.27
68.07 70.00 -13.81
69.25 70.00 -22.59
69.25 70.00 6.78
68.16 70.00 36.00
68.16 70.00 7.42
68.16 70.00 7.42
68.38 70.00 1.65
68.16 70.00 13.06
68.38 70.00 1.65
68.38 70.00 7.29
68.16 70.00 13.06
68.16 70.00 7.42
68.16 70.00 7.42
68.16 70.00 7.42
68.75 70.00 -8.54
68.38 70.00 17.26
68.59 70.00 1.77
68.16 70.00 18.74
68.38 70.00 1.93
68.16 70.00 13.38
68.16 70.00 7.42
68.16 70.00 7.42
68.38 70.00 1.65
68.38 70.00 7.29
68.38 70.00 7.29
68.38 70.00 7.29
68.38 70.00 7.29
68.59 70.00 1.77
68.16 70.00 19.37
68.38 70.00 1.93
68.16 70.00 13.38
68.16 70.00 7.42
68.16 70.00 7.42
68.38 70.00 1.33
68.16 70.00 12.78
68.38 70.00 1.65
68.38 70.00 7.29
68.16 70.00 13.38
69.03 70.00 -13.71
68.81 70.00 12.50
69.47 70.00 -9.84
69.03 70.00 17.94
67.95 70.00 34.53
68.16 70.00 1.81
67.95 70.00 13.15
68.81 70.00 -14.48
68.81 70.00 7.04
69.25 70.00 -4.75
68.81 70.00 18.00
67.95 70.00 29.06
68.59 70.00 -9.77
69.03 70.00 -3.46
69.03 70.00 6.91
69.25 70.00 1.00
69.69 70.00 -5.81
67.95 70.00 51.13
68.16 70.00 2.09
68.59 70.00 -4.79
68.16 70.00 17.66
69.25 70.00 -21.79
67.95 70.00 38.48
69.25 70.00 -25.69
68.81 70.00 17.48
69.25 70.00 -4.75
68.16 70.00 34.57
67.95 70.00 12.87
67.95 70.00 7.54
67.95 70.00 7.54
68.16 70.00 1.81
68.16 70.00 7.42
68.16 70.00 7.42
68.16 70.00 7.42
68.16 70.00 7.42
67.57 70.00 23.38
68.16 70.00 -8.19
68.16 70.00 7.42
68.59 70.00 -4.79
67.95 70.00 24.48
69.25 70.00 -25.69
68.81 70.00 17.48
69.03 70.00 1.45
68.16 70.00 31.48
67.95 70.00 12.62
68.16 70.00 1.81
68.16 70.00 7.42
68.59 70.00 -4.79
68.16 70.00 17.66
68.16 70.00 7.42
68.16 70.00 7.42
68.16 70.00 7.42
68.16 70.00 7.42
68.16 70.00 7.42
68.16 70.00 7.42
68.38 70.00 1.93
68.38 70.00 7.29
68.16 70.00 13.06
68.16 70.00 7.42
68.16 70.00 7.42
68.81 70.00 -10.00
69.03 70.00 1.71
69.25 70.00 1.00
68.38 70.00 31.50
68.38 70.00 7.29
68.38 70.00 7.29
68.59 70.00 1.48
68.16 70.00 19.37
68.38 70.00 2.18
68.16 70.00 13.38
68.16 70.00 7.42
68.16 70.00 7.42
68.16 70.00 7.42
68.38 70.00 1.65
68.38 70.00 7.29
68.81 70.00 -4.36
68.16 70.00 23.61
68.16 70.00 7.42
68.16 70.00 7.42
68.16 70.00 7.42
68.16 70.00 7.42
68.16 70.00 7.42
67.86 70.00 15.51
67.56 70.00 15.23
68.16 70.00 -7.55
68.16 70.00 7.42
68.59 70.00 -3.59
69.25 70.00 -10.47
68.16 70.00 33.28
69.47 70.00 -26.03
68.38 70.00 34.61
69.69 70.00 -26.36
69.03 70.00 22.72
69.25 70.00 1.29
69.25 70.00 6.78
68.38 70.00 30.23
68.38 70.00 7.29
68.38 70.00 7.29
68.38 70.00 7.29
68.81 70.00 -4.36
69.25 70.00 -4.18
68.38 70.00 30.23
68.16 70.00 12.78
68.38 70.00 1.93
68.38 70.00 7.29
68.38 70.00 7.29
68.38 70.00 7.29
68.38 70.00 7.29
68.38 70.00 7.29
68.68 70.00 -1.32
69.03 70.00 -1.79
68.16 70.00 29.07
68.38 70.00 1.65
68.38 70.00 7.29
68.38 70.00 7.29
68.81 70.00 -4.36
68.38 70.00 18.69
69.69 70.00 -24.79
68.38 70.00 40.18
69.47 70.00 -20.66
69.25 70.00 12.05
69.03 70.00 12.41
68.16 70.00 30.21
68.16 70.00 7.42
68.16 70.00 7.42
68.38 70.00 1.33
68.38 70.00 7.29
69.03 70.00 -10.24
69.25 70.00 1.55
69.69 70.00 -5.81
68.81 70.00 28.05
68.59 70.00 12.88
68.59 70.00 7.16
68.81 70.00 1.00
68.59 70.00 12.88
68.16 70.00 18.18
68.16 70.00 7.42
68.16 70.00 7.42
68.16 70.00 7.42
68.16 70.00 7.42
68.16 70.00 7.42
68.16 70.00 7.42
68.16 70.00 7.42
68.38 70.00 1.33
68.16 70.00 12.78
68.38 70.00 1.65
68.38 70.00 7.29
68.38 70.00 7.29
68.16 70.00 12.78
68.16 70.00 7.42
68.16 70.00 7.42
68.16 70.00 7.42
69.33 70.00 -25.64
69.03 70.00 14.04
69.47 70.00 -4.95
68.38 70.00 33.31
68.81 70.00 -4.36
68.16 70.00 23.61
68.16 70.00 7.42
68.16 70.00 7.42
68.16 70.00 7.42
68.16 70.00 7.42
68.81 70.00 -10.00
68.16 70.00 23.61
69.25 70.00 -20.37
68.38 70.00 28.04
69.47 70.00 -20.66
68.81 70.00 23.53
69.03 70.00 1.71
69.03 70.00 6.91
68.16 70.00 30.21
68.16 70.00 7.42
68.16 70.00 7.42
68.38 70.00 1.33
68.16 70.00 13.38
68.38 70.00 2.18
68.38 70.00 7.29
68.38 70.00 7.29
68.16 70.00 13.38
68.38 70.00 2.18
68.38 70.00 7.29
68.38 70.00 7.29
68.38 70.00 7.29
68.38 70.00 7.29
68.81 70.00 -4.36
69.03 70.00 1.16
69.25 70.00 1.29
68.16 70.00 37.58
68.16 70.00 7.42
68.16 70.00 7.42
68.38 70.00 1.65
68.38 70.00 7.29
68.38 70.00 7.29
68.38 70.00 7.29
68.38 70.00 7.29
67.48 70.00 31.35
68.08 70.00 -7.36
68.59 70.00 -5.75
68.81 70.00 1.32
68.38 70.00 18.69
68.38 70.00 7.29
68.38 70.00 7.29
68.38 70.00 7.29
68.38 70.00 7.29
68.38 70.00 7.29
68.38 70.00 7.29
67.48 70.00 31.35
68.08 70.00 -7.36
68.38 70.00 -0.23
69.25 70.00 -16.15
68.59 70.00 22.07
68.59 70.00 7.16
68.59 70.00 7.16
68.38 70.00 13.29
68.38 70.00 7.29
68.38 70.00 7.29
68.38 70.00 7.29
68.81 70.00 -3.79
68.38 70.00 18.69
69.69 70.00 -26.36
68.38 70.00 38.62
69.69 70.00 -26.36
69.25 70.00 17.89
69.69 70.00 -4.57
68.59 70.00 34.66
68.59 70.00 7.16
68.38 70.00 12.97
68.38 70.00 7.29
68.38 70.00 7.29
68.38 70.00 7.29
68.59 70.00 1.48
68.59 70.00 7.16
68.59 70.00 7.16
69.19 70.00 -9.81
69.25 70.00 5.36
69.69 70.00 -5.16
68.59 70.00 36.11
68.38 70.00 12.69
68.38 70.00 7.29
68.38 70.00 7.29
68.38 70.00 7.29
68.38 70.00 7.29
68.38 70.00 7.29
68.38 70.00 7.29
68.98 70.00 -8.96
69.03 70.00 5.72
69.69 70.00 -10.94
69.25 70.00 17.89
69.69 70.00 -4.04
68.38 70.00 41.91
68.59 70.00 1.77
69.03 70.00 -5.19
68.81 70.00 12.24
68.38 70.00 18.69
68.59 70.00 1.77
68.59 70.00 7.16
68.38 70.00 13.29
68.38 70.00 7.29
68.38 70.00 7.29
68.38 70.00 7.29
68.68 70.00 -1.32
68.38 70.00 14.88
68.38 70.00 7.29
68.38 70.00 7.29
68.38 70.00 7.29
68.97 70.00 -8.67
68.38 70.00 22.12
69.03 70.00 -10.24
68.38 70.00 22.80
69.47 70.00 -20.66
68.59 70.00 28.05
69.69 70.00 -22.41
69.25 70.00 16.88
69.69 70.00 -5.16
68.38 70.00 40.18
68.38 70.00 7.29
68.38 70.00 7.29
68.38 70.00 7.29
68.38 70.00 7.29
68.38 70.00 7.29
67.18 70.00 41.27
67.77 70.00 -7.18
68.38 70.00 -7.81
68.81 70.00 -3.79
68.81 70.00 7.04
69.25 70.00 -4.75
69.03 70.00 12.41
68.38 70.00 23.58
68.38 70.00 7.29
68.59 70.00 1.48
68.38 70.00 12.97
68.38 70.00 7.29
68.38 70.00 7.29
68.38 70.00 7.29
68.38 70.00 7.29
68.38 70.00 7.29
68.38 70.00 7.29
68.81 70.00 -4.99
69.25 70.00 -4.75
68.38 70.00 29.08
68.38 70.00 7.29
68.38 70.00 7.29
69.03 70.00 -11.19
69.47 70.00 -3.37
69.03 70.00 18.52
68.38 70.00 23.58
68.38 70.00 7.29
68.38 70.00 7.29
68.59 70.00 1.17
68.38 70.00 13.29
68.59 70.00 2.03
68.59 70.00 7.16
68.59 70.00 7.16
69.03 70.00 -5.19
68.59 70.00 17.54
70.14 70.00 -34.50
68.38 70.00 49.33
69.69 70.00 -26.36
69.25 70.00 17.36
69.92 70.00 -11.18
69.25 70.00 21.98
69.69 70.00 -5.16
68.38 70.00 41.91
69.69 70.00 -26.36
69.47 70.00 11.96
69.69 70.00 0.96
69.69 70.00 6.53
68.81 70.00 29.10
68.81 70.00 7.04
68.81 70.00 7.04
68.59 70.00 12.88
68.59 70.00 7.16
68.59 70.00 7.16
68.59 70.00 7.16
68.81 70.00 1.61
68.81 70.00 7.04
68.81 70.00 7.04
70.31 70.00 -33.38
68.59 70.00 48.13
69.69 70.00 -22.41
68.59 70.00 33.35
69.69 70.00 -20.96
69.47 70.00 11.96
68.59 70.00 30.24
69.03 70.00 -3.46
68.81 70.00 12.79
68.59 70.00 12.88
68.81 70.00 1.87
68.81 70.00 7.04
68.81 70.00 7.04
68.81 70.00 7.04
70.14 70.00 -27.04
68.59 70.00 45.91
69.92 70.00 -26.70
68.59 70.00 38.69
69.69 70.00 -20.96
69.47 70.00 12.23
69.69 70.00 0.96
69.69 70.00 6.53
68.81 70.00 31.56
68.81 70.00 7.04
69.03 70.00 1.16
69.47 70.00 -4.95
69.03 70.00 18.52
68.81 70.00 12.24
69.03 70.00 1.16
69.03 70.00 6.91
69.03 70.00 6.91
69.03 70.00 6.91
69.03 70.00 6.91
68.11 70.00 32.97
68.72 70.00 -7.43
68.81 70.00 4.65
68.81 70.00 7.04
68.81 70.00 7.04
68.81 70.00 7.04
69.25 70.00 -5.40
69.69 70.00 -5.16
68.81 70.00 28.05
68.81 70.00 7.04
69.47 70.00 -10.71
68.81 70.00 23.53
69.47 70.00 -9.05
69.69 70.00 0.67
70.14 70.00 -5.56
68.81 70.00 40.36
68.81 70.00 7.04
68.81 70.00 7.04
68.81 70.00 7.04
69.43 70.00 -8.85
69.47 70.00 5.64
70.14 70.00 -11.42
69.25 70.00 28.08
70.14 70.00 -16.07
69.47 70.00 23.48
69.03 70.00 17.42
69.03 70.00 6.91
68.81 70.00 12.79
69.03 70.00 1.16
69.03 70.00 6.91
68.81 70.00 13.11
69.03 70.00 1.16
69.03 70.00 6.91
69.03 70.00 6.91
69.03 70.00 6.91
69.03 70.00 6.91
69.25 70.00 1.29
68.81 70.00 19.22
69.03 70.00 1.45
69.25 70.00 1.00
69.03 70.00 13.02
69.25 70.00 1.29
69.25 70.00 6.78
69.03 70.00 12.41
69.03 70.00 6.91
69.03 70.00 6.91
69.03 70.00 6.91
69.47 70.00 -4.95
69.03 70.00 18.52
70.37 70.00 -29.14
69.25 70.00 32.27
70.14 70.00 -17.25
69.25 70.00 28.08
69.03 70.00 12.41
69.03 70.00 6.91
69.03 70.00 6.91
69.33 70.00 -1.32
68.81 70.00 20.16
69.03 70.00 1.45
69.25 70.00 0.68
69.03 70.00 12.41
69.03 70.00 6.91
69.25 70.00 0.68
69.03 70.00 12.70
69.03 70.00 6.91
69.69 70.00 -10.94
69.03 70.00 23.51
69.47 70.00 -3.85
69.92 70.00 -5.36
69.03 70.00 29.12
69.03 70.00 6.91
69.03 70.00 6.91
69.03 70.00 6.91
69.34 70.00 -1.85
68.81 70.00 19.60
69.03 70.00 1.16
69.03 70.00 6.91
69.25 70.00 1.00
69.25 70.00 6.78
69.25 70.00 6.78
69.47 70.00 0.83
69.03 70.00 18.52
69.47 70.00 -4.95
69.25 70.00 12.32
69.25 70.00 6.78
69.25 70.00 6.78
69.25 70.00 6.78
69.56 70.00 -1.60
69.25 70.00 14.59
69.25 70.00 6.78
69.25 70.00 6.78
69.92 70.00 -11.18
69.92 70.00 6.41
70.37 70.00 -6.43
69.47 70.00 29.16
69.25 70.00 12.32
69.25 70.00 6.78
69.25 70.00 6.78
69.03 70.00 12.41
70.14 70.00 -23.04
69.92 70.00 11.78
70.37 70.00 -5.17
69.69 70.00 23.46
69.03 70.00 24.39
69.03 70.00 6.91
69.47 70.00 -4.37
70.14 70.00 -11.42
69.25 70.00 28.08
70.14 70.00 -16.07
69.92 70.00 11.78
68.81 70.00 36.17
69.03 70.00 1.71
68.81 70.00 13.11
69.03 70.00 1.45
69.47 70.00 -5.60
69.03 70.00 17.42
70.14 70.00 -23.04
69.92 70.00 12.05
69.69 70.00 11.87
69.25 70.00 18.47
69.25 70.00 6.78
68.81 70.00 19.22
68.81 70.00 7.04
69.69 70.00 -17.99
69.25 70.00 17.36
70.14 70.00 -16.07
69.03 70.00 33.44
69.03 70.00 6.91
69.92 70.00 -15.80
69.25 70.00 23.50
69.92 70.00 -11.18
70.14 70.00 0.91
70.60 70.00 -5.97
69.47 70.00 34.88
69.25 70.00 12.61
69.47 70.00 1.39
69.47 70.00 6.66
69.47 70.00 6.66
69.47 70.00 6.66
69.47 70.00 6.66
69.25 70.00 12.93
69.25 70.00 6.78
69.25 70.00 6.78
69.25 70.00 6.78
69.25 70.00 6.78
69.25 70.00 6.78
69.25 70.00 6.78
69.25 70.00 6.78
69.92 70.00 -11.18
69.25 70.00 22.70
70.37 70.00 -23.36
69.25 70.00 33.49
70.37 70.00 -21.88
69.25 70.00 33.49
70.37 70.00 -23.36
70.14 70.00 11.69
70.14 70.00 6.28
70.14 70.00 6.28
70.14 70.00 6.28
69.25 70.00 29.14
69.25 70.00 6.78
69.25 70.00 6.78
69.25 70.00 6.78
69.03 70.00 12.70
69.03 70.00 6.91
69.03 70.00 6.91
69.25 70.00 1.29
69.69 70.00 -5.81
69.03 70.00 23.51
70.37 70.00 -29.14
69.69 70.00 21.93
70.37 70.00 -11.67
69.92 70.00 17.19
70.37 70.00 -5.17
69.03 70.00 40.45
69.25 70.00 1.00
69.25 70.00 6.78
69.03 70.00 12.70
69.25 70.00 1.00
69.92 70.00 -11.18
69.03 70.00 28.06
70.37 70.00 -27.38
69.03 70.00 40.45
70.37 70.00 -25.78
69.25 70.00 34.82
70.14 70.00 -16.07
68.81 70.00 38.77
69.47 70.00 -9.84
69.03 70.00 18.52
69.47 70.00 -4.95
69.92 70.00 -4.24
69.03 70.00 30.29
69.03 70.00 6.91
69.03 70.00 6.91
69.03 70.00 6.91
69.03 70.00 6.91
68.71 70.00 15.38
68.09 70.00 22.99
69.25 70.00 -22.12
69.03 70.00 12.41
69.25 70.00 1.55
69.92 70.00 -12.16
69.03 70.00 29.12
69.69 70.00 -9.28
69.92 70.00 0.50
70.14 70.00 0.34
69.03 70.00 37.86
69.03 70.00 6.91
69.47 70.00 -5.60
70.14 70.00 -10.54
69.69 70.00 17.25
70.37 70.00 -10.78
69.47 70.00 29.16
70.37 70.00 -17.53
69.92 70.00 16.70
69.03 70.00 30.29
69.03 70.00 6.91
69.03 70.00 6.91
69.25 70.00 1.00
69.25 70.00 6.78
69.69 70.00 -4.57
69.25 70.00 18.47
69.25 70.00 6.78
69.25 70.00 6.78
69.25 70.00 6.78
69.25 70.00 6.78
69.89 70.00 -11.33
69.47 70.00 16.16
70.60 70.00 -23.68
69.25 70.00 38.93
70.60 70.00 -29.50
70.14 70.00 16.65
70.60 70.00 -5.97
69.25 70.00 40.54
70.37 70.00 -21.88
70.14 70.00 11.69
70.60 70.00 -5.97
69.92 70.00 22.64
69.03 70.00 30.29
69.03 70.00 6.91
69.25 70.00 1.00
69.47 70.00 0.83
69.25 70.00 12.61
69.47 70.00 0.83
69.69 70.00 0.96
69.47 70.00 12.85
69.25 70.00 12.32
69.25 70.00 6.78
69.25 70.00 6.78
69.25 70.00 6.78
69.25 70.00 6.78
69.69 70.00 -4.57
69.25 70.00 18.47
70.60 70.00 -27.73
69.25 70.00 40.54
70.37 70.00 -20.54
70.14 70.00 11.96
70.37 70.00 0.48
70.37 70.00 6.16
69.25 70.00 36.30
69.25 70.00 6.78
69.25 70.00 6.78
69.47 70.00 0.83
69.25 70.00 12.93
69.25 70.00 6.78
69.25 70.00 6.78
69.25 70.00 6.78
69.25 70.00 6.78
69.25 70.00 6.78
69.25 70.00 6.78
68.31 70.00 33.33
68.93 70.00 -8.56
69.25 70.00 -1.09
69.25 70.00 6.78
69.25 70.00 6.78
69.25 70.00 6.78
69.25 70.00 6.78
69.25 70.00 6.78
69.57 70.00 -2.23
69.92 70.00 -2.35
69.25 70.00 23.50
69.47 70.00 0.83
69.47 70.00 6.66
69.25 70.00 12.93
70.14 70.00 -16.07
70.14 70.00 6.28
69.47 70.00 23.48
69.47 70.00 6.66
69.25 70.00 12.61
69.25 70.00 6.78
69.25 70.00 6.78
69.25 70.00 6.78
69.25 70.00 6.78
69.25 70.00 6.78
69.25 70.00 6.78
71.06 70.00 -41.91
69.25 70.00 49.94
70.60 70.00 -27.73
69.25 70.00 40.54
70.37 70.00 -20.54
69.92 70.00 17.73
69.92 70.00 6.41
69.92 70.00 6.41
70.14 70.00 0.34
69.47 70.00 24.37
69.25 70.00 12.61
69.25 70.00 6.78
69.25 70.00 6.78
69.25 70.00 6.78
69.47 70.00 0.51
69.47 70.00 6.66
69.03 70.00 18.52
69.25 70.00 1.00
69.25 70.00 6.78
69.47 70.00 0.51
69.47 70.00 6.66
69.47 70.00 6.66
70.37 70.00 -16.35
69.47 70.00 29.16
69.92 70.00 -4.77
70.14 70.00 0.64
70.60 70.00 -6.64
69.25 70.00 40.54
69.47 70.00 0.83
69.47 70.00 6.66
69.25 70.00 12.93
69.25 70.00 6.78
69.25 70.00 6.78
69.69 70.00 -5.16
69.25 70.00 18.47
70.60 70.00 -29.50
69.25 70.00 37.47
70.37 70.00 -23.36
70.14 70.00 11.69
70.37 70.00 0.48
70.37 70.00 6.16
69.25 70.00 37.94
69.25 70.00 6.78
69.25 70.00 6.78
69.47 70.00 0.83
69.25 70.00 12.93
69.25 70.00 6.78
69.25 70.00 6.78
69.03 70.00 13.02
69.03 70.00 6.91
69.03 70.00 6.91
69.25 70.00 1.00
69.25 70.00 6.78
69.03 70.00 12.41
69.25 70.00 1.00
69.25 70.00 6.78
69.25 70.00 6.78
69.25 70.00 6.78
69.69 70.00 -5.16
70.14 70.00 -5.56
69.03 70.00 33.44
69.25 70.00 1.00
69.25 70.00 6.78
69.25 70.00 6.78
69.25 70.00 6.78
69.25 70.00 6.78
68.32 70.00 33.09
68.94 70.00 -7.69
69.03 70.00 4.49
69.47 70.00 -4.95
69.47 70.00 6.66
69.25 70.00 12.61
69.47 70.00 0.83
69.47 70.00 6.66
69.25 70.00 12.61
69.47 70.00 0.83
69.25 70.00 12.61
69.25 70.00 6.78
69.25 70.00 6.78
69.25 70.00 6.78
69.69 70.00 -5.16
69.25 70.00 17.89
70.60 70.00 -27.73
69.25 70.00 40.54
70.37 70.00 -20.54
70.14 70.00 11.96
70.14 70.00 6.28
70.14 70.00 6.28
69.92 70.00 12.68
69.92 70.00 6.41
69.92 70.00 6.41
69.69 70.00 12.14
69.69 70.00 6.53
69.69 70.00 6.53
69.47 70.00 12.52
69.47 70.00 6.66
69.47 70.00 6.66
69.25 70.00 12.93
69.25 70.00 6.78
69.25 70.00 6.78
69.25 70.00 6.78
69.03 70.00 12.70
69.92 70.00 -15.80
69.47 70.00 17.84
69.25 70.00 12.32
69.03 70.00 12.41
69.47 70.00 -4.37
69.69 70.00 0.67
69.03 70.00 24.39
69.25 70.00 1.29
69.25 70.00 6.78
69.03 70.00 12.70
69.03 70.00 6.91
69.03 70.00 6.91
69.03 70.00 6.91
69.03 70.00 6.91
69.03 70.00 6.91
69.03 70.00 6.91
68.72 70.00 15.23
68.41 70.00 14.93
69.25 70.00 -14.10
69.92 70.00 -10.30
69.92 70.00 6.41
70.14 70.00 0.01
69.25 70.00 30.32
69.03 70.00 12.41
69.03 70.00 6.91
69.03 70.00 6.91
69.03 70.00 6.91
69.03 70.00 6.91
69.03 70.00 6.91
69.03 70.00 6.91
69.03 70.00 6.91
69.03 70.00 6.91
69.03 70.00 6.91
70.60 70.00 -35.29
69.03 70.00 44.30
70.37 70.00 -29.14
69.92 70.00 17.19
70.14 70.00 0.64
69.03 70.00 36.23
69.03 70.00 6.91
69.03 70.00 6.91
69.03 70.00 6.91
69.03 70.00 6.91
69.03 70.00 6.91
69.47 70.00 -4.37
69.03 70.00 18.52
70.37 70.00 -29.14
69.25 70.00 33.49
70.14 70.00 -16.07
69.25 70.00 28.08
69.25 70.00 6.78
69.25 70.00 6.78
70.14 70.00 -18.56
69.03 70.00 33.44
70.37 70.00 -27.38
69.03 70.00 38.85
70.14 70.00 -23.04
69.92 70.00 11.78
70.37 70.00 -5.17
69.03 70.00 40.45
69.25 70.00 1.00
69.25 70.00 6.78
69.03 70.00 12.70
69.47 70.00 -4.95
69.92 70.00 -4.77
69.03 70.00 29.12
69.03 70.00 6.91
69.03 70.00 6.91
69.03 70.00 6.91
69.03 70.00 6.91
69.03 70.00 6.91
70.60 70.00 -35.29
69.03 70.00 44.30
70.37 70.00 -27.38
69.92 70.00 17.73
70.14 70.00 0.91
69.25 70.00 31.62
69.03 70.00 12.41
69.25 70.00 1.29
69.25 70.00 6.78
69.03 70.00 13.02
69.47 70.00 -4.37
69.92 70.00 -4.77
69.92 70.00 6.41
70.60 70.00 -11.91
69.25 70.00 38.93
70.37 70.00 -21.88
69.92 70.00 17.73
70.14 70.00 0.91
70.14 70.00 6.28
69.03 70.00 36.23
69.03 70.00 6.91
69.03 70.00 6.91
69.47 70.00 -5.60
70.14 70.00 -11.42
70.14 70.00 6.28
70.60 70.00 -6.64
70.14 70.00 17.68
69.03 70.00 36.23
69.25 70.00 1.55
69.25 70.00 6.78
69.25 70.00 6.78
69.25 70.00 6.78
69.25 70.00 6.78
69.47 70.00 0.51
69.25 70.00 12.93
69.25 70.00 6.78
69.25 70.00 6.78
69.47 70.00 0.83
69.25 70.00 12.61
69.25 70.00 6.78
69.92 70.00 -12.16
69.47 70.00 17.31
70.14 70.00 -10.54
69.25 70.00 28.08
70.60 70.00 -29.50
69.69 70.00 27.13
70.37 70.00 -11.67
70.14 70.00 11.96
70.37 70.00 0.75
70.37 70.00 6.16
69.03 70.00 42.21
69.03 70.00 6.91
69.03 70.00 6.91
69.03 70.00 6.91
69.25 70.00 1.00
69.25 70.00 6.78
69.25 70.00 6.78
70.48 70.00 -26.29
69.25 70.00 37.56
70.37 70.00 -20.54
70.14 70.00 11.96
70.37 70.00 0.48
70.37 70.00 6.16
69.25 70.00 36.30
69.25 70.00 6.78
69.25 70.00 6.78
69.47 70.00 0.51
69.25 70.00 12.93
69.25 70.00 6.78
69.25 70.00 6.78
69.25 70.00 6.78
69.25 70.00 6.78
69.25 70.00 6.78
69.25 70.00 6.78
69.92 70.00 -11.18
69.25 70.00 23.50
70.60 70.00 -26.12
69.47 70.00 34.88
70.37 70.00 -17.53
69.47 70.00 27.12
69.25 70.00 12.61
69.69 70.00 -4.57
70.14 70.00 -5.56
70.14 70.00 6.28
70.60 70.00 -6.64
69.47 70.00 34.88
69.25 70.00 12.32
70.14 70.00 -16.07
70.14 70.00 6.28
69.47 70.00 23.48
69.69 70.00 0.67
69.25 70.00 19.12
69.69 70.00 -4.57
69.47 70.00 12.23
69.25 70.00 12.32
69.25 70.00 6.78
69.25 70.00 6.78
69.25 70.00 6.78
69.25 70.00 6.78
69.25 70.00 6.78
69.25 70.00 6.78
70.83 70.00 -38.00
69.25 70.00 46.30
70.60 70.00 -26.12
69.47 70.00 34.88
70.60 70.00 -22.19
69.92 70.00 22.64
70.37 70.00 -5.17
69.25 70.00 36.30
69.69 70.00 -4.57
70.37 70.00 -10.78
70.37 70.00 6.16
70.60 70.00 -0.32
70.37 70.00 11.60
69.47 70.00 30.35
69.47 70.00 6.66
69.47 70.00 6.66
69.69 70.00 0.67
69.69 70.00 6.53
69.69 70.00 6.53
70.14 70.00 -4.97
70.37 70.00 0.18
70.83 70.00 -6.18
69.47 70.00 42.43
69.47 70.00 6.66
69.47 70.00 6.66
69.47 70.00 6.66
69.79 70.00 -1.47
69.69 70.00 9.04
69.69 70.00 6.53
69.69 70.00 6.53
70.60 70.00 -16.62
69.69 70.00 29.19
69.92 70.00 0.80
69.92 70.00 6.41
69.69 70.00 12.76
69.69 70.00 6.53
69.69 70.00 6.53
69.69 70.00 6.53
69.69 70.00 6.53
69.69 70.00 6.53
69.69 70.00 6.53
71.06 70.00 -30.23
69.69 70.00 40.74
69.69 70.00 6.53
69.69 70.00 6.53
69.69 70.00 6.53
69.69 70.00 6.53
69.69 70.00 6.53
69.69 70.00 6.53
70.33 70.00 -11.58
69.69 70.00 21.06
70.83 70.00 -24.00
70.14 70.00 22.62
70.83 70.00 -12.16
70.37 70.00 16.59
70.83 70.00 -6.18
69.69 70.00 36.44
70.83 70.00 -21.15
69.69 70.00 34.94
70.83 70.00 -22.50
69.92 70.00 28.12
70.83 70.00 -16.90
70.60 70.00 11.79
69.47 70.00 34.88
69.69 70.00 0.96
69.47 70.00 12.52
69.69 70.00 0.67
69.92 70.00 0.80
69.47 70.00 19.08
69.69 70.00 0.67
69.92 70.00 0.50
69.69 70.00 12.44
69.69 70.00 6.53
69.69 70.00 6.53
69.69 70.00 6.53
70.32 70.00 -11.40
70.60 70.00 -0.47
70.60 70.00 6.03
70.14 70.00 18.28
69.69 70.00 18.38
69.92 70.00 0.50
69.69 70.00 12.14
69.69 70.00 6.53
70.14 70.00 -5.56
70.60 70.00 -5.37
70.60 70.00 6.03
71.06 70.00 -7.06
69.92 70.00 35.01
69.92 70.00 6.41
69.69 70.00 12.76
70.60 70.00 -16.62
70.60 70.00 6.03
69.69 70.00 30.38
70.14 70.00 -5.56
69.69 70.00 17.78
69.69 70.00 6.53
69.69 70.00 6.53
69.69 70.00 6.53
69.69 70.00 6.53
69.69 70.00 6.53
69.92 70.00 0.18
69.69 70.00 12.44
69.92 70.00 0.80
69.92 70.00 6.41
69.92 70.00 6.41
69.92 70.00 6.41
69.92 70.00 6.41
70.14 70.00 0.34
70.14 70.00 6.28
69.92 70.00 12.35
70.14 70.00 0.64
69.92 70.00 12.68
69.92 70.00 6.41
69.92 70.00 6.41
69.92 70.00 6.41
69.69 70.00 12.76
69.92 70.00 1.07
69.92 70.00 6.41
69.69 70.00 12.76
69.69 70.00 6.53
69.69 70.00 6.53
69.69 70.00 6.53
70.64 70.00 -20.24
70.60 70.00 6.92
69.69 70.00 31.70
69.69 70.00 6.53
69.92 70.00 0.50
69.69 70.00 12.44
69.92 70.00 0.50
69.92 70.00 6.41
69.69 70.00 12.14
69.69 70.00 6.53
69.69 70.00 6.53
69.69 70.00 6.53
69.69 70.00 6.53
69.69 70.00 6.53
69.69 70.00 6.53
69.69 70.00 6.53
69.92 70.00 0.18
69.92 70.00 6.41
69.92 70.00 6.41
69.92 70.00 6.41
69.92 70.00 6.41
70.83 70.00 -18.10
69.69 70.00 33.59
71.06 70.00 -28.43
70.14 70.00 29.24
71.06 70.00 -17.18
70.60 70.00 17.04
69.69 70.00 30.38
69.69 70.00 6.53
69.92 70.00 0.18
69.92 70.00 6.41
69.92 70.00 6.41
70.14 70.00 0.64
69.92 70.00 12.68
70.14 70.00 0.64
70.14 70.00 6.28
69.92 70.00 12.68
69.92 70.00 6.41
69.92 70.00 6.41
69.92 70.00 6.41
69.92 70.00 6.41
69.92 70.00 6.41
69.92 70.00 6.41
70.83 70.00 -18.10
69.69 70.00 34.94
71.06 70.00 -30.23
69.92 70.00 32.41
69.92 70.00 6.41
70.14 70.00 0.34
69.92 70.00 12.35
70.37 70.00 -5.17
70.83 70.00 -6.18
69.92 70.00 29.21
71.29 70.00 -28.78
70.83 70.00 16.99
71.06 70.00 -0.32
69.69 70.00 39.11
69.69 70.00 6.53
69.92 70.00 0.18
70.14 70.00 0.64
69.92 70.00 12.68
70.14 70.00 0.64
70.14 70.00 6.28
69.92 70.00 12.05
69.92 70.00 6.41
69.92 70.00 6.41
69.92 70.00 6.41
70.24 70.00 -2.69
70.37 70.00 2.86
70.83 70.00 -6.85
69.92 70.00 28.12
70.14 70.00 0.34
70.60 70.00 -5.97
69.92 70.00 23.45
71.06 70.00 -22.82
70.83 70.00 11.70
70.83 70.00 5.91
70.83 70.00 5.91
70.83 70.00 5.91
69.92 70.00 30.41
69.92 70.00 6.41
70.14 70.00 0.34
70.14 70.00 6.28
69.92 70.00 12.35
70.83 70.00 -16.90
70.83 70.00 5.91
69.92 70.00 31.74
70.14 70.00 0.91
70.14 70.00 6.28
70.14 70.00 6.28
70.14 70.00 6.28
70.14 70.00 6.28
69.82 70.00 15.00
69.50 70.00 15.10
69.50 70.00 6.64
70.37 70.00 -18.09
70.83 70.00 -5.02
69.92 70.00 29.21
70.14 70.00 0.64
70.14 70.00 6.28
69.92 70.00 12.68
70.37 70.00 -4.63
71.06 70.00 -12.40
70.60 70.00 17.04
71.06 70.00 -5.77
69.69 70.00 40.74
70.14 70.00 -5.56
70.83 70.00 -11.25
70.83 70.00 5.91
71.29 70.00 -6.59
70.60 70.00 24.34
69.69 70.00 28.11
70.14 70.00 -5.56
70.60 70.00 -5.97
69.69 70.00 28.11
69.69 70.00 6.53
69.69 70.00 6.53
69.69 70.00 6.53
70.64 70.00 -17.62
70.60 70.00 7.01
69.69 70.00 30.38
69.69 70.00 6.53
69.69 70.00 6.53
69.69 70.00 6.53
70.14 70.00 -6.22
70.37 70.00 0.75
69.69 70.00 25.35
69.92 70.00 0.80
69.92 70.00 6.41
69.92 70.00 6.41
69.92 70.00 6.41
69.92 70.00 6.41
69.92 70.00 6.41
69.92 70.00 6.41
69.92 70.00 6.41
69.92 70.00 6.41
69.92 70.00 6.41
69.92 70.00 6.41
69.92 70.00 6.41
71.06 70.00 -24.32
69.92 70.00 33.65
71.06 70.00 -24.32
69.92 70.00 33.65
71.06 70.00 -22.82
70.14 70.00 29.24
71.29 70.00 -21.77
70.60 70.00 23.42
69.92 70.00 23.45
69.92 70.00 6.41
69.92 70.00 6.41
69.92 70.00 6.41
69.92 70.00 6.41
70.56 70.00 -10.94
69.92 70.00 21.78
71.06 70.00 -24.32
70.60 70.00 17.59
71.06 70.00 -5.22
69.92 70.00 36.51
69.69 70.00 12.14
69.69 70.00 6.53
69.69 70.00 6.53
69.92 70.00 0.18
69.92 70.00 6.41
69.69 70.00 12.44
69.69 70.00 6.53
69.92 70.00 0.18
69.92 70.00 6.41
69.69 70.00 12.44
69.92 70.00 0.50
69.92 70.00 6.41
69.69 70.00 12.76
69.92 70.00 0.80
69.92 70.00 6.41
69.92 70.00 6.41
71.49 70.00 -38.21
69.92 70.00 45.79
71.06 70.00 -21.46
69.92 70.00 35.01
71.06 70.00 -22.82
70.83 70.00 11.70
70.83 70.00 5.91
70.83 70.00 5.91
70.83 70.00 5.91
69.92 70.00 30.41
69.92 70.00 6.41
69.92 70.00 6.41
69.92 70.00 6.41
69.92 70.00 6.41
70.14 70.00 0.01
70.60 70.00 -5.97
69.92 70.00 23.45
70.14 70.00 0.64
70.14 70.00 6.28
69.92 70.00 12.35
70.14 70.00 0.64
70.14 70.00 6.28
69.92 70.00 12.68
69.92 70.00 6.41
70.14 70.00 0.34
69.92 70.00 12.68
69.92 70.00 6.41
70.83 70.00 -18.10
69.92 70.00 28.12
69.92 70.00 6.41
69.92 70.00 6.41
69.92 70.00 6.41
70.86 70.00 -20.36
71.06 70.00 1.26
69.92 70.00 38.19
71.06 70.00 -22.82
70.83 70.00 11.70
71.29 70.00 -5.42
69.92 70.00 42.66
69.92 70.00 6.41
70.37 70.00 -5.76
70.60 70.00 0.31
69.92 70.00 25.35
70.37 70.00 -5.17
70.60 70.00 0.31
70.60 70.00 6.03
70.14 70.00 18.28
69.92 70.00 12.05
69.92 70.00 6.41
69.92 70.00 6.41
71.53 70.00 -36.90
70.83 70.00 22.58
69.92 70.00 29.21
70.14 70.00 0.34
70.14 70.00 6.28
69.92 70.00 12.68
70.14 70.00 0.34
70.83 70.00 -11.25
70.14 70.00 23.44
70.14 70.00 6.28
69.92 70.00 12.68
69.92 70.00 6.41
70.14 70.00 0.01
69.92 70.00 12.35
69.92 70.00 6.41
69.92 70.00 6.41
70.14 70.00 0.01
70.60 70.00 -6.64
69.92 70.00 22.64
70.60 70.00 -11.91
69.69 70.00 28.11
71.06 70.00 -28.43
70.60 70.00 17.04
70.83 70.00 -0.15
69.69 70.00 33.59
69.69 70.00 6.53
69.69 70.00 6.53
69.92 70.00 0.18
69.92 70.00 6.41
69.92 70.00 6.41
70.14 70.00 0.01
69.92 70.00 12.35
70.14 70.00 0.64
70.14 70.00 6.28
69.92 70.00 12.68
69.92 70.00 6.41
69.92 70.00 6.41
70.14 70.00 0.01
69.92 70.00 12.35
69.92 70.00 6.41
70.37 70.00 -5.76
70.37 70.00 6.16
69.92 70.00 17.73
69.92 70.00 6.41
70.14 70.00 0.34
69.92 70.00 12.35
70.37 70.00 -5.17
71.06 70.00 -12.40
71.06 70.00 5.78
71.29 70.00 -0.18
70.60 70.00 24.34
69.92 70.00 23.45
69.92 70.00 6.41
69.92 70.00 6.41
70.14 70.00 0.01
69.92 70.00 12.35
70.14 70.00 0.64
70.14 70.00 6.28
70.14 70.00 6.28
70.14 70.00 6.28
70.14 70.00 6.28
70.14 70.00 6.28
70.14 70.00 6.28
70.14 70.00 6.28
70.14 70.00 6.28
70.14 70.00 6.28
70.60 70.00 -5.97
70.83 70.00 0.15
71.29 70.00 -7.27
69.92 70.00 40.84
70.14 70.00 0.64
70.14 70.00 6.28
70.14 70.00 6.28
70.14 70.00 6.28
70.14 70.00 6.28
70.37 70.00 -0.16
71.06 70.00 -11.49
70.14 70.00 28.15
71.53 70.00 -29.14
71.06 70.00 17.50
71.53 70.00 -5.62
69.92 70.00 48.84
71.29 70.00 -28.78
69.92 70.00 39.20
71.29 70.00 -28.78
70.83 70.00 17.54
71.29 70.00 -5.98
70.14 70.00 35.08
69.92 70.00 12.05
69.92 70.00 6.41
69.92 70.00 6.41
69.92 70.00 6.41
69.92 70.00 6.41
70.14 70.00 0.34
70.14 70.00 6.28
70.14 70.00 6.28
70.60 70.00 -6.64
71.06 70.00 -5.22
69.92 70.00 36.51
69.92 70.00 6.41
69.92 70.00 6.41
69.92 70.00 6.41
69.92 70.00 6.41
69.92 70.00 6.41
69.28 70.00 22.75
69.59 70.00 -1.78
69.92 70.00 -1.62
70.14 70.00 0.34
69.92 70.00 12.05
70.14 70.00 0.34
70.14 70.00 6.28
70.14 70.00 6.28
70.37 70.00 -0.16
70.14 70.00 11.96
70.37 70.00 0.48
70.37 70.00 6.16
70.37 70.00 6.16
70.14 70.00 12.26
70.83 70.00 -11.25
70.83 70.00 5.91
70.37 70.00 18.91
70.37 70.00 6.16
70.14 70.00 12.26
70.14 70.00 6.28
70.14 70.00 6.28
e 98.11831212043762