32.43 32.34 32.24 127
32.53 32.24 32.81 127
32.43 32.34 32.62 127
32.43 32.43 32.53 127
32.34 32.34 32.34 127
32.24 32.24 32.24 127
32.43 33.01 32.43 127
32.43 32.43 32.43 127
32.43 32.43 32.43 127
32.34 32.43 32.43 127
32.34 32.53 32.53 127
32.53 32.81 32.53 127
32.43 32.15 32.72 127
32.43 32.53 32.43 127
32.72 32.43 32.43 127
32.53 32.43 32.43 127
32.34 32.53 32.81 127
32.53 32.72 32.24 127
32.43 32.43 32.53 127
32.62 32.53 32.43 127
32.62 32.62 32.43 127
32.53 32.62 32.53 127
32.53 32.62 32.62 127
32.81 32.62 32.53 127
32.53 32.53 32.72 127
32.53 32.81 32.43 127
32.62 32.15 32.72 127
32.72 32.62 32.53 127
32.62 32.72 32.43 127
32.62 32.53 32.72 127
32.53 32.62 32.72 127
32.72 32.62 33.01 127
32.62 32.62 32.72 127
32.72 32.62 32.72 127
32.81 32.81 32.62 127
32.81 32.62 32.81 127
32.81 32.81 32.81 127
33.20 32.91 32.81 127
32.91 32.62 32.91 127
32.91 32.72 32.91 127
33.10 32.81 32.91 127
33.39 33.01 32.81 127
32.81 32.91 32.91 127
32.81 33.10 33.01 127
32.81 32.34 32.91 127
33.59 32.91 33.10 127
33.10 33.10 33.30 127
33.01 33.01 33.10 127
33.10 33.10 33.10 127
33.20 33.39 33.20 127
33.30 33.20 33.20 127
33.39 33.20 33.20 127
33.30 33.10 33.30 127
33.30 33.68 33.39 127
33.30 33.49 33.20 127
33.59 33.39 33.39 127
33.39 33.39 33.39 127
33.49 33.49 33.49 127
33.68 33.59 33.59 127
33.59 33.30 33.88 127
33.59 33.68 33.68 127
33.78 33.59 33.68 127
33.88 33.88 33.68 127
33.97 33.30 33.68 127
33.78 33.78 33.68 127
33.88 33.97 33.88 127
33.97 33.97 33.88 127
33.88 33.97 33.97 127
33.88 33.88 34.46 127
33.88 33.97 33.88 127
34.07 34.07 34.07 127
34.17 34.17 33.88 127
34.17 34.27 34.17 127
34.46 34.07 34.27 127
34.36 34.27 34.56 127
34.36 34.17 34.36 127
34.36 34.46 34.56 127
34.46 34.56 34.36 127
34.36 34.36 34.46 127
34.66 34.46 34.46 127
34.66 34.66 34.56 127
34.85 34.27 34.66 127
34.76 34.95 34.85 127
34.85 34.85 34.85 127
34.85 35.05 34.95 127
34.95 34.95 34.95 127
35.05 35.15 35.15 127
35.05 34.95 35.15 127
35.45 35.35 34.95 127
35.25 35.35 35.25 127
35.25 35.35 35.45 127
35.55 35.35 35.35 127
35.15 35.45 35.45 127
35.25 35.35 35.65 127
35.65 35.75 35.55 127
35.65 35.75 35.75 127
35.85 35.65 35.95 127
35.65 35.85 35.95 127
36.05 35.55 36.05 127
36.15 35.95 36.15 127
35.95 35.65 36.05 127
36.25 36.25 36.05 127
35.95 36.15 36.15 127
36.25 36.05 36.05 127
36.45 36.55 36.35 127
36.65 36.55 36.15 127
36.35 36.45 36.55 127
36.55 36.45 36.35 127
36.65 36.45 36.65 127
36.75 36.96 36.96 127
36.85 37.26 37.06 127
36.85 36.85 36.85 127
36.96 37.06 36.85 127
37.16 37.36 36.96 127
37.26 37.06 37.26 127
37.26 37.26 37.16 127
37.26 37.36 37.47 127
37.16 37.06 37.47 127
37.88 37.77 37.36 127
37.47 37.57 37.57 127
37.67 37.57 37.57 127
38.08 37.67 37.77 127
37.88 37.77 37.77 127
37.77 37.26 37.57 127
38.19 38.19 37.57 127
38.60 37.98 38.08 127
37.98 38.08 38.19 127
38.19 38.29 38.40 127
38.08 38.50 38.60 127
39.02 38.19 38.40 127
38.50 38.40 38.40 127
38.60 38.40 38.60 127
38.81 38.81 38.50 127
38.60 38.81 38.81 127
39.02 38.92 38.81 127
38.92 39.02 38.92 127
38.92 39.24 39.24 127
39.24 39.02 39.24 127
39.34 39.13 39.45 127
39.55 39.34 39.24 127
39.55 39.13 39.45 127
39.45 39.45 39.45 127
39.77 39.24 39.13 127
39.13 39.55 39.66 127
39.55 39.98 39.87 127
39.98 39.98 39.87 127
39.98 40.30 40.09 127
40.09 39.98 40.19 127
40.19 40.09 40.19 127
40.30 40.41 40.19 127
40.73 39.87 40.41 127
40.63 40.52 40.41 127
40.73 40.41 40.30 127
40.19 40.84 40.63 127
40.73 40.63 40.73 127
40.95 40.95 40.73 127
40.73 40.73 40.95 127
40.95 40.95 41.06 127
41.17 41.39 41.17 127
41.17 41.50 41.17 127
41.28 41.39 41.39 127
41.61 41.39 41.17 127
41.72 41.72 41.61 127
41.61 41.61 41.72 127
41.72 41.83 41.83 127
42.05 41.50 41.72 127
41.94 41.94 41.94 127
42.05 42.05 42.05 127
42.05 42.39 41.83 127
42.27 42.50 42.39 127
42.27 42.27 42.61 127
42.05 42.39 42.16 127
42.72 42.05 42.61 127
42.50 42.61 42.84 127
42.61 42.61 42.61 127
42.84 42.84 42.50 127
43.18 42.95 42.84 127
43.18 43.06 43.52 127
43.06 43.29 43.63 127
42.61 43.40 43.86 127
43.06 43.40 42.95 127
44.09 43.52 43.40 127
43.52 43.63 43.75 127
43.29 43.29 43.63 127
43.75 43.75 43.40 127
43.52 43.63 43.63 127
44.21 44.09 43.98 127
44.09 43.98 44.21 127
43.86 44.09 44.33 127
44.33 44.33 44.33 127
44.79 44.09 44.33 127
44.33 44.56 44.56 127
44.56 43.86 44.44 127
44.33 44.44 44.79 127
44.91 44.79 44.68 127
44.68 44.91 44.56 127
44.91 44.68 45.03 127
45.27 45.86 44.91 127
45.39 45.39 45.15 127
45.03 45.15 45.50 -127
45.27 44.56 45.15 -127
45.62 44.68 45.50 -127
45.62 45.39 45.62 -127
44.91 45.86 45.62 -127
46.35 45.50 45.86 -127
45.86 45.86 45.98 -127
45.74 45.86 45.98 -127
45.98 46.23 46.35 -127
46.11 45.98 46.35 -127
46.35 46.71 46.47 -127
46.71 46.47 45.98 -127
46.47 46.96 47.33 -127
46.84 46.84 46.59 -127
46.84 46.47 46.84 -127
46.84 46.96 46.96 -127
47.21 46.23 46.96 -127
47.21 47.33 47.21 -127
47.33 47.45 47.45 -127
47.70 47.08 47.58 -127
46.84 47.58 47.58 -127
47.58 47.45 47.70 -127
47.33 47.21 47.45 -127
47.83 46.59 47.45 -127
47.95 47.08 48.08 -127
47.58 48.08 47.70 -127
48.08 47.95 47.95 -127
47.83 48.21 48.08 -127
48.59 48.08 48.21 -127
48.21 47.95 48.46 -127
48.46 48.46 49.75 -127
48.72 48.84 48.59 -127
48.72 48.59 48.59 -127
48.97 48.84 48.84 -127
48.72 49.49 48.84 -127
48.72 48.97 49.10 -127
49.10 48.97 49.23 -127
49.36 48.84 49.23 -127
49.23 49.88 49.10 -127
49.23 49.36 49.10 -127
49.23 48.97 49.36 -127
49.49 49.36 48.21 -127
49.75 49.62 49.36 -127
49.49 49.36 49.62 -127
49.75 49.88 49.75 -127
49.88 49.62 49.88 -127
49.75 50.55 49.75 -127
49.23 50.02 49.75 -127
50.02 49.88 49.62 -127
49.75 50.15 51.22 -127
50.02 50.15 50.02 -127
50.02 50.02 50.41 -127
49.75 50.41 50.15 -127
50.28 50.28 50.28 -127
50.55 50.15 50.55 -127
50.41 50.55 50.68 -127
50.81 50.55 49.88 -127
50.55 50.55 50.02 -127
50.28 50.41 50.15 -127
51.08 50.15 50.41 -127
50.28 52.60 50.68 -127
50.68 51.08 50.81 -127
51.36 50.55 50.55 -127
50.81 50.81 51.22 -127
50.81 50.95 51.36 -127
51.63 50.81 51.08 -127
50.68 50.81 50.68 -127
51.36 50.68 50.95 -127
51.49 51.36 51.08 -127
51.63 51.08 51.08 -127
51.36 51.36 51.08 -127
51.08 51.49 51.36 -127
51.08 51.36 51.36 -127
51.36 50.81 51.22 -127
50.95 51.08 51.08 -127
51.63 51.36 51.49 -127
51.49 51.22 51.36 -127
51.36 51.49 50.95 -127
51.63 50.28 51.08 -127
51.49 51.22 51.77 -127
51.49 51.22 51.49 -127
51.49 51.22 51.63 -127
51.77 53.02 51.63 -127
51.77 52.04 51.36 -127
52.04 51.49 51.49 -127
51.77 51.63 51.90 -127
51.63 51.63 51.77 -127
51.90 51.49 51.63 -127
52.04 51.77 52.04 -127
51.77 51.77 51.90 -127
51.49 52.04 51.90 -127
52.60 51.63 51.36 -127
51.77 51.63 52.04 -127
51.90 51.63 51.90 -127
51.90 51.63 51.77 -127
52.32 51.77 52.04 -127
51.90 51.77 51.63 -127
51.90 51.90 51.90 -127
51.08 51.49 51.63 -127
51.90 51.36 51.36 -127
51.77 52.46 52.18 -127
51.77 52.04 51.49 -127
51.77 52.04 52.18 -127
51.77 52.18 52.18 -127
51.90 52.04 51.63 -127
51.77 52.04 51.90 -127
51.90 51.77 51.63 -127
51.36 52.74 52.18 -127
51.90 52.32 51.90 -127
52.32 52.18 52.18 -127
51.90 52.18 52.46 -127
51.77 51.63 52.18 -127
52.04 52.04 51.90 -127
52.32 52.04 51.77 -127
52.04 52.18 51.49 -127
52.04 52.04 51.49 -127
51.77 52.32 52.04 -127
51.90 52.46 51.90 -127
52.04 52.60 51.90 -127
51.90 52.04 52.04 -127
53.45 52.04 51.77 -127
51.90 52.04 52.32 -127
52.04 51.90 52.04 -127
51.90 51.63 51.90 -127
52.88 51.77 51.77 -127
51.90 52.88 52.04 -127
51.90 52.04 52.04 -127
51.49 51.90 51.77 -127
52.04 51.90 52.46 -127
51.77 51.77 51.90 -127
51.90 52.04 52.32 -127
51.90 52.04 52.04 -127
51.77 51.90 51.77 -127
51.08 51.77 51.90 -127
51.77 52.04 51.77 -127
51.90 51.77 51.90 -127
52.32 51.63 51.08 -127
52.18 51.77 51.90 -127
52.04 51.77 51.77 -127
51.90 51.90 52.04 -127
52.04 51.90 52.60 -127
51.63 51.90 51.63 -127
51.36 51.77 51.63 -127
51.77 52.04 51.90 -127
51.63 51.49 51.22 -127
51.36 51.77 51.63 -127
51.49 51.63 51.63 -127
51.77 51.36 51.77 -127
51.63 51.49 51.63 -127
51.36 51.22 51.36 -127
51.63 51.49 51.08 -127
51.22 51.77 51.49 -127
51.49 51.77 51.63 -127
51.90 51.36 51.77 -127
51.90 51.63 51.08 -127
51.08 51.22 51.63 -127
51.36 51.63 51.49 -127
50.81 51.49 51.36 -127
51.90 51.36 51.36 -127
51.22 50.68 51.36 -127
51.36 51.49 51.36 -127
50.81 51.49 51.49 -127
51.36 51.63 52.60 -127
51.08 50.81 51.22 -127
51.49 51.36 50.95 -127
51.22 50.95 51.49 -127
51.22 50.95 51.63 -127
51.36 51.22 51.08 -127
51.77 51.08 50.81 -127
51.22 51.08 51.08 -127
51.08 51.49 51.36 -127
51.36 51.22 50.95 -127
51.22 51.22 52.18 -127
50.68 51.22 50.68 -127
51.08 51.08 50.68 -127
50.81 50.81 50.95 -127
50.41 51.36 51.22 -127
50.81 50.81 50.68 -127
51.22 50.68 50.95 -127
50.81 51.08 50.41 -127
50.55 50.02 50.81 -127
50.68 50.15 50.68 -127
50.95 50.41 50.41 -127
51.08 50.55 50.15 -127
50.81 51.63 50.81 -127
50.28 50.28 50.28 -127
51.90 50.41 50.02 -127
50.55 50.28 50.15 -127
50.28 50.28 50.28 -127
50.28 50.55 50.41 -127
50.02 50.15 50.28 -127
50.41 50.15 51.08 -127
50.28 50.55 50.28 -127
50.55 50.02 50.15 -127
50.28 49.88 50.02 -127
50.15 50.15 50.15 -127
49.88 50.02 50.02 -127
50.15 50.02 50.28 -127
49.62 50.55 49.10 -127
50.28 48.84 49.88 -127
49.49 49.62 50.02 127
49.88 50.02 49.88 127
49.88 49.75 49.75 127
49.88 49.49 49.62 127
50.02 49.75 50.28 127
49.88 49.88 49.62 127
49.62 49.88 48.97 127
50.02 49.36 49.88 127
49.23 49.23 48.84 127
49.36 49.36 49.49 127
49.36 49.88 49.75 127
49.49 50.02 49.10 127
49.75 48.97 49.23 127
50.15 49.49 50.15 127
48.72 49.62 49.36 127
49.36 49.10 49.23 127
49.23 50.68 49.23 127
49.23 49.49 49.62 127
50.02 48.97 48.84 127
49.10 48.84 49.10 127
49.10 49.10 49.10 127
48.97 49.10 48.84 127
48.97 49.23 48.72 127
48.97 49.10 49.23 127
48.84 49.10 48.84 127
48.97 48.97 48.97 127
49.62 48.72 49.10 127
48.84 48.84 48.97 127
49.23 48.97 49.10 127
48.72 49.10 48.72 127
48.97 47.95 48.84 127
48.72 49.36 49.10 127
48.84 48.46 48.46 127
48.72 48.72 48.97 127
48.46 49.10 48.46 127
48.72 48.84 47.33 127
48.84 48.72 48.33 127
47.70 48.72 48.33 127
48.59 48.84 48.46 127
48.72 48.72 48.46 127
48.21 48.84 48.72 127
48.72 48.97 48.84 127
48.84 48.46 48.59 127
48.46 48.84 48.46 127
48.84 47.95 48.72 127
48.59 48.84 48.84 127
48.46 48.46 48.46 127
48.46 48.33 48.46 127
48.46 47.70 48.33 127
48.21 48.59 48.46 127
48.46 48.59 48.46 127
48.08 48.59 48.59 127
48.59 48.59 48.21 127
48.59 48.33 48.72 127
48.08 48.08 48.59 127
48.72 48.59 48.59 127
48.84 48.08 48.59 127
48.59 48.84 48.46 127
48.84 47.70 49.36 127
48.72 48.59 48.33 127
49.23 48.97 48.46 127
48.72 48.72 48.72 127
49.10 48.46 48.72 127
48.84 48.33 48.72 127
48.46 48.72 48.33 127
48.59 48.72 48.59 127
48.72 48.72 49.23 127
48.59 48.33 48.84 127
48.72 49.10 48.97 127
48.97 48.59 48.84 127
48.72 48.72 48.72 127
48.97 48.08 48.97 127
48.84 48.84 48.97 127
48.72 48.84 48.72 127
50.02 48.97 49.23 127
48.84 48.84 49.23 127
48.84 49.36 48.21 127
49.62 48.97 49.10 127
48.72 48.97 48.59 127
49.49 49.10 49.10 127
49.23 48.97 48.97 127
48.97 49.10 48.33 127
49.10 48.33 49.49 127
50.95 49.10 48.72 127
49.10 49.49 49.10 127
49.10 49.10 49.36 127
49.23 49.36 49.49 127
50.15 49.23 50.55 127
49.23 49.10 49.10 127
49.36 49.62 49.23 127
49.49 49.75 49.88 127
49.49 49.36 49.23 127
49.62 49.62 49.36 127
49.49 48.84 49.36 127
49.49 49.62 49.49 127
49.49 49.49 49.49 127
49.49 50.02 49.62 127
50.28 49.62 49.62 127
49.62 49.49 49.75 127
49.62 49.88 50.02 127
49.49 51.08 49.49 127
50.02 50.02 49.88 127
49.36 49.88 49.75 127
50.02 49.75 49.62 127
50.02 50.02 50.28 127
49.23 50.02 50.15 127
50.02 50.02 49.88 127
50.28 50.55 50.15 127
50.02 50.55 50.55 127
50.41 50.55 50.15 127
50.41 50.41 50.02 127
50.02 50.68 50.55 127
50.55 50.81 50.15 127
50.68 50.55 50.55 127
50.41 49.75 50.28 127
50.28 50.68 51.22 127
50.55 50.68 50.81 127
50.55 51.49 50.95 127
50.68 50.95 51.08 127
51.77 50.55 50.95 127
51.22 51.22 51.22 127
51.36 50.95 51.08 127
50.95 51.63 51.22 127
51.08 51.63 50.28 127
51.22 52.04 50.95 127
51.90 51.22 51.08 127
51.36 51.63 50.95 127
51.36 51.77 51.22 127
51.63 51.77 50.95 127
52.32 51.63 51.49 127
51.49 51.77 51.90 127
51.90 51.90 51.49 127
51.77 51.90 52.04 127
51.36 52.32 51.90 127
51.63 51.90 51.63 127
51.36 52.04 52.04 127
51.77 53.17 52.18 127
52.32 51.90 50.68 127
52.32 52.46 52.04 127
52.60 52.46 52.32 127
52.60 51.90 52.88 127
52.46 52.32 52.46 127
52.46 51.90 52.32 127
52.60 52.60 52.88 127
52.60 52.46 52.32 127
52.46 52.88 52.74 127
52.88 53.02 52.88 127
53.02 52.60 53.17 127
52.88 52.88 52.88 127
53.31 52.74 53.17 127
53.17 53.17 52.18 127
53.17 53.45 53.02 127
53.88 53.17 53.45 127
53.45 53.31 53.31 127
53.02 53.59 53.59 127
53.02 52.60 53.74 127
53.17 53.45 53.59 127
52.60 53.74 53.17 127
53.88 53.31 53.74 127
53.88 53.88 53.45 127
53.88 54.47 53.74 127
54.17 54.76 54.91 127
53.88 54.03 54.03 127
54.03 54.03 54.03 127
54.32 53.45 54.17 127
53.59 54.17 53.31 127
54.17 54.32 54.62 127
54.32 53.88 54.47 127
54.76 55.06 54.47 127
54.76 54.76 55.06 127
54.62 54.76 55.36 127
54.91 54.91 54.91 127
54.62 54.62 55.06 127
54.91 54.76 55.06 127
54.32 55.36 55.36 127
55.21 54.76 56.12 127
56.12 55.06 55.36 127
55.36 55.66 54.91 127
55.36 55.66 54.76 127
55.51 55.06 56.89 127
55.66 55.66 55.51 127
55.06 55.06 55.97 127
55.81 55.97 55.66 127
55.81 55.36 56.12 127
55.97 56.43 55.66 127
55.81 55.66 56.89 127
55.51 56.12 56.27 127
55.97 56.12 55.51 127
55.81 56.89 56.12 127
55.97 56.27 55.97 127
56.12 56.12 56.43 127
56.43 56.74 56.12 127
56.58 56.58 55.97 127
56.58 56.74 57.05 127
56.89 56.27 56.89 127
57.21 56.58 57.05 127
56.74 56.12 57.21 127
56.74 57.53 57.53 127
57.21 57.69 56.43 127
57.21 57.53 56.58 127
57.37 56.74 55.97 -127
59.99 57.05 57.69 -127
57.53 57.21 57.69 -127
57.85 57.37 57.21 -127
57.69 57.69 57.53 -127
58.33 57.69 57.53 -127
58.01 58.01 58.01 -127
57.69 57.85 58.01 -127
58.49 57.85 57.69 -127
58.17 56.58 58.99 -127
58.01 56.89 58.66 -127
57.85 58.01 58.01 -127
57.21 58.33 58.49 -127
59.32 58.99 59.99 -127
58.49 57.37 58.66 -127
58.66 57.69 58.82 -127
58.49 58.33 58.66 -127
58.99 58.33 57.69 -127
58.99 58.82 58.99 -127
58.99 59.49 58.82 -127
59.15 58.82 59.15 -127
59.15 59.32 59.32 -127
59.15 59.32 58.99 -127
59.15 59.49 59.15 -127
58.99 61.03 59.32 -127
59.49 59.32 59.15 -127
59.49 59.32 59.15 -127
59.49 59.65 60.33 -127
59.15 59.65 59.49 -127
59.49 59.82 60.33 -127
60.33 59.65 59.65 -127
60.33 58.82 59.49 -127
59.32 60.16 59.65 -127
60.16 60.16 59.49 -127
59.32 59.99 59.32 -127
60.16 59.99 60.33 -127
59.99 60.33 59.99 -127
61.38 60.33 60.85 -127
60.68 59.32 61.55 -127
60.68 60.85 60.33 -127
60.68 60.68 60.33 -127
62.09 60.85 61.55 -127
59.99 61.03 61.38 -127
60.51 60.51 60.68 -127
60.68 60.51 60.68 -127
58.82 60.68 59.99 -127
61.38 59.99 60.68 -127
60.68 61.91 60.68 -127
61.38 60.68 60.85 -127
60.85 61.03 61.55 -127
61.03 61.73 60.85 -127
60.85 61.03 61.20 -127
61.20 60.85 60.85 -127
61.03 61.20 61.38 -127
61.38 59.65 61.55 -127
60.51 61.73 61.38 -127
61.38 60.85 59.99 -127
61.55 61.55 62.45 -127
62.09 61.20 61.55 -127
62.27 61.38 61.73 -127
61.20 61.20 59.49 -127
61.55 60.16 61.03 -127
62.27 62.09 61.55 -127
60.85 61.38 61.91 -127
62.27 61.55 61.91 -127
62.45 59.49 61.91 -127
61.91 61.55 61.73 -127
61.73 61.55 62.27 -127
62.27 61.03 61.73 -127
61.55 62.09 61.20 -127
61.91 62.09 61.91 -127
61.91 61.38 61.73 -127
60.51 62.64 61.55 -127
60.68 62.27 61.38 -127
62.45 62.09 61.55 -127
61.91 61.73 61.73 -127
61.73 61.91 62.09 -127
62.09 61.91 61.91 -127
63.56 60.33 62.27 -127
61.91 62.09 63.00 -127
61.91 61.73 62.45 -127
62.09 62.09 61.91 -127
62.09 62.27 62.45 -127
61.91 62.82 62.27 -127
62.27 62.45 61.91 -127
61.55 61.91 61.38 -127
62.64 62.45 61.38 -127
61.73 62.27 62.09 -127
61.73 61.91 62.64 -127
63.94 61.91 62.45 -127
62.27 62.64 61.03 -127
62.27 61.55 62.09 -127
61.91 61.91 62.09 -127
64.13 61.91 62.27 -127
61.91 62.27 62.27 -127
61.73 62.09 62.09 -127
61.73 62.09 62.45 -127
61.91 61.91 62.45 -127
62.45 61.91 62.09 -127
61.20 62.45 61.91 -127
63.00 62.45 61.55 -127
62.09 63.19 61.91 -127
61.91 61.73 62.27 -127
62.45 62.27 62.27 -127
63.75 62.27 62.64 -127
61.73 62.27 61.91 -127
61.91 63.00 62.27 -127
62.27 62.27 61.20 -127
62.27 62.45 61.73 -127
62.27 62.27 62.09 -127
60.85 61.73 62.27 -127
61.03 61.55 62.09 -127
62.09 62.64 62.64 -127
62.09 61.55 62.09 -127
62.09 62.09 62.09 -127
62.64 61.38 62.27 -127
62.09 61.91 61.73 -127
62.45 62.82 62.27 -127
62.82 61.73 63.37 -127
62.09 61.91 62.64 -127
61.38 63.56 62.09 -127
62.09 62.09 62.45 -127
62.27 60.51 62.09 -127
62.27 62.09 61.91 -127
62.09 61.73 61.38 -127
61.91 61.73 61.91 -127
62.09 61.91 61.55 -127
61.73 62.45 61.38 -127
60.33 61.91 62.09 -127
61.38 62.45 61.91 -127
62.09 61.03 63.00 -127
61.91 62.27 61.38 -127
61.55 62.09 61.91 -127
61.91 61.73 62.27 -127
61.03 62.09 61.38 -127
62.09 61.38 61.03 -127
62.64 62.09 61.91 -127
62.09 63.19 60.33 -127
61.73 60.16 61.55 -127
61.38 61.73 61.03 -127
61.73 61.73 60.85 -127
60.85 61.03 61.73 -127
61.38 61.91 60.16 -127
60.85 61.73 61.20 -127
61.20 61.20 63.56 -127
61.55 60.68 61.73 -127
62.45 61.38 61.38 -127
61.20 61.03 61.20 -127
61.91 61.38 61.38 -127
61.20 61.38 61.20 -127
60.51 59.99 61.20 -127
61.91 61.03 62.64 -127
61.03 60.51 61.73 -127
61.03 60.85 61.38 -127
61.38 60.85 60.68 -127
61.03 60.85 62.09 -127
60.85 61.38 61.20 -127
61.55 61.03 60.68 -127
60.51 61.55 60.68 -127
60.85 60.51 61.20 -127
61.03 61.38 60.51 -127
60.85 61.03 60.85 -127
60.68 60.68 60.33 -127
59.32 61.03 60.33 -127
60.51 59.99 60.68 -127
59.99 60.68 61.20 -127
61.03 60.51 60.68 -127
60.68 60.68 60.16 -127
60.33 60.68 60.33 -127
60.16 60.33 59.49 -127
60.51 60.51 60.16 -127
59.49 60.85 60.16 -127
60.51 60.33 60.16 -127
60.51 60.16 60.16 -127
60.68 58.17 60.16 -127
60.16 59.65 60.68 -127
59.32 60.16 59.99 -127
59.15 60.33 58.01 -127
59.82 59.65 59.65 -127
59.99 59.49 60.16 -127
59.99 59.99 59.49 -127
59.99 59.99 60.16 -127
59.82 60.33 59.99 -127
59.99 59.32 59.82 -127
59.49 60.33 60.16 -127
59.82 60.33 59.49 -127
59.65 59.82 59.49 -127
59.15 59.65 59.65 -127
58.99 59.99 58.49 -127
59.65 60.33 59.15 -127
59.15 59.65 59.49 -127
59.32 59.15 58.82 -127
59.32 59.49 58.66 -127
59.15 58.82 59.49 -127
59.49 59.15 59.32 -127
59.32 59.65 59.15 -127
58.99 59.65 59.32 -127
58.82 59.15 59.65 -127
57.69 58.99 59.49 -127
59.15 59.15 59.15 -127
58.82 58.49 59.82 127
59.15 58.82 57.37 127
59.15 58.66 59.15 127
58.49 58.49 59.49 127
58.82 58.82 58.99 127
58.66 61.03 58.17 127
58.01 58.01 57.69 127
58.49 58.82 59.15 127
59.32 58.66 58.66 127
58.66 57.69 58.49 127
58.49 58.33 58.01 127
58.49 57.21 59.32 127
58.17 58.33 58.01 127
58.49 58.66 58.66 127
58.33 59.65 58.01 127
57.85 58.01 58.66 127
58.17 58.33 58.33 127
57.69 58.33 58.17 127
58.01 57.53 58.33 127
58.17 58.17 58.17 127
57.85 58.49 58.66 127
58.01 58.01 58.49 127
58.01 58.01 57.85 127
57.85 58.17 57.85 127
57.85 57.53 57.53 127
58.01 56.58 58.33 127
58.33 57.69 57.53 127
57.21 57.37 57.53 127
57.53 58.33 57.69 127
57.69 57.69 57.69 127
57.37 58.17 57.37 127
57.53 57.53 57.53 127
58.01 57.53 57.53 127
57.53 57.53 58.82 127
57.85 57.53 57.69 127
57.05 57.05 57.85 127
57.05 57.37 57.85 127
57.69 57.37 57.37 127
57.37 57.53 58.01 127
57.53 56.74 57.85 127
57.37 56.89 57.21 127
57.69 57.37 57.21 127
56.89 56.43 57.53 127
56.58 57.37 57.05 127
57.21 57.53 56.89 127
57.37 57.37 57.05 127
57.37 56.58 57.21 127
57.21 57.05 57.21 127
57.05 58.01 57.53 127
57.21 57.05 57.05 127
56.74 56.89 57.37 127
57.85 57.21 57.05 127
56.89 56.89 57.69 127
57.05 57.85 56.58 127
57.21 57.05 56.89 127
57.53 56.89 56.89 127
56.89 56.58 56.89 127
57.05 58.49 57.37 127
57.53 56.12 57.37 127
56.74 57.21 57.05 127
56.74 57.85 57.05 127
56.74 57.21 56.89 127
57.21 56.58 57.69 127
56.89 56.74 57.21 127
56.74 57.05 57.05 127
57.05 56.58 57.21 127
57.05 56.89 56.89 127
57.21 56.74 58.17 127
57.21 57.05 56.89 127
57.21 57.05 57.37 127
57.05 57.05 57.53 127
56.89 57.37 56.27 127
57.85 57.21 56.43 127
56.89 57.05 57.21 127
57.37 57.37 57.21 127
57.21 57.37 56.58 127
56.74 57.21 57.05 127
57.37 57.37 57.05 127
58.01 57.05 57.05 127
57.05 57.21 57.21 127
57.53 57.53 57.37 127
58.33 56.89 57.37 127
58.33 57.21 57.53 127
57.21 58.01 57.37 127
57.21 57.21 57.53 127
57.69 57.37 57.37 127
57.53 57.85 57.37 127
57.53 57.21 57.69 127
57.53 57.69 57.69 127
57.53 57.21 57.85 127
57.53 56.58 57.53 127
57.69 57.69 57.53 127
58.01 57.69 57.85 127
57.69 57.85 57.53 127
58.49 59.15 57.85 127
57.85 57.85 59.15 127
57.21 57.53 57.37 127
57.69 57.21 58.17 127
57.53 58.17 57.85 127
57.37 57.85 58.01 127
57.05 57.85 57.37 127
58.49 57.85 57.53 127
57.53 58.82 58.01 127
58.17 58.82 58.01 127
58.17 58.01 58.33 127
58.49 58.17 58.17 127
58.49 58.49 58.17 127
58.01 58.33 58.17 127
58.17 58.33 57.85 127
58.49 58.49 58.01 127
58.17 58.66 58.49 127
58.33 58.01 58.01 127
58.49 58.17 57.69 127
58.99 57.53 58.66 127
59.15 59.32 58.66 127
58.66 58.66 59.15 127
58.99 58.66 58.49 127
59.32 58.49 58.49 127
58.82 58.66 59.49 127
59.15 58.66 58.82 127
58.33 58.99 58.99 127
58.66 58.99 59.32 127
58.66 58.01 59.99 127
59.32 59.15 58.01 127
58.82 58.82 58.82 127
58.99 59.32 59.15 127
59.32 59.49 59.32 127
59.82 59.15 59.15 127
57.69 58.99 58.99 127
59.82 58.66 59.49 127
59.82 59.32 58.49 127
59.32 59.82 59.15 127
59.65 58.49 60.33 127
59.15 59.49 59.49 127
59.65 58.99 60.51 127
59.65 59.82 60.68 127
59.49 60.33 59.65 127
59.49 59.82 59.49 127
61.03 60.68 59.99 127
60.33 59.82 59.82 127
61.20 59.65 60.51 127
59.99 61.03 60.33 127
59.99 60.16 59.65 127
60.33 59.32 60.51 127
60.51 60.68 60.51 127
60.16 60.16 59.99 127
61.20 60.33 60.33 127
59.15 60.68 60.16 127
60.51 61.03 60.51 127
60.16 61.55 60.51 127
60.85 60.51 60.16 127
60.85 60.68 60.85 127
60.51 60.68 60.85 127
61.20 61.55 61.03 127
60.85 60.68 61.03 127
60.16 61.38 61.03 127
58.82 61.20 60.51 127
60.85 61.20 61.03 127
60.51 61.03 61.20 127
61.55 60.33 61.73 127
62.09 62.09 59.65 127
61.03 61.03 61.91 127
e 23.954516649246216