25
25
25.3
25.1
24.6
25.3
25
25.2
25.3
25.3
25.3
25.1
25.3
25.4
25.3
25.5
25.5
25
25.2
25.2
25
25.3
25.3
25.2
25.5
25.3
25.2
25.5
25.2
25.1
25.2
25.5
25.2
25.3
25.4
25.3
25.2
25.1
25.4
25.6
25.4
25.3
25.3
25
25.3
25.3
25.2
25.2
25.2
25.2
25
25.7
25.1
24.8
25.2
25.4
25.2
25.3
25.2
25.5
25.4
25.3
25.2
25
25.4
25.1
25.2
25.2
25.2
25.3
24.6
25.3
24.4
24.7
25.4
25.2
25.5
25.3
25.3
25.3
25.6
25.8
25.2
25.3
25.2
24.4
25.4
25.3
25.3
25.6
25.6
25.3
24.7
25.2
25.3
25.3
25
25.2
25.3
25.1
25.2
25.2
25.3
25.1
24.7
25.3
25.2
25.3
25
25.2
25.2
25.2
25
25.1
25.4
25.6
25.4
25.4
25.2
24.9
25.3
25.2
25
25.5
25.2
25.3
25.3
25
24.7
25.4
25.2
25.7
25.2
25.4
25.3
25.2
25.4
25.4
25.4
25.5
24.8
24.7
25.2
25.3
25.2
25.2
25.2
25.4
25.8
25.3
25.3
25.3
25.3
25.1
25.5
25.5
25.4
25.5
25.4
25.4
25.4
25.5
25.4
25.3
25.3
25.3
25.3
25
25.3
25.3
25.3
25.1
25.3
25.4
25.3
25.5
25.3
25.3
25.4
25.6
25.4
25.5
25.7
25.7
25.3
25.1
25.5
25.5
25.4
25.5
25.5
25.6
25.5
25.4
25.6
25.3
25.4
25.4
25.8
25.5
25.4
25.2
25.4
25.1
25.7
25.2
25.5
25.2
25.5
25.3
25.5
25.4
24.7
25.4
25.7
25.7
24.8
25.6
25.2
25.3
25.4
25.1
25.7
25.3
25.9
25.4
25.3
25.5
25.5
25.4
25.4
25.8
25.6
25.7
25.5
25.3
25.5
25.4
25.8
25.4
25.2
25.5
25.6
24.6
25.6
25.5
25.6
25.7
25.3
25.5
25.7
25.8
25.6
25.5
25.4
25.6
25.6
25.6
25.6
25.6
25.6
25.8
25.5
25.6
25.7
25.5
25.8
25.7
25.6
25.5
25.6
25.6
25.6
25.7
25.8
25.6
25.5
26.1
25.8
25.9
25.7
25.6
25.8
25.8
25.6
25.8
25.7
26.1
25.7
25.4
25.7
25.7
25.5
25.7
25.7
25.7
25.8
25.8
25.8
25.9
25.8
25.9
25.1
25.8
25.9
26
26.1
25.9
25.8
25.8
25.7
25.6
25.7
25.8
25.8
25.8
25.8
25.8
25.9
25.9
25.8
25.8
25.8
25.7
25.8
25.8
25.8
25.9
25.8
25.8
25.8
25.8
25.8
25.8
25.8
26
26
26
26.2
25.9
25.9
26.1
26.4
25.9
26.1
26.1
26.1
25.7
25.6
26.2
25.4
25.9
26
26.2
25.9
26.5
26.4
26
25.8
26
26.4
26.1
25.7
25.9
26.2
26
26.2
25.8
26.2
26.2
26.3
26.2
25.3
26.2
26.5
26.4
25.7
26.1
26.4
26.3
25.9
26.6
26.5
26.3
26.3
26.3
26.2
26.3
26.4
26.3
26.3
26.3
26.4
26.4
26.4
26.6
26.2
26.3
26.4
26.5
26.1
26.6
26.5
26.5
26.4
26.8
26.5
26.7
26.5
26.6
26.7
27
26.6
26.7
26.7
26.6
26.2
26.7
26.6
26.7
26.6
26.7
27.1
26.7
26.7
26.7
26.6
26.7
26.7
26.5
27
26.7
26.9
26.9
26.8
26.8
26.6
26.9
27.1
26.7
26.8
27.3
27
26.8
27
27.2
27.4
27.1
26.5
26.9
27.2
26.9
27.1
26.9
27
26.9
27
27.5
27.3
27
27.3
27.4
27.2
27.3
27.2
27.2
27
27.2
27.2
26.9
27.3
27.6
26.7
26.9
27.1
27.1
27.3
27.3
27.4
26.8
27.6
27.3
27.4
27.5
27.2
28.2
27.4
27.2
27.2
26.7
27.5
27.7
27.3
27.5
27.6
27.3
27.6
27.7
27.3
27.6
27.5
27.8
27.7
27.7
27.7
27.7
27.8
27.7
27.6
27.9
27.7
27.7
27.7
27.7
27.9
27.8
27.8
27.8
27.7
27.9
27.5
27.8
28
27.5
27.9
27.9
27.9
27.8
28
28
28
27.5
28.3
28.2
27.7
28
27.7
28.2
28.1
28.1
28.3
28.2
28.1
28.2
28
28
28.7
27.7
28.2
28.2
28.6
28.4
28.3
28.3
28.4
28.6
28.4
28.6
28.4
28
28.6
28.3
28.5
28.7
28.5
28.7
28.7
28.6
28.6
28.7
29.5
28.7
28.6
28.7
28.7
28.3
28.7
29
28.3
28.7
28.7
28.7
28.7
28.4
28.9
28.7
28.9
28.7
28.8
29.5
29
29
28.9
28.8
28.3
29
29
29.4
29.3
28.3
29
29.2
29.6
29.1
29
29.2
29.1
28.5
29.2
29.4
29.3
29.3
28.9
29.1
29.2
29.4
29.3
29.4
29.2
29.3
29.1
29.4
29.7
29.6
29.6
29.5
29.8
29.6
29.3
30.3
29.4
29.5
29.6
29.7
30.5
29.6
29.7
29.8
30
29.7
29.9
29.9
30.1
29.8
30.1
29.8
30.3
29.9
29.6
29.9
30
29.9
29.9
29.9
29.9
29.9
30
29.9
29.9
30.3
30
29.6
30.1
30.1
30.2
30.4
30.2
30.3
30.5
30.3
30.2
30.4
29.9
30.1
29.8
30.5
31.1
30.7
30.4
30.6
30.6
31
30.6
30.5
30.5
30.7
30.7
30.7
29.9
30.7
30.7
31.1
30.4
31.2
30.8
30.9
31.1
30.8
30.8
31.2
31.3
31.2
31
30.9
30.8
30.9
31.1
31
30.9
31.3
31
31
30.9
31.2
31.1
30.6
31.3
31.3
31.3
30.7
31.3
31.2
31.4
31.5
31.5
31.4
31.4
31.6
31.4
31.5
31.6
31.7
31.8
31.6
31.6
31.6
32.4
31.5
31.7
32.4
31.9
31.7
31.8
32.1
31.6
31.9
31.4
32
31.3
31.7
32
31.8
31.9
32
32.4
31.9
31.6
32
32.7
32.1
32
32.1
31.8
32.6
32.2
32
32.2
32.3
32.2
32.3
32.3
32.3
32.3
32.4
32.5
31.6
32.3
32.5
32.2
32.6
32.8
32.6
32.4
33
32.5
32.6
32.4
32.5
32.8
32.7
33.6
32.8
32.8
33
32.6
31.8
32.7
33
33
33.1
33.1
32.8
33.1
33.2
33.1
33.1
32.5
33.2
33.2
33.3
33.7
33.3
33.4
33.3
33.3
33.4
33.5
33.3
33.5
33.4
33.4
33.4
33.1
33.5
33.3
33.6
33.3
33.5
33.7
33.6
33.9
33.5
33.7
33.7
33.5
33.8
33.8
33.7
33.6
33.8
33.8
33.9
33.7
34
33.8
34
33.8
34.1
34
34.2
34.1
34.3
34.1
34.2
34.2
34.1
34
34.3
33.7
33.8
34.3
34.3
34.2
34.5
34.3
34.4
34.5
34.6
34.6
34.7
34.6
34.7
34.5
34.8
34.5
34.7
34.7
34.5
34.8
34.8
34.7
34.6
34.8
34.7
34.8
35.3
34.9
34.9
35
35.2
34.9
34.9
35
35.1
34.8
35
35.5
34.8
35.2
35.3
35.1
35.3
35.2
35.4
35.3
35.5
34.7
35.2
35.3
35.9
35.3
35.5
35.5
35.5
35.3
35.4
35.4
35.7
35.1
35.5
35.5
35.4
35.2
35.5
35.7
35.8
35.9
36.1
35.8
35.7
35.7
36
35.8
35.9
35.9
35.8
36.2
36.1
36
36.2
36
36
36.1
36.1
36.1
36.2
36.2
36.1
36
36.2
36.2
36.5
36.2
36
36.4
36.6
36.3
36
36.4
36.5
36.5
36.7
36.5
36.7
36.7
37.2
36.6
36.7
36.9
36.7
36.6
36.8
36.9
37.2
36.6
36.8
36.8
37.6
37
37.1
37
36.9
37.4
37
37.1
37.1
37
37.2
37
37.3
36.9
37.1
37.2
37.4
37.3
37.2
37.2
37.4
37.7
37.4
37.4
37.5
37.4
37.4
37.5
37.2
37.6
37.6
37.4
38.1
37.3
38
37.7
37.9
37.8
38
38.2
37.2
37.9
37.9
37.6
37.4
37.9
38
38.5
38
38.4
38
37.9
38.1
38.1
38.1
38.2
38.6
38.1
38.1
38
38.2
39
38.1
39
38.5
38.7
38.2
38.6
38.5
38.6
38.5
38.6
38.5
38.6
38.6
38.2
38.6
39.2
38.6
38.8
38.7
39.4
39.1
38.9
39
39
39.4
38.9
39
38.9
39.2
39.1
38.6
38.8
39.1
39
39.3
39.2
39.4
38.9
39.2
39.7
39.4
39.6
39.3
39.3
39.4
39.8
39.5
39.5
39.4
39.4
39.4
39.7
39.9
39.5
39.9
39.9
39.9
39.6
39.7
39.6
39.8
39.8
39.9
39.9
40.1
40
40
39.6
39.9
40.1
40.4
40.1
40.4
40
40.3
40
40.3
40.3
40.3
40.4
40.3
40
40.5
40.4
40.5
40.5
40.4
40.5
40.3
40.6
40.5
40.7
40.7
40.6
40.7
40.7
40.6
40.8
40.7
40.8
40.7
40.7
40.8
41
41.6
41
40.9
41.1
40.9
40.6
41
41.2
41
41.8
41.1
41.2
41
41.3
41.1
41.6
41.5
40.8
41.5
41.5
41.7
41.7
41.5
41.7
41.8
41.5
41.6
41.7
41.6
41.5
41.7
41.7
41.8
41.7
41.9
41.8
41.7
41.8
42
41.9
41.9
42.1
41.9
42
42
42
42.1
42.2
42.3
42.1
42.1
42.2
42.2
42
42.2
42.3
42.1
42.5
42.1
42.1
42.5
42.2
42.6
42.6
42.6
42.6
42.9
42.7
42.3
42.6
42.7
42.7
42.5
42.5
42.7
42.1
42.8
42.8
42.8
42.9
42.9
43
43
43.6
43
43
43.1
42.9
42.5
43.4
43.1
42.9
43.1
43.2
43.1
42.9
42.3
43.7
43.5
43.4
43.4
43.4
43.2
43.5
43.5
43.4
43.6
43.6
43.6
43.6
43.7
43.6
43.7
43.8
43.4
43.8
43.7
43.6
43.8
43.8
43.5
43.4
43.9
43.8
43.9
43.8
44
44
44.2
44
44
44
43.7
44
44
44.2
44.2
44.3
44.3
44.2
44.3
44.4
44.4
44.4
44.4
44.5
44.4
44.4
44.5
44.5
44.4
44.2
44.6
44.6
44.6
44.6
44.6
44.7
44.6
44.9
44.9
44.7
44.7
44.7
44.7
44.7
44.9
44.7
45
44.7
45.1
45
45
45.1
45.2
45.1
45.3
45.3
45.1
44.7
45.5
44.9
45.3
45.3
45.3
45
45.3
45.3
45.1
45.6
45.5
45.5
45.6
45.5
45.7
45.6
45.1
45.8
45.7
45.9
45.7
45.8
45.8
45.8
46.2
45.8
46.1
46.1
45.9
45.9
46.1
46.2
46.2
45.9
46.7
46.1
46.2
45.5
46.3
46.8
46.7
46.3
46.5
46.3
46.4
46.4
46.5
46.8
46.7
46.5
46.7
46.5
46.7
46.5
46.5
46.9
46.9
46.7
46.9
46.8
46.7
46.8
46.8
46.9
46.9
46.8
46.8
46.5
47
46.7
47
46.5
47
47
47
47.2
47.7
46.8
47.2
47.3
47.3
47
47.3
47.2
47.9
47.3
47.4
47.4
47.4
47.5
47.7
47.4
47.5
47.5
47.8
47.5
47.5
47.7
47.5
47.7
47.8
47.8
47.8
47.9
47.9
48
47.8
47.8
48.4
47.7
48.4
48
48.2
48.2
47.9
48.2
48.3
47.8
48.2
48.2
48.2
48.3
48.2
48.5
48.2
48.3
48.3
48.5
48.4
48.5
48.3
48.3
48.4
48.5
48.5
48.7
48.5
48.8
48.7
48.5
48.7
48.7
49.3
48.8
48.8
48.8
48.9
48.9
48.9
48.9
49.1
48.9
48.9
49.1
48.7
49.2
49.1
49.1
48.7
49.2
49.4
49.3
49.3
49.3
49.4
49.6
49.6
50
49.1
49.4
49.6
49.7
49.6
49.6
49.6
49.7
49.7
49.3
50.1
50.2
50.1
49.7
50
49.7
49.8
50.4
50
49.6
50.1
49.8
49.7
50.5
50
50
50.1
49.6
49.7
50.2
50.2
50
50.2
50.4
50.2
50.2
50.4
50.5
50.2
50.4
50.2
50.2
50.2
50.6
50.5
50.8
50
50.5
50.9
50.6
50.6
50.8
50.8
50.8
50.9
50.8
50.8
50.9
51
50.6
51
50.9
51
50.2
51
51.3
51
51.2
51.3
51.3
51.2
51
51
51.3
51.2
51.3
51.3
51.3
51.4
51.9
51.4
51.4
51.4
51.4
51.6
51.6
51.7
51.6
51.4
51
51.4
52
51.9
51.6
51.7
51.9
51.9
52
51.9
52.1
51.9
51.9
52
52
52.1
51.9
52.4
52
52.4
52.1
52.1
52
52.1
52.4
52.4
52.1
52.8
52.8
52
52.6
52.6
52.4
52.4
52.4
52.3
52
52.6
52.6
52.7
52.7
52.8
52.6
52.8
53
52.7
52.7
53.3
52.7
52.7
53.1
53.3
53
53.3
53.1
53.1
53
53
53
53.3
53.4
53.4
53.1
53.3
53.3
53.5
53.1
53
53.1
53.4
53.4
53.5
53.3
54
53.5
53.5
54.3
53.7
53.7
53.7
54
53.7
53.8
53.7
53.8
53.8
54
53.8
54.1
54.3
54.3
53.8
53.8
54
54
54
54.1
53.8
54.3
54.3
54.3
54.1
54
54.3
54.3
54.1
54.4
54.3
54.3
54.7
54.7
54.9
54.4
54.6
54.6
54.4
55.2
54.6
54.9
55
55.3
54.4
54.7
54.9
55
55.2
55
55.3
54.4
54.9
54.9
55.2
54.6
54.7
55
54.9
54.9
55
55
55.3
55.3
55.8
55.8
55.8
55.5
55.6
55.6
55.6
55.8
55.8
55.8
55.6
55.6
55.8
55.8
55.8
56.1
55.8
56.5
55.9
56.1
56.1
55.9
55.9
55.9
56.1
56.7
56.4
56.2
56.4
56.2
56.2
56.2
56.4
56.2
55.8
56.4
56.7
56.1
56.2
56.2
56.5
56.2
56.7
56.1
56.7
56.7
56.7
56.7
56.5
57
56.5
55.9
56.8
57
56.8
56.8
56.7
57
56.8
57
57.3
57.2
57
57.2
57.2
57.2
57
57.3
57
57.3
57.3
57.8
57.2
57.3
57.5
57.3
57.5
57.3
57.5
57.5
57.3
57.5
57.3
57.3
57.5
57.2
57.6
57.6
57.6
58
58
58
57.5
57.3
58
58.4
57.6
58.1
58.1
58.1
57.8
58.4
58.1
58.3
58.1
58.3
58
58
58.6
58.3
58.4
58.1
58.6
58.6
58.9
58.3
58.8
58.6
58.6
58.8
58.6
58.6
58.8
58.9
58.9
58.4
58.4
58.9
58.6
58.8
58.8
58.9
59.1
59.3
59.1
59.4
58.4
58.3
59.1
59.1
59.1
59.4
59.1
59.3
59.1
59.4
59.4
59.3
59.4
59.4
59.3
59.3
59.8
59.6
59.8
59.9
59.6
58.9
59.6
59.8
60.1
59.8
60.5
59.8
60.1
59.8
59.9
60.1
60.5
59.9
59.9
60.1
59.8
60.1
60.1
60.1
60.5
60.3
60.3
59.3
59.9
60.5
60.5
60.3
61
60.6
60.6
60.5
61
60.1
60.6
61.3
61.2
61
60.8
59.4
61.2
60.6
60.6
61
61
61.2
60.3
60.6
60.8
61.2
61.2
61
60.6
61.3
61
60.8
61.2
60.6
61.2
61.2
61.3
61.3
62
60.6
61.5
61.5
61.5
61.3
61.5
62
61.5
61.3
62
61.7
61.5
61.7
61.5
61.9
61.5
61.7
61.7
61.9
61.7
61.9
61.9
61.3
62.6
61.7
61.7
62
62
61.9
62.2
62
61.9
62.2
62.8
62
62.2
62.2
62
62.2
61.9
62.6
63.1
62.2
62
63
62.4
62.8
62.4
62.6
63.3
62.8
63.1
62.6
63
63
63
63
62.8
62.8
63
63
63
62.8
63
63.1
63.1
63.1
63
63.3
63.1
62.6
63.3
63.3
63.3
63
63.3
62.4
63.3
63.1
62.6
63.9
62.6
63.5
63.7
63.5
63.9
63.9
64.3
63.5
63.5
64.7
63.1
63.7
63.9
64.1
63.5
63.9
63.7
63.7
64.1
63.7
65
64.9
64.1
63.5
64.5
64.1
64.5
63.9
64.5
64.1
64.3
64.5
64.7
64.3
63.9
64.7
64.3
64.5
65
63.7
63.9
65
65.2
64.7
64.3
64.5
64.3
64.3
65
65.8
64.9
65
65.2
64.7
64.1
64.7
64.7
65.2
64.9
65
65
64.9
64.9
65.2
65.2
65.4
65.6
65
65.4
65.8
65.6
65.2
65.2
65.4
65.4
65.6
65.6
65.8
66
65
66.4
66
65.8
65.8
66
65.8
66.7
66.2
66.9
66.2
65.8
66.4
66
65.8
65.6
66
66.2
66.4
66.9
66.2
66.9
66.2
67.3
66.2
66.7
66.4
66.4
66
68.1
66
66.7
66.7
66.7
67.7
66.7
66.7
66.9
66.4
66.7
66.9
66.9
66.7
66.2
67.3
67.9
66
66.9
67.1
67.1
67.9
67.1
66.9
67.3
67.9
66
67.7
67.1
66.2
67.1
67.5
67.9
66.9
67.1
67.7
67.9
67.5
67.5
67.7
67.7
67.9
68.3
67.5
67.3
67.9
67.7
67.9
67.9
68.1
67.7
66.9
68.8
67.7
66.9
67.9
68.1
67.9
68.5
68.3
67.9
68.3
68.1
69.4
68.3
68.3
68.5
69.2
69
68.3
68.5
68.5
69
68.5
69
68.3
69
69
69.4
68.8
68.8
68.8
69
69.2
69.4
68.3
69
69
69.6
70.1
69.4
69.9
69.9
69.4
68.3
69.6
69.2
68.8
69.6
68.8
70.1
69.4
70.3
69
69.6
70.1
68.5
69.4
69.9
69.9
69.9
69.4
69.9
69.6
69.9
70.1
69.2
70.1
69.6
70.6
70.1
69.9
70.1
70.1
70.1
70.3
71
70.3
69.9
70.3
70.6
70.8
70.3
70.1
70.1
70.3
71
70.6
71
70.6
70.3
70.8
70.1
69.6
71.2
69.9
70.8
70.6
70.8
70.3
70.3
72.2
70.6
71.5
71.7
70.6
71
70.3
71.2
71.2
71
71.5
71
71
71.2
71.5
71.2
71.5
70.8
71.5
71.5
71
71.2
71.2
71.2
70.8
71.7
71.2
71.5
71.5
71.5
71.5
71.7
71.5
72.4
71.5
72.2
71
72.2
72
71.5
72.2
72.2
72.2
71.7
71.5
73.2
72.2
72.2
72.2
72.2
71.7
72.4
72.4
71.7
72
72.2
72.4
71.7
73.2
71.5
72.2
72.2
72.4
72.4
72.7
72.7
72.4
72
72.9
72.7
73.4
73.4
72.9
72.7
72.7
73.2
72.7
72.9
72.7
72.7
72.9
72.7
73.2
73.7
72.9
72.7
73.2
73.7
73.2
73.7
72.9
74.4
73.4
72.7
73.4
73.9
72.9
73.9
73.7
73.4
73.4
73.7
73.4
73.9
73.4
73.9
73.9
74.4
72.9
73.9
74.7
74.2
75
73.9
74.4
74.2
75
74.4
75
74.2
74.7
75.8
74.7
74.7
74.4
73.7
74.4
74.7
75.2
74.7
75
74.7
74.4
74.7
74.7
75.2
75.2
74.7
76.3
75.2
76
75
74.4
75.2
75.2
75.5
75.8
75.2
75.5
75.2
75.2
75.2
76
75.2
75.5
75.2
75
75.8
76.3
76
76.3
75.8
76.3
75.8
75
75.8
75.8
76.8
76.3
76
76.6
76.3
75.5
76
76
76.6
76
75.8
76
76.8
76.3
77.1
76.8
76.6
76.6
76
76
76.8
76.8
77.1
77.1
77.4
76.6
77.1
77.7
76.8
76.6
77.1
76.6
76.8
76.8
77.7
76.6
77.7
76.3
76.6
76.6
77.1
77.7
77.1
78.5
76.8
77.1
77.4
77.4
76.3
76.8
76.8
77.1
78
77.4
77.4
78
77.4
77.1
78.5
78
77.7
77.4
77.7
78
77.4
77.1
77.7
78
78
78
77.1
77.7
78
78.8
77.7
78.3
78.5
76.6
78.5
77.7
78.5
78
79.7
78.5
78
78.3
78
79.1
78.8
78.5
77.7
78.3
78
78.5
79.7
78.5
78
79.1
78.5
78.8
78.8
78.5
78.8
80
78.5
79.1
78.5
79.4
78.5
78.5
78.5
78.8
79.4
78.8
79.7
78
79.4
78.8
79.7
80
79.4
79.1
79.7
80
78.5
78.8
79.4
79.4
79.1
79.1
79.7
79.4
79.4
80
79.1
79.4
79.7
78.5
79.1
79.7
79.7
80
80.3
80
79.4
79.4
80
80
80.3
79.1
80
80.3
80.3
79.4
79.7
80.3
80
80.3
78.5
80.7
79.7
81.3
80.3
80.7
79.7
81
80
80.7
80.7
80.3
80.7
79.7
80.3
80.7
81
82.2
80.7
80.7
80
81.3
80
80.7
80.3
81
80.3
81
81
81
80.7
80.7
80.7
81
80.7
80.7
81.3
81
81.3
81
81.3
81
81.6
82.2
82.2
81
81.3
81.3
82.6
81.3
81.9
81
81.3
81
81.9
82.2
81
81.9
82.2
81.3
81.3
81.3
81.6
81.9
81.9
81.6
81.9
81.9
82.2
82.2
81.9
82.2
83.9
82.2
82.6
82.6
81.6
82.2
82.2
82.2
82.6
82.6
82.2
82.6
82.9
82.2
82.6
82.6
82.2
83.6
83.2
82.6
83.2
82.6
82.9
83.2
83.2
83.6
83.2
83.6
83.2
83.9
83.2
82.6
82.9
83.2
84.6
83.6
82.6
83.2
83.2
83.9
83.6
83.9
82.6
83.6
82.6
83.6
83.9
83.9
85.3
82.9
83.6
84.6
84.3
83.9
83.9
85
84.6
83.2
84.3
83.6
83.6
83.2
85.7
84.3
82.6
85.7
84.3
83.9
84.3
85
82.9
85
84.3
85.3
85
84.6
85.3
83.9
83.6
85
85.7
83.9
83.9
84.6
85
84.3
84.3
85
84.6
85.7
85.7
84.3
85.3
85
85.7
84.6
85
85
85
85.3
85.3
86
85.7
86
85.3
84.3
85.7
85
86
84.6
84.6
85.3
85.3
84.3
85.7
85
86.4
85.3
85
85.3
86
85.7
86
86.4
85.3
85.3
86
86.8
86.4
85
86.4
86
86.8
86
86
86
85.7
85.7
86.8
86.8
85
86.4
87.9
86.4
86.4
86.8
86
86.4
87.2
86.8
86.8
86.4
86.8
87.2
87.5
86.8
87.2
89.5
86.4
86.4
86.8
86.8
85
87.5
87.2
87.2
86.8
87.2
87.5
87.2
87.9
87.5
87.2
87.9
87.9
89.1
88.3
86.8
87.5
87.5
89.1
87.2
87.9
86.8
86.8
86.8
87.5
87.5
88.7
88.7
88.7
87.9
87.5
87.9
88.3
88.7
87.9
89.1
88.3
88.3
88.7
88.3
89.1
89.1
89.5
89.1
88.7
89.1
89.5
88.7
87.9
88.7
89.1
87.9
88.3
88.7
89.1
89.9
90.3
87.9
89.1
88.3
89.9
90.3
89.1
88.3
89.1
89.5
89.1
89.5
89.9
89.1
89.1
89.5
89.1
90.3
88.3
89.5
88.3
89.9
90.3
89.5
90.3
88.7
90.8
89.1
89.5
89.5
90.8
89.1
90.3
89.5
89.5
89.5
89.9
90.3
90.3
88.7
89.5
92.9
89.9
91.2
88.7
89.1
90.3
90.8
90.3
90.3
89.1
90.3
89.9
90.3
89.9
90.3
90.3
88.3
92.1
89.9
91.6
89.9
91.2
89.5
90.8
90.8
90.8
90.8
90.3
90.8
90.8
90.8
91.6
90.3
89.9
88.7
91.6
90.3
91.2
90.8
90.8
90.8
90.8
90.8
91.6
90.3
91.6
90.3
91.6
90.8
90.8
91.2
91.2
89.9
92.5
90.8
92.9
91.2
90.8
91.6
91.2
92.5
92.1
91.6
90.8
91.6
92.1
91.2
91.2
91.2
91.2
91.6
90.8
91.6
93.9
92.1
91.6
90.8
92.1
92.1
91.6
91.6
91.6
91.6
92.1
92.9
91.2
91.6
92.5
92.5
92.1
92.9
92.1
91.6
93.9
92.1
92.1
94.8
92.5
92.5
92.1
93.4
92.1
92.5
92.5
92.9
91.6
92.5
93.4
93.4
92.9
92.5
92.9
94.8
93.4
92.9
93.4
93.4
93.9
93.4
92.9
92.5
92.9
92.5
92.9
93.9
93.4
93.4
93.4
93.9
93.9
93.4
92.9
91.6
94.3
92.5
93.4
93.4
93.4
93.9
93.9
93.9
93.9
94.3
93.9
93.9
94.3
93.4
94.3
93.4
95.3
94.3
94.3
92.9
93.4
95.3
94.3
96.8
93.9
95.3
93.9
96.3
94.3
95.3
93.9
94.3
94.8
94.8
95.3
93.9
94.3
94.3
93.9
94.8
95.3
94.8
97.3
93.9
94.8
95.3
94.3
94.3
94.8
96.3
94.3
94.8
96.3
95.3
94.8
94.8
95.3
95.3
94.3
95.3
95.3
95.3
95.3
92.5
95.3
96.3
96.3
94.3
95.3
95.3
95.3
95.8
95.8
96.8
95.8
95.8
96.8
95.3
96.3
94.8
95.8
94.8
95.8
96.8
96.3
97.8
95.8
95.8
95.3
95.3
96.8
96.3
95.8
96.3
100
95.3
95.8
96.8
95.3
97.3
98.3
95.8
96.3
97.8
96.3
97.8
96.8
96.3
96.8
96.8
97.3
96.8
96.8
96.3
96.8
95.8
97.3
97.8
97.3
97.8
97.8
94.8
96.3
97.8
101.7
96.8
96.8
96.8
96.8
97.3
97.3
96.3
97.8
97.3
97.3
98.9
98.3
97.8
96.8
97.8
96.8
97.3
96.3
97.8
98.9
97.3
98.3
98.9
98.9
98.3
96.3
96.3
97.8
98.3
96.8
97.8
98.3
96.8
97.3
98.3
97.8
98.3
97.8
98.9
98.3
98.9
96.3
99.4
96.3
98.3
96.8
98.9
99.4
97.3
98.3
98.9
97.3
98.9
97.3
98.3
100
98.9
97.8
99.4
100.6
99.4
100.6
99.4
97.8
100.6
98.3
96.3
98.3
98.9
98.3
98.3
99.4
98.3
100
98.9
99.4
99.4
98.9
96.8
98.3
100.6
99.4
98.3
98.3
98.9
97.8
98.3
98.9
99.4
99.4
99.4
100
98.9
97.8
99.4
100.6
98.9
98.9
98.9
97.8
97.8
98.9
99.4
99.4
99.4
100.6
100
100
99.4
99.4
100
100.6
99.4
100
100
99.4
98.9
100
99.4
98.9
100
100.6
100
99.4
100.6
101.7
98.9
99.4
98.9
100.6
100
97.8
98.3
101.1
100
101.1
100.6
99.4
101.7
99.4
100
100.6
100
102.3
100
101.1
102.3
100.6
101.1
98.9
100
101.1
100
98.3
101.7
99.4
100
100.6
100
100.6
102.3
100.6
100
102.3
101.7
101.7
100.6
102.3
100.6
101.7
101.1
100.6
101.7
101.1
100.6
101.7
100.6
101.7
100.6
102.3
101.1
101.1
101.1
98.9
101.1
100.6
100.6
101.1
101.1
101.7
100.6
101.1
101.1
101.1
101.7
102.3
99.4
103.5
102.3
100.6
100.6
102.3
101.1
100.6
102.3
103.5
99.4
101.1
101.7
100
102.9
102.9
101.7
101.1
101.7
104.2
102.9
101.1
101.7
101.1
101.1
100
101.1
101.7
101.7
101.7
101.1
100.6
102.3
102.9
102.3
102.9
101.7
102.9
102.9
101.1
101.7
101.1
104.2
102.3
103.5
102.3
102.9
100.6
101.1
101.7
101.7
100
101.7
102.3
102.3
103.5
104.2
102.3
102.3
101.7
105.5
101.7
100.6
101.7
102.3
102.9
102.3
102.3
100
103.5
103.5
103.5
102.9
101.1
103.5
101.7
103.5
101.7
102.9
103.5
102.3
105.5
102.3
102.3
102.9
102.3
103.5
102.3
102.3
99.4
101.1
102.9
101.7
103.5
102.9
102.3
103.5
102.3
102.9
104.8
101.7
104.2
102.9
103.5
103.5
100.6
103.5
103.5
104.2
103.5
105.5
102.3
105.5
102.9
103.5
103.5
102.9
104.2
102.9
102.3
102.3
104.2
104.8
102.9
103.5
103.5
104.2
102.3
100.6
103.5
104.2
104.2
101.1
103.5
102.9
102.9
101.7
102.9
102.9
107.5
101.7
103.5
102.9
104.8
102.9
103.5
103.5
104.2
103.5
103.5
105.5
104.8
104.2
102.9
104.8
103.5
104.8
104.8
105.5
101.7
104.2
105.5
102.9
104.2
106.1
104.2
105.5
102.9
104.2
103.5
104.8
104.2
104.2
104.2
102.9
104.2
104.2
106.1
103.5
105.5
106.1
106.1
104.2
106.1
104.8
104.8
105.5
107.5
105.5
105.5
105.5
103.5
104.2
104.2
105.5
104.2
104.2
106.1
105.5
106.1
104.2
104.8
105.5
104.8
104.8
104.2
101.7
105.5
106.1
107.5
105.5
104.8
106.1
104.2
105.5
104.8
106.8
104.8
105.5
104.8
104.2
103.5
103.5
106.8
103.5
104.8
104.8
104.2
105.5
104.8
104.8
104.8
106.1
102.9
106.1
104.8
105.5
104.2
103.5
104.8
105.5
104.2
103.5
106.1
103.5
103.5
104.8
105.5
102.9
104.8
106.1
105.5
104.8
104.2
105.5
103.5
104.2
104.8
104.8
105.5
104.8
104.8
104.8
105.5
106.8
105.5
105.5
105.5
105.5
105.5
105.5
105.5
105.5
104.8
106.1
106.1
106.1
105.5
106.1
105.5
104.8
106.1
105.5
105.5
104.8
105.5
104.8
105.5
104.8
104.2
105.5
104.8
105.5
103.5
105.5
105.5
106.1
105.5
104.2
108.2
104.2
106.8
106.8
105.5
105.5
104.2
105.5
105.5
105.5
106.1
104.8
104.8
105.5
106.1
103.5
105.5
105.5
104.2
106.1
105.5
106.8
109
106.1
105.5
106.8
106.1
105.5
105.5
104.8
106.1
105.5
104.8
105.5
103.5
107.5
104.8
104.2
108.2
106.1
106.1
106.1
106.1
106.1
106.1
104.8
105.5
106.1
106.8
108.2
106.1
105.5
106.1
104.2
103.5
106.8
107.5
105.5
105.5
105.5
104.2
105.5
106.8
104.2
106.1
106.1
106.1
106.1
106.1
106.1
106.8
104.8
106.8
106.8
109.7
106.1
106.1
105.5
106.8
106.1
105.5
108.2
103.5
106.8
104.2
106.1
106.1
106.8
106.8
107.5
104.2
108.2
104.8
106.1
106.1
106.1
106.8
106.1
107.5
108.2
105.5
104.8
103.5
107.5
106.1
106.8
106.8
106.8
107.5
106.1
106.1
106.1
106.8
106.1
107.5
107.5
105.5
106.1
106.8
109
106.1
107.5
106.8
107.5
107.5
109
106.8
107.5
107.5
106.1
107.5
106.1
106.8
109
107.5
106.1
107.5
107.5
105.5
107.5
107.5
106.8
106.8
106.1
107.5
107.5
106.1
106.8
106.1
107.5
107.5
107.5
108.2
110.5
107.5
106.1
107.5
106.8
108.2
106.8
107.5
108.2
107.5
106.8
106.1
107.5
106.8
106.1
105.5
108.2
109
107.5
109
107.5
105.5
106.1
106.1
106.1
109.7
106.8
105.5
107.5
106.8
106.8
110.5
106.8
107.5
108.2
109
107.5
107.5
108.2
104.8
104.8
106.8
106.8
106.1
106.8
108.2
107.5
107.5
106.8
109.7
107.5
106.8
109
108.2
106.8
107.5
110.5
108.2
109
107.5
109
110.5
111.3
107.5
106.8
108.2
105.5
106.8
106.8
108.2
107.5
109
108.2
109.7
111.3
109
107.5
106.8
109.7
108.2
107.5
106.1
110.5
107.5
107.5
107.5
109.7
107.5
108.2
107.5
108.2
106.8
107.5
108.2
109.7
108.2
109
109
107.5
107.5
109
107.5
109
109
109.7
104.8
107.5
108.2
107.5
109
109
106.8
108.2
107.5
109
108.2
110.5
106.1
109
108.2
108.2
109
106.1
109
109
115.4
106.1
108.2
109
109.7
109.7
109.7
107.5
106.8
112
107.5
106.8
107.5
109.7
107.5
108.2
109
106.8
108.2
108.2
109
109
108.2
107.5
108.2
105.5
109
107.5
109.7
106.1
108.2
106.1
108.2
107.5
109.7
105.5
106.1
107.5
108.2
108.2
109
105.5
108.2
106.1
107.5
108.2
108.2
106.8
106.1
106.8
107.5
106.8
106.8
109
109
107.5
107.5
107.5
106.1
107.5
108.2
107.5
107.5
107.5
108.2
107.5
107.5
108.2
109
106.1
109.7
107.5
107.5
106.8
106.1
107.5
107.5
108.2
107.5
108.2
108.2
106.1
109.7
107.5
106.8
108.2
107.5
107.5
108.2
106.8
108.2
107.5
104.2
106.8
109
110.5
106.1
107.5
105.5
106.8
106.8
109
109
107.5
109.7
110.5
106.8
106.8
109
108.2
106.8
108.2
106.8
108.2
107.5
109
107.5
106.1
106.8
107.5
105.5
108.2
108.2
104.2
106.1
106.8
106.1
107.5
106.1
106.1
108.2
106.8
106.1
108.2
107.5
107.5
106.8
107.5
110.5
107.5
108.2
109
108.2
106.8
106.1
107.5
109
107.5
106.1
108.2
103.5
107.5
106.8
107.5
109
109
106.8
109.7
108.2
108.2
106.8
108.2
108.2
106.8
107.5
106.8
109
106.1
106.8
108.2
108.2
111.3
108.2
106.1
107.5
108.2
108.2
107.5
107.5
104.2
109.7
106.8
107.5
110.5
108.2
109
109.7
107.5
105.5
109.7
109.7
108.2
107.5
108.2
108.2
107.5
108.2
108.2
107.5
106.1
106.8
108.2
108.2
108.2
107.5
108.2
109
106.1
108.2
106.8
103.5
107.5
108.2
109
108.2
107.5
108.2
108.2
108.2
109
106.8
110.5
108.2
106.8
107.5
108.2
107.5
109
108.2
108.2
109
107.5
107.5
107.5
108.2
109
108.2
108.2
107.5
107.5
107.5
109
110.5
108.2
107.5
108.2
107.5
107.5
109.7
108.2
109
108.2
106.1
109
107.5
109
109.7
107.5
107.5
110.5
109
106.8
110.5
108.2
110.5
108.2
109
108.2
108.2
109
109
109
109
108.2
108.2
107.5
108.2
106.8
108.2
108.2
108.2
109
107.5
109
111.3
105.5
109
108.2
111.3
107.5
109.7
108.2
110.5
108.2
107.5
110.5
108.2
108.2
109
109
108.2
106.1
107.5
109
108.2
108.2
109
108.2
109.7
109
106.1
108.2
109.7
109.7
108.2
107.5
109
109.7
108.2
106.1
109.7
111.3
108.2
109.7
108.2
108.2
109.7
110.5
109
107.5
109.7
106.8
109
106.1
108.2
110.5
106.8
108.2
109.7
110.5
108.2
108.2
109
107.5
109.7
107.5
108.2
109
104.2
107.5
109.7
109
109
108.2
107.5
106.8
104.8
109
109.7
107.5
112.9
109
109
109
106.8
107.5
109.7
108.2
106.1
109
107.5
109.7
111.3
109
112.9
110.5
108.2
109.7
109.7
109
108.2
108.2
108.2
106.8
106.8
107.5
109.7
109
106.8
107.5
109
109
108.2
108.2
107.5
107.5
108.2
110.5
107.5
107.5
109
108.2
110.5
108.2
107.5
108.2
109
106.8
106.1
108.2
108.2
109.7
108.2
107.5
106.1
108.2
108.2
108.2
108.2
110.5
110.5
108.2
109
109.7
108.2
107.5
108.2
109
109
107.5
107.5
109
107.5
108.2
108.2
106.8
109.7
108.2
106.8
107.5
109
109
109
106.8
109
109.7
109
109
108.2
107.5
109.7
108.2
111.3
107.5
107.5
105.5
107.5
107.5
110.5
108.2
106.8
109
107.5
107.5
107.5
106.8
107.5
108.2
108.2
110.5
108.2
107.5
107.5
112
109
108.2
109
108.2
106.8
106.8
108.2
107.5
108.2
107.5
109.7
106.8
106.8
108.2
109.7
107.5
106.8
108.2
108.2
108.2
109
107.5
109
109
110.5
107.5
108.2
108.2
109.7
106.8
108.2
108.2
109.7
108.2
109.7
107.5
106.8
111.3
108.2
106.8
107.5
109.7
108.2
107.5
108.2
108.2
109.7
108.2
112
107.5
109
108.2
107.5
109.7
110.5
107.5
110.5
106.8
109
109.7
109
109.7
109
110.5
104.8
107.5
107.5
109.7
108.2
107.5
109
109
108.2
109
109
109
107.5
110.5
108.2
109
109
106.8
109
108.2
109.7
109
109
109
109.7
109.7
108.2
106.8
109
106.1
109
109.7
108.2
109.7
109
107.5
110.5
106.8
108.2
109
109.7
108.2
108.2
109
109
110.5
106.8
104.8
108.2
106.8
107.5
104.8
109.7
107.5
109.7
109.7
108.2
108.2
109
111.3
108.2
105.5
107.5
108.2
109.7
107.5
105.5
109.7
105.5
108.2
114.6
108.2
109
110.5
109
109
108.2
108.2
109.7
108.2
109
109
108.2
108.2
109
108.2
110.5
108.2
108.2
109
107.5
106.1
108.2
106.1
107.5
107.5
109
109
108.2
109
109
110.5
107.5
108.2
109.7
106.8
108.2
108.2
107.5
109.7
109
109
108.2
108.2
109.7
109
108.2
108.2
109.7
109
109
109.7
109
112
108.2
108.2
107.5
108.2
105.5
108.2
109
108.2
106.8
106.8
109.7
108.2
108.2
108.2
108.2
108.2
108.2
107.5
109.7
109.7
107.5
107.5
109
106.8
109
108.2
109
109.7
109
108.2
109.7
107.5
108.2
109
109
105.5
106.8
108.2
109.7
109
108.2
106.8
108.2
108.2
109.7
110.5
108.2
109
108.2
108.2
109
108.2
105.5
106.1
107.5
106.8
107.5
107.5
106.8
108.2
106.8
107.5
108.2
110.5
108.2
107.5
109
109.7
107.5
111.3
109
107.5
106.8
109.7
107.5
108.2
107.5
106.8
106.8
108.2
108.2
109
109
109
109
109
109
108.2
106.8
109
107.5
108.2
107.5
109.7
108.2
109
107.5
109
109
107.5
109.7
108.2
108.2
109
107.5
108.2
107.5
107.5
108.2
107.5
109
108.2
106.8
107.5
108.2
107.5
108.2
108.2
107.5
109
112
108.2
109
107.5
108.2
108.2
107.5
108.2
108.2
107.5
109.7
108.2
106.8
107.5
108.2
109
107.5
106.8
107.5
108.2
108.2
106.8
109
106.8
108.2
109
106.8
108.2
107.5
106.8
106.1
107.5
106.8
109
109
106.8
109
107.5
104.8
107.5
106.8
109
106.8
108.2
108.2
109
107.5
106.1
107.5
107.5
108.2
109
108.2
106.1
107.5
107.5
109
107.5
109
108.2
104.8
108.2
106.8
108.2
107.5
107.5
108.2
108.2
109
108.2
107.5
108.2
108.2
108.2
107.5
107.5
106.8
106.8
107.5
105.5
108.2
107.5
105.5
107.5
106.8
107.5
107.5
107.5
108.2
109.7
106.8
106.1
107.5
105.5
108.2
105.5
106.8
109.7
109
109.7
107.5
109
105.5
107.5
108.2
108.2
109
108.2
107.5
106.8
107.5
110.5
107.5
106.8
108.2
106.8
107.5
106.8
108.2
107.5
106.8
107.5
108.2
106.8
108.2
107.5
106.1
108.2
106.1
107.5
106.1
106.8
107.5
106.1
107.5
106.1
107.5
109
107.5
108.2
104.8
107.5
108.2
106.8
106.8
106.1
108.2
106.1
106.8
105.5
106.8
107.5
107.5
105.5
106.8
106.8
106.8
106.8
107.5
104.2
109.7
106.8
106.1
108.2
107.5
105.5
108.2
106.8
108.2
106.8
104.8
106.8
103.5
106.8
106.8
106.1
102.9
106.1
106.8
106.8
106.1
107.5
106.1
106.8
106.1
105.5
105.5
106.1
106.8
106.1
107.5
106.8
106.8
107.5
107.5
106.1
106.1
106.1
107.5
107.5
106.1
108.2
106.8
107.5
105.5
105.5
106.8
105.5
105.5
106.8
107.5
105.5
106.1
105.5
107.5
109
107.5
106.1
107.5
106.8
106.1
107.5
108.2
104.8
106.1
107.5
106.8
107.5
106.8
105.5
107.5
106.8
106.1
106.1
106.8
106.8
105.5
104.8
107.5
106.1
108.2
106.8
109
106.8
107.5
106.8
106.1
106.1
106.1
106.8
104.8
106.8
106.8
106.8
105.5
108.2
105.5
106.1
106.1
106.1
106.1
106.1
108.2
105.5
104.8
106.1
105.5
106.1
107.5
108.2
105.5
105.5
105.5
105.5
106.1
106.1
106.8
104.8
106.8
106.1
107.5
106.8
106.1
106.8
106.1
106.1
106.8
107.5
105.5
104.8
105.5
105.5
106.1
107.5
104.8
106.8
106.1
109
108.2
108.2
107.5
106.8
104.2
106.1
106.1
106.8
106.8
106.1
106.1
105.5
106.8
105.5
105.5
106.1
106.1
105.5
107.5
106.8
105.5
105.5
107.5
106.8
106.1
107.5
106.1
106.1
107.5
106.1
107.5
106.1
106.8
106.1
105.5
105.5
106.8
104.8
105.5
105.5
106.1
105.5
105.5
105.5
106.1
106.1
105.5
105.5
104.2
107.5
106.1
105.5
105.5
104.8
106.1
105.5
106.1
104.8
106.8
106.1
105.5
104.8
106.1
106.1
107.5
106.1
105.5
105.5
105.5
104.8
105.5
105.5
105.5
106.8
105.5
105.5
106.8
105.5
105.5
104.8
106.8
106.8
105.5
105.5
106.1
105.5
106.8
105.5
104.2
106.1
105.5
106.8
105.5
106.1
106.1
105.5
106.8
106.1
106.1
105.5
106.1
105.5
106.8
106.1
106.1
106.8
104.8
103.5
106.8
105.5
104.8
104.2
105.5
104.8
107.5
105.5
105.5
106.1
105.5
105.5
105.5
103.5
104.8
106.1
104.8
105.5
106.1
106.1
104.2
105.5
106.1
104.8
104.2
105.5
106.8
105.5
104.2
106.8
104.8
106.1
104.2
106.1
106.1
104.8
105.5
104.8
106.1
105.5
106.8
104.8
106.8
105.5
106.8
104.8
103.5
104.8
105.5
106.1
105.5
104.2
105.5
104.2
105.5
104.8
106.1
105.5
105.5
105.5
105.5
105.5
105.5
105.5
105.5
104.8
104.8
105.5
106.1
103.5
105.5
104.8
104.8
106.1
104.8
105.5
106.1
106.8
105.5
106.1
104.2
104.8
106.1
106.1
106.1
105.5
104.2
105.5
105.5
106.1
102.9
105.5
105.5
103.5
104.8
107.5
104.2
104.8
104.2
105.5
104.8
104.2
103.5
104.8
104.8
104.8
105.5
102.3
104.2
104.2
102.9
105.5
104.2
103.5
105.5
104.8
104.8
102.9
104.2
102.9
104.2
105.5
105.5
104.2
106.1
104.8
106.8
104.8
104.8
104.8
104.8
104.8
105.5
104.2
104.8
104.8
104.8
104.2
105.5
104.8
105.5
104.8
103.5
104.8
103.5
106.1
104.8
104.8
104.8
104.2
104.8
104.8
104.8
104.8
104.2
104.8
104.2
106.1
103.5
106.1
104.8
104.2
104.8
104.8
104.2
104.8
104.2
104.8
105.5
104.2
104.8
104.2
102.9
104.8
104.2
104.2
104.8
102.9
104.8
104.8
103.5
104.8
104.8
104.8
104.8
103.5
104.8
104.8
104.2
104.8
104.2
104.2
104.2
101.1
106.1
104.2
104.2
108.2
103.5
104.2
104.2
104.8
102.3
104.2
104.8
101.1
104.2
104.2
104.2
104.2
104.8
104.2
104.2
104.8
104.8
104.2
104.2
103.5
104.2
104.8
105.5
104.2
103.5
105.5
104.2
103.5
104.8
104.8
104.2
104.2
104.2
104.8
103.5
104.2
104.2
104.2
104.2
104.8
104.2
104.2
103.5
104.2
103.5
103.5
101.1
103.5
104.2
104.2
104.2
103.5
103.5
103.5
104.2
103.5
104.2
103.5
102.9
103.5
103.5
103.5
104.2
103.5
104.8
104.2
102.9
102.9
103.5
102.9
102.9
103.5
102.9
103.5
103.5
105.5
102.9
102.9
102.9
102.9
104.2
104.2
102.3
104.2
104.2
104.8
102.9
104.2
102.3
103.5
104.8
104.2
104.2
104.8
103.5
102.3
103.5
102.9
102.9
102.9
102.9
102.9
104.2
103.5
102.3
101.1
102.9
101.7
102.3
102.3
102.9
102.9
104.2
102.9
102.9
102.9
103.5
102.9
103.5
102.9
102.9
102.9
101.7
102.9
102.9
103.5
102.9
102.9
106.1
103.5
102.9
104.2
102.9
102.9
102.9
101.7
104.2
100.6
103.5
102.9
102.9
102.9
102.9
102.3
102.3
102.9
102.9
102.3
102.3
102.9
102.9
100.6
102.9
101.7
103.5
102.9
102.9
102.9
102.3
102.3
102.3
102.9
103.5
102.9
100
102.9
105.5
102.9
102.3
102.9
101.7
102.3
102.3
102.9
102.3
102.9
102.3
102.3
102.9
104.8
102.3
102.3
101.7
103.5
102.3
103.5
101.7
101.7
102.3
102.9
102.9
102.3
102.3
102.9
100.6
101.7
101.7
101.7
102.3
103.5
102.3
102.9
104.8
102.3
102.9
103.5
102.3
101.7
102.9
101.7
102.9
102.3
102.3
101.7
101.7
102.9
103.5
102.3
102.3
104.2
101.1
102.9
102.3
102.3
102.9
102.9
102.9
102.9
102.3
101.1
104.2
103.5
102.9
102.3
103.5
102.9
102.9
100.6
104.2
102.9
102.9
102.3
102.3
101.7
102.3
102.3
102.3
102.9
101.7
99.4
103.5
102.3
104.2
103.5
104.2
102.9
102.9
102.9
102.3
102.3
102.9
103.5
102.9
101.7
102.9
102.9
102.9
102.3
103.5
102.9
102.3
102.9
102.9
104.8
101.7
102.9
102.3
105.5
102.9
102.9
102.9
102.9
102.9
101.7
102.3
102.9
104.8
102.9
103.5
102.9
102.9
102.9
102.9
102.9
100
102.9
100.6
102.9
102.9
103.5
102.9
102.9
101.7
103.5
102.9
102.3
102.9
102.3
104.8
102.3
102.9
102.9
103.5
102.3
104.8
102.9
101.7
101.7
104.2
102.9
102.9
101.7
102.9
102.9
101.7
101.7
102.3
103.5
104.2
102.9
103.5
102.3
101.1
103.5
103.5
103.5
102.3
102.3
104.2
102.9
101.7
102.9
103.5
102.3
103.5
102.3
102.9
102.9
102.9
102.3
102.9
101.7
103.5
104.8
102.9
103.5
102.9
101.1
102.9
102.9
104.8
102.3
102.3
102.9
102.9
102.9
102.9
103.5
103.5
102.9
100.6
102.9
102.3
102.9
104.2
102.9
102.9
103.5
102.3
102.3
102.3
101.7
102.9
102.9
102.3
102.9
104.2
102.3
102.9
102.9
100.6
103.5
101.1
104.8
102.3
102.3
101.7
102.3
102.9
102.9
102.9
102.3
102.9
102.9
104.8
102.9
102.9
102.9
102.9
103.5
102.9
102.3
102.9
104.8
102.3
102.9
103.5
102.9
102.9
102.9
102.9
101.1
102.9
102.9
102.9
101.1
101.7
102.9
102.9
102.3
102.3
100.6
101.7
102.3
102.9
102.9
101.7
102.3
102.9
102.9
101.7
101.1
102.3
101.7
102.3
102.3
102.9
102.3
100
102.9
102.3
104.2
102.3
102.3
101.1
101.7
100.6
104.2
102.9
101.7
102.3
102.9
101.7
101.7
101.7
101.7
101.1
102.9
102.9
101.1
101.1
101.7
101.7
101.1
101.7
102.3
101.7
101.7
100
101.7
101.1
101.1
100
101.1
101.7
101.1
101.1
102.3
101.1
102.3
99.4
101.1
98.9
101.1
102.3
102.3
101.1
101.7
101.7
102.9
102.3
101.1
101.7
101.7
101.1
101.1
101.1
101.1
101.7
101.1
100.6
102.3
102.3
100.6
100.6
101.1
101.7
100.6
101.7
102.3
100.6
100.6
101.1
101.7
101.7
101.1
101.1
100.6
101.7
101.1
100.6
104.8
100.6
101.1
101.1
102.9
101.1
104.2
101.7
101.7
100
101.1
101.1
101.7
99.4
101.1
101.1
97.8
105.5
101.7
101.1
100.6
101.1
101.7
100.6
101.7
100.6
101.7
101.7
99.4
98.3
101.1
98.3
101.1
100.6
101.1
101.1
100.6
100.6
100
100.6
101.1
100.6
101.1
100.6
101.1
101.1
101.1
100.6
100
101.1
100.6
101.1
100.6
100.6
100.6
100.6
101.1
98.9
101.1
101.7
100.6
102.3
101.7
100.6
101.1
99.4
100
100.6
101.1
101.1
100.6
101.1
100.6
100.6
100.6
101.1
100
101.1
101.1
100.6
101.7
100.6
100.6
101.1
98.3
100.6
101.1
100.6
101.1
100.6
100.6
101.1
100.6
100.6
100.6
100.6
100.6
100.6
100.6
101.1
102.3
100.6
100.6
100.6
103.5
101.1
100.6
98.9
100.6
100
100
101.1
101.1
100.6
100.6
101.1
100.6
100.6
101.7
100.6
100.6
101.1
100.6
100.6
100.6
101.1
98.9
100
100.6
100.6
99.4
101.1
100.6
99.4
100.6
100
101.1
100.6
100
100.6
100
100.6
99.4
98.9
100
100.6
100
100
100.6
100.6
100.6
100
102.3
100.6
100
100.6
100.6
100.6
103.5
100
98.9
100
100.6
100.6
100.6
100
101.1
100.6
99.4
100
100
100
100
100
100.6
100.6
100.6
100.6
100
100.6
98.9
99.4
100.6
100
100
100.6
101.1
101.1
99.4
98.9
96.8
100.6
100.6
100
100
100.6
101.1
97.8
102.3
100.6
100.6
99.4
100.6
100
100.6
100.6
101.1
101.1
100
100.6
102.9
100.6
100.6
98.9
100
100
100.6
100
100.6
100
98.9
100.6
100.6
100.6
100.6
100.6
101.1
100
100
101.1
100
101.1
100.6
100.6
100.6
101.1
101.1
99.4
100
100
101.1
100.6
100.6
100.6
101.1
100.6
100.6
98.9
100.6
100.6
99.4
100
99.4
100
100
100.6
100
100
100.6
97.8
100
100.6
100.6
101.7
100.6
102.9
99.4
100
100.6
100
100.6
100
100.6
100.6
100
100.6
100.6
100.6
100
100
100
100
101.1
100
100
102.9
100.6
100
100.6
101.1
101.1
100
100
100.6
99.4
100
100.6
98.3
100.6
100
100.6
100
100.6
98.9
100.6
99.4
98.9
97.3
100
100.6
101.7
100
100.6
101.1
100
101.7
100
100.6
99.4
100
102.3
98.9
100
98.9
100
100
100
100.6
99.4
99.4
100.6
100
98.3
100
98.9
98.3
99.4
102.9
100
100.6
100
101.1
100
100
101.1
100
98.9
100.6
99.4
103.5
100.6
99.4
100
99.4
100
99.4
97.8
96.8
100.6
100
99.4
99.4
99.4
99.4
100
99.4
98.9
99.4
100
102.3
99.4
98.3
99.4
100
100
98.3
99.4
100.6
100
100
99.4
98.3
100
99.4
99.4
98.9
98.3
100
100
99.4
98.9
99.4
100.6
97.3
99.4
99.4
99.4
97.3
98.9
98.9
99.4
99.4
98.9
99.4
99.4
99.4
98.9
99.4
102.3
100.6
101.7
98.9
98.9
101.7
100
100.6
100
98.9
100
98.9
100
97.8
99.4
99.4
100
98.9
99.4
97.8
98.3
98.3
98.9
98.9
98.3
98.3
99.4
100
99.4
98.9
99.4
100
99.4
99.4
102.3
101.1
98.9
99.4
98.9
96.8
100
100
99.4
96.8
99.4
98.9
99.4
100
99.4
100.6
100
99.4
99.4
100
102.3
100
99.4
97.8
99.4
100
98.9
99.4
99.4
99.4
98.9
98.9
100
98.9
98.9
97.8
99.4
99.4
99.4
102.9
98.3
99.4
99.4
98.9
102.9
99.4
99.4
99.4
100
96.8
100
99.4
99.4
100
97.3
99.4
101.1
100.6
99.4
99.4
98.9
98.9
99.4
99.4
101.7
99.4
98.9
100
102.3
98.9
98.9
99.4
99.4
99.4
97.8
99.4
98.9
102.3
98.9
98.9
99.4
98.9
99.4
100
99.4
98.9
100
99.4
99.4
99.4
99.4
99.4
98.3
99.4
100
98.9
101.1
98.9
99.4
98.9
100
101.1
101.1
100
99.4
99.4
97.8
100
100
99.4
100
98.3
101.1
99.4
98.9
102.3
98.3
98.9
98.9
98.3
100
99.4
98.9
99.4
100.6
98.9
99.4
99.4
95.8
99.4
98.9
100
99.4
98.3
98.3
99.4
99.4
99.4
99.4
99.4
99.4
99.4
99.4
97.8
100
96.3
98.9
102.3
98.9
98.9
100.6
96.8
97.3
98.9
100.6
97.8
101.1
98.3
97.8
99.4
99.4
99.4
101.1
99.4
100.6
99.4
98.9
99.4
100
98.9
99.4
98.9
98.9
99.4
99.4
99.4
99.4
99.4
98.9
99.4
100
99.4
99.4
99.4
99.4
98.9
100
98.9
96.8
100.6
100.6
99.4
101.1
100.6
100
99.4
99.4
99.4
100
101.1
99.4
99.4
100.6
98.9
97.8
100
98.3
98.9
98.9
98.9
99.4
98.9
100.6
100.6
99.4
98.9
102.9
99.4
98.3
99.4
102.9
99.4
98.9
98.9
98.9
99.4
99.4
99.4
102.9
98.9
99.4
103.5
99.4
101.1
98.9
99.4
97.8
99.4
98.9
97.8
99.4
98.9
98.3
98.3
98.9
98.9
98.9
99.4
101.1
99.4
99.4
98.3
96.3
96.8
99.4
99.4
99.4
102.9
99.4
99.4
98.3
99.4
98.9
100.6
98.9
99.4
98.9
96.8
99.4
98.9
99.4
99.4
100
99.4
101.7
99.4
96.8
99.4
100
100
98.3
101.7
98.9
99.4
98.9
98.9
99.4
98.9
99.4
98.9
99.4
98.3
98.9
101.7
98.9
98.9
99.4
98.3
99.4
101.1
100
98.9
98.3
98.3
98.3
98.9
98.3
98.9
98.3
99.4
98.3
98.3
98.9
98.9
98.9
98.9
98.9
99.4
100
98.9
99.4
100
98.3
99.4
100
97.8
100.6
98.3
97.3
97.8
98.9
98.3
98.3
98.3
98.3
98.3
98.9
98.3
98.9
97.8
100
99.4
97.8
98.3
98.9
98.3
98.3
98.3
98.9
97.8
98.3
98.9
98.3
98.3
98.3
98.9
98.9
98.3
98.3
98.3
98.9
98.3
99.4
98.3
98.3
98.3
98.9
98.3
98.9
98.3
98.3
97.8
98.9
98.3
97.8
95.8
98.3
97.3
98.9
98.3
98.3
98.9
100
98.3
100
98.9
100
98.9
98.9
97.8
98.9
97.8
98.9
98.9
97.3
98.3
98.3
98.3
96.8
96.8
98.9
98.3
98.3
98.9
97.3
98.3
98.3
98.3
97.8
98.9
98.9
100
97.8
98.9
98.9
98.3
98.3
97.8
100
97.8
97.3
98.3
98.9
100
97.3
97.8
97.8
97.8
97.8
101.7
98.3
98.3
98.9
98.3
97.8
98.3
98.3
98.9
101.7
98.3
98.3
99.4
96.8
97.8
96.8
98.9
97.3
97.3
98.9
97.8
97.8
98.3
97.8
97.8
98.3
97.8
99.4
98.3
98.9
97.8
97.8
99.4
97.8
97.8
97.3
97.8
96.8
98.3
98.3
97.8
97.8
97.8
98.3
98.9
97.3
97.8
98.3
98.3
97.8
97.3
97.3
97.3
97.3
97.3
97.3
97.8
94.8
97.8
98.3
97.8
100.6
97.8
98.3
97.8
96.8
97.3
95.3
97.3
96.8
96.8
97.3
98.3
97.3
96.8
96.8
96.8
93.9
94.8
98.9
97.3
96.8
97.3
97.3
97.8
96.8
97.3
98.9
96.8
96.8
96.8
98.3
96.8
96.8
96.8
97.8
95.8
96.8
97.3
93.9
98.9
96.8
97.3
96.8
96.8
96.8
96.8
97.3
97.8
96.3
94.8
96.8
95.8
93.9
96.3
97.3
98.9
96.8
96.3
94.8
96.3
96.8
96.3
96.3
97.3
96.8
95.8
96.8
96.8
96.8
96.8
96.8
96.3
95.8
96.3
95.3
97.8
95.8
94.8
96.3
97.3
97.3
97.3
96.3
96.3
93.9
96.3
96.3
95.8
94.3
96.3
96.3
95.3
95.8
97.8
97.3
95.3
96.3
95.8
95.8
95.3
95.8
95.8
96.3
95.8
94.8
95.8
96.8
95.3
95.3
95.8
95.8
98.9
95.8
96.3
95.8
93.4
95.3
94.3
96.3
95.8
95.3
95.3
95.8
94.3
95.8
95.8
94.3
96.3
95.8
95.8
95.8
95.8
95.3
97.3
95.8
97.3
96.3
95.8
96.8
95.8
94.8
95.8
95.3
95.8
96.3
96.8
95.8
95.8
95.8
95.3
95.8
97.3
93.9
95.3
95.8
95.8
95.3
94.3
95.8
95.8
95.8
95.3
96.3
95.8
96.8
96.3
96.3
92.9
95.8
95.8
95.3
95.3
94.8
95.8
95.3
95.3
95.8
94.8
95.3
92.9
95.3
95.8
95.8
95.3
94.8
95.8
96.3
95.3
95.3
95.3
96.8
95.8
96.3
96.3
96.8
93.4
95.8
95.3
94.8
95.3
95.8
95.3
95.3
95.8
95.3
96.3
95.3
95.3
93.4
96.8
95.3
95.8
94.3
95.3
95.3
96.3
94.8
94.3
94.3
95.3
95.3
95.3
95.3
95.8
95.3
95.8
96.3
94.8
95.3
95.3
95.3
95.3
93.9
95.3
95.8
94.8
94.8
94.8
95.3
95.8
94.8
95.3
95.3
94.8
95.3
95.3
96.3
95.3
95.3
95.8
94.8
93.9
94.8
92.1
94.3
95.3
95.3
95.3
94.3
94.3
95.8
94.3
95.3
95.3
94.8
95.3
94.8
94.3
95.8
97.3
94.8
95.3
95.3
94.3
94.8
95.3
95.8
96.8
96.3
95.3
95.8
95.3
95.3
93.9
98.3
95.3
93.9
95.3
94.8
95.3
96.3
92.5
93.9
95.3
95.8
94.8
94.8
94.3
95.3
94.8
95.3
94.8
95.8
94.8
95.3
96.3
93.9
94.8
95.3
93.9
94.8
94.8
97.3
94.8
94.3
94.8
93.9
92.9
94.3
94.8
93.9
96.3
94.3
95.3
95.3
97.3
97.3
94.8
94.8
95.3
95.3
94.3
95.3
94.3
95.3
95.3
94.8
96.8
95.3
95.3
95.8
95.3
93.4
95.3
94.8
95.3
94.8
94.8
94.3
94.8
94.8
95.3
94.3
95.3
95.3
92.9
95.3
95.3
94.8
94.3
95.3
94.8
94.8
96.3
95.3
94.8
94.8
94.8
95.3
94.8
95.8
95.3
94.3
94.8
94.8
95.3
95.3
95.3
94.3
98.3
94.8
93.4
95.3
94.8
97.3
94.8
95.3
96.3
95.3
96.3
95.8
95.3
94.8
95.3
94.8
94.8
95.3
94.8
97.3
95.8
94.8
94.8
94.8
93.9
94.8
94.8
94.8
95.8
94.8
95.3
93.4
94.8
94.3
95.8
94.8
94.8
95.8
94.8
95.3
94.3
94.8
95.3
92.5
95.3
96.3
95.3
95.8
94.3
94.8
92.5
94.8
94.8
92.1
94.3
94.8
94.8
94.3
94.3
94.3
94.3
94.3
94.8
95.3
95.8
95.3
94.3
94.8
95.3
94.8
94.8
94.8
94.8
95.3
93.4
94.3
93.4
94.8
93.9
93.4
94.8
94.8
94.8
95.3
94.3
94.8
94.3
97.8
95.3
94.8
95.3
94.8
94.8
93.9
95.3
94.8
94.8
93.4
93.9
93.9
94.3
92.1
94.3
94.8
94.8
94.3
93.4
94.3
91.2
94.8
93.4
94.8
95.3
94.8
94.8
94.8
97.3
94.3
94.8
95.3
94.8
95.8
94.8
92.9
94.8
94.3
95.3
95.8
94.8
94.3
94.8
94.8
94.8
93.9
94.3
95.8
96.3
94.3
94.8
94.8
95.3
94.3
94.3
94.3
94.8
95.3
94.8
94.3
93.4
94.3
94.8
93.4
94.3
94.3
92.9
93.9
94.3
95.8
94.3
96.3
95.3
94.8
94.3
93.4
94.3
94.3
94.3
96.8
94.3
94.3
92.9
93.9
94.3
94.3
94.3
94.3
93.9
94.8
94.8
94.3
93.4
94.3
93.9
94.3
94.8
93.9
94.8
93.9
94.3
93.9
94.3
94.3
93.9
93.4
94.3
93.9
95.8
91.2
92.1
94.3
93.9
93.9
93.4
93.4
93.9
92.5
93.9
93.9
93.9
92.9
95.3
92.9
92.5
93.4
93.4
94.3
93.4
93.9
93.9
92.9
93.9
92.1
93.4
93.9
93.9
93.9
93.9
93.9
93.4
93.4
91.2
94.3
93.4
93.4
93.9
92.9
92.9
93.9
92.9
93.9
93.4
92.5
95.8
93.9
93.4
92.9
93.4
93.4
93.4
93.9
93.4
93.4
93.4
93.4
93.4
93.4
94.8
94.3
92.1
93.4
91.2
92.9
93.4
92.9
94.8
92.9
92.5
92.9
93.4
93.4
93.4
93.9
94.3
93.4
94.3
93.4
92.9
92.5
91.6
92.9
93.4
93.4
92.9
93.4
94.3
92.9
93.4
93.4
92.1
92.9
91.2
93.4
92.9
93.9
92.9
92.1
93.4
93.4
93.4
93.4
92.5
92.9
94.8
93.4
94.3
92.9
93.4
93.4
91.6
93.9
93.9
93.4
93.4
91.6
92.9
92.9
93.4
93.9
92.9
92.9
92.9
92.9
92.9
93.4
92.9
90.8
93.4
92.9
92.9
92.9
91.6
92.5
92.9
93.9
92.9
92.5
92.9
92.1
92.9
92.9
94.3
93.4
93.4
93.4
92.5
92.5
90.3
92.9
92.9
92.9
92.5
92.5
92.9
93.9
92.5
92.5
92.5
93.4
92.9
92.5
92.5
92.9
92.9
92.5
92.9
92.9
91.2
92.9
92.1
92.5
92.9
92.9
92.9
92.9
92.5
92.5
92.9
92.9
92.1
92.5
92.9
92.9
93.9
92.5
92.5
92.1
93.4
92.5
90.3
92.5
92.9
92.9
92.5
92.5
92.9
92.5
93.9
92.5
92.9
95.3
92.5
92.9
91.6
92.5
92.1
92.5
92.1
92.5
92.5
92.9
90.8
92.5
92.5
92.5
92.5
92.5
92.5
92.5
92.1
92.5
92.5
92.5
92.5
92.9
92.9
92.5
92.5
92.9
92.9
92.9
91.6
92.5
93.4
92.1
93.4
92.5
92.1
93.9
92.5
92.9
91.2
92.9
92.5
94.3
91.6
92.1
92.5
92.5
92.1
94.3
92.5
93.9
92.9
92.5
92.1
92.1
88.7
94.3
91.2
92.1
92.5
92.5
92.5
92.1
92.5
90.8
92.1
92.5
91.2
91.6
92.9
93.9
93.9
92.1
92.5
92.1
92.5
92.1
92.1
92.1
89.1
92.5
92.1
92.1
92.1
90.8
92.5
92.1
91.6
91.6
89.5
92.5
91.6
91.6
92.1
92.5
91.2
91.6
91.6
91.6
91.2
90.3
91.6
91.2
91.6
91.6
91.6
91.6
91.2
91.6
91.6
91.2
91.6
90.8
91.2
91.6
91.6
91.6
91.2
91.2
91.6
91.6
91.2
91.2
92.1
91.2
91.2
89.5
91.6
92.1
89.9
92.1
90.8
91.2
90.8
90.8
91.6
90.8
90.8
91.2
91.2
90.8
90.3
92.1
91.2
91.2
90.3
89.5
91.2
90.8
93.4
90.8
90.3
91.2
91.2
91.2
90.8
92.1
91.2
91.2
90.8
92.5
90.8
92.1
90.8
90.3
90.8
90.8
90.8
90.8
89.9
91.6
89.5
92.1
89.5
91.6
90.3
89.1
91.2
90.3
90.3
89.9
89.9
90.3
90.3
90.3
91.2
90.3
89.5
91.6
89.9
90.8
89.9
91.2
90.8
90.3
90.3
90.3
90.3
91.6
89.5
90.8
90.3
92.1
90.3
91.6
90.8
89.5
90.8
89.9
91.2
89.5
90.8
89.9
93.4
89.9
90.8
89.9
90.8
90.3
90.3
89.9
90.8
89.5
92.1
89.9
90.8
89.9
89.1
90.8
91.6
89.5
90.8
89.9
90.8
89.9
90.8
89.9
92.5
89.5
90.8
89.5
90.3
89.1
90.3
89.5
90.8
89.9
90.3
89.5
90.3
90.3
89.5
90.8
89.5
91.2
89.9
90.8
89.5
90.8
89.5
90.3
89.9
90.3
89.5
90.8
88.3
90.3
89.9
90.8
89.9
91.6
89.1
90.8
91.2
89.9
90.3
89.9
90.8
89.9
90.8
89.5
90.3
89.5
90.3
89.5
92.1
91.2
88.7
90.3
89.5
89.9
89.9
90.3
89.1
90.3
89.1
90.3
89.1
89.5
92.5
89.1
90.3
89.1
90.3
89.1
90.3
89.5
90.3
89.1
89.9
89.9
89.5
92.9
89.5
89.9
89.9
89.9
90.8
89.1
89.9
89.9
89.5
89.9
91.2
89.1
90.8
89.1
89.9
89.9
90.3
90.8
89.1
91.2
89.1
90.8
89.1
89.5
89.9
88.7
90.3
88.3
90.8
90.3
89.1
90.3
89.1
89.9
89.9
89.9
89.9
89.9
89.5
90.8
89.1
90.8
89.5
89.9
88.7
90.3
89.1
90.3
88.3
89.9
89.5
89.9
89.9
90.3
88.7
90.3
89.5
90.3
88.3
89.9
90.3
88.7
89.9
90.3
89.5
91.6
89.1
89.9
90.3
87.2
89.9
90.3
89.5
90.8
89.1
91.6
89.9
90.3
89.5
90.8
88.3
89.9
90.8
89.1
91.6
91.6
89.5
90.8
89.9
90.3
89.5
92.1
88.3
89.9
89.9
90.3
89.1
90.3
89.1
90.8
87.2
89.9
87.9
90.3
89.9
90.3
88.3
90.3
89.9
90.8
89.1
89.5
89.9
91.2
89.1
90.3
89.1
89.5
89.9
89.9
89.5
89.9
89.5
90.3
89.1
90.8
88.7
89.5
89.5
89.5
89.5
89.9
90.3
89.1
89.5
89.9
89.5
89.5
89.9
89.1
90.3
88.3
89.5
89.5
89.5
89.5
89.9
89.5
89.1
90.8
88.3
89.5
89.5
88.3
89.1
89.1
89.1
89.1
89.5
89.5
89.1
89.5
87.9
87.9
89.5
89.5
91.6
87.9
89.5
88.7
89.5
89.1
90.3
87.9
89.1
89.1
89.1
89.1
88.7
89.9
89.5
90.8
88.3
89.5
89.5
89.1
89.1
89.1
88.3
89.5
89.1
89.1
88.3
88.7
89.1
88.7
88.3
89.9
88.7
90.3
88.3
89.5
89.5
89.1
89.1
89.1
89.5
88.7
89.5
90.8
88.7
89.9
87.9
88.3
88.7
88.3
89.1
89.1
88.7
89.1
88.7
88.3
89.1
89.1
89.1
89.1
89.1
87.9
90.3
87.9
88.7
87.9
88.7
88.7
88.7
89.1
88.7
88.7
89.1
88.7
88.3
89.1
88.7
88.7
89.1
87.5
88.3
87.9
89.9
88.7
88.3
87.9
88.3
89.9
88.7
88.3
88.7
88.3
88.7
88.3
88.7
88.7
88.3
89.1
86.8
88.7
89.1
88.3
87.9
87.9
90.8
87.9
88.7
88.3
87.2
88.7
87.5
87.9
88.3
88.3
89.1
87.9
88.3
88.7
88.7
86.4
86.8
87.9
88.3
88.3
88.3
88.3
87.9
88.3
87.9
87.9
88.7
87.9
87.5
88.3
89.9
88.7
88.3
87.5
87.5
87.9
88.3
88.3
87.5
89.1
86.4
85.3
89.1
87.9
88.3
88.3
87.9
88.7
88.3
88.3
87.9
87.9
88.7
88.3
88.3
87.9
88.3
88.3
88.3
87.9
87.9
88.3
88.3
88.3
88.3
88.3
89.5
87.9
88.3
88.7
88.7
87.9
88.3
87.9
87.5
87.9
88.3
88.3
88.3
88.7
88.3
88.3
89.9
88.7
88.3
88.3
88.7
87.9
89.5
89.1
89.9
87.9
87.9
89.1
87.2
87.5
88.3
89.1
88.3
88.7
90.3
87.9
88.3
87.2
88.3
88.7
87.9
88.3
88.7
88.3
89.1
87.9
87.9
88.3
88.7
88.7
88.7
88.7
88.7
88.7
88.7
89.5
88.3
88.3
88.7
88.7
88.7
88.7
88.7
88.7
87.9
90.3
87.5
88.7
87.9
86.8
89.9
89.1
88.7
88.7
88.7
88.7
88.7
89.1
88.7
88.7
88.7
89.5
88.7
90.3
88.3
89.1
88.7
88.7
89.5
89.1
89.1
89.1
87.2
89.5
89.1
89.1
89.5
88.7
89.1
89.1
89.9
90.3
86
87.2
89.5
89.1
90.8
89.1
89.5
89.5
89.5
89.1
89.5
89.1
89.1
89.5
89.1
89.5
89.9
89.1
89.1
89.1
89.5
89.5
89.1
90.8
87.9
88.7
89.9
90.3
88.7
89.5
89.5
91.6
88.7
90.3
88.7
89.9
92.5
89.9
89.5
89.5
89.5
90.3
88.7
90.3
90.3
89.1
89.9
89.1
89.5
89.5
90.3
87.9
89.5
88.7
90.3
89.1
89.5
89.5
90.3
88.7
90.3
89.1
89.9
89.9
89.9
89.9
89.5
90.3
89.5
89.9
90.8
89.5
90.3
89.1
90.3
89.5
88.7
90.3
88.3
88.3
91.2
89.5
90.3
89.1
88.7
89.5
89.9
89.9
89.9
90.3
88.7
89.9
90.3
89.5
90.3
89.9
89.9
90.8
89.5
90.3
89.5
88.7
90.3
89.5
90.8
89.9
91.2
89.5
90.8
89.5
92.9
89.9
90.3
89.1
90.8
89.5
90.3
89.5
91.6
89.9
90.3
90.8
90.8
89.9
91.6
89.9
91.6
89.1
91.2
89.9
e
