6.02 -15.00 0.0
8.59 -15.00 0.1
10.91 -15.00 0.1
13.00 -15.00 0.1
14.86 -15.00 0.1
16.55 -15.00 0.0
18.08 -12.12 0.0
19.44 -14.80 0.0
20.68 -11.81 0.0
21.78 -10.65 0.0
22.77 -9.79 0.0
23.66 -11.55 0.0
24.47 -8.49 0.0
25.20 -8.83 0.0
25.85 -9.10 0.0
26.45 -7.54 0.0
26.98 -7.74 0.0
27.45 -5.69 0.0
27.88 -6.65 0.0
28.26 -5.97 0.0
28.60 -5.10 0.0
28.92 -4.97 0.0
29.20 -4.68 0.0
29.46 -4.73 0.0
29.68 -3.73 0.0
29.89 -4.21 0.0
30.07 -3.78 0.0
30.24 -3.60 0.0
30.39 -3.45 0.0
30.52 -3.11 0.0
30.63 -3.09 0.0
30.75 -3.17 0.0
30.84 -2.72 0.0
30.93 -2.95 0.0
31.01 -2.60 0.0
31.08 -2.76 0.0
31.15 -2.66 0.0
31.21 -2.59 0.0
31.26 -2.33 0.0
31.30 -2.31 0.0
31.34 -2.24 0.0
31.38 -2.42 0.0
31.41 -2.15 0.0
31.44 -2.16 0.0
31.46 -2.13 0.0
31.49 -2.27 0.0
31.51 -2.08 0.0
31.53 -2.06 0.0
31.55 -2.20 0.0
31.57 -2.22 0.0
31.59 -2.15 0.0
31.61 -2.24 0.0
31.62 -2.11 0.0
31.63 -1.95 0.0
31.64 -2.15 0.0
31.66 -2.07 0.0
31.67 -2.12 0.0
31.67 -1.84 0.0
31.67 -1.99 0.0
31.67 -1.84 0.0
31.67 -1.84 0.0
31.67 -1.91 0.0
31.67 -1.91 0.0
31.68 -2.11 0.0
31.68 -1.82 0.0
31.69 -2.03 0.0
31.69 -1.98 0.0
31.69 -2.02 0.0
31.70 -2.09 0.0
31.70 -1.88 0.0
31.70 -1.89 0.0
31.69 -1.81 0.0
31.70 -2.01 0.0
31.70 -1.97 0.0
31.70 -1.80 0.0
31.69 -1.89 0.0
31.69 -1.81 0.0
31.69 -1.89 0.0
31.70 -2.09 0.0
31.70 -1.80 0.0
31.70 -2.08 0.0
31.70 -1.88 0.0
31.71 -2.08 0.0
31.70 -1.79 0.0
31.71 -2.00 0.0
31.71 -1.96 0.0
31.70 -1.79 0.0
31.70 -1.88 0.0
31.70 -1.88 0.0
31.69 -1.80 0.0
31.69 -1.89 0.0
31.69 -1.81 0.0
31.70 -2.16 0.0
31.70 -1.80 0.0
31.69 -1.89 0.0
31.69 -1.81 0.0
31.69 -1.89 0.0
31.69 -1.89 0.0
31.69 -1.81 0.0
31.69 -1.90 0.0
31.68 -1.90 0.0
31.69 -2.03 0.0
31.70 -2.09 0.0
31.70 -1.88 0.0
31.70 -2.08 0.0
31.70 -1.80 0.0
31.70 -1.80 0.0
31.70 -1.97 0.0
31.69 -1.81 0.0
31.69 -1.89 0.0
31.69 -1.81 0.0
31.69 -1.98 0.0
31.70 -2.02 0.0
31.69 -1.81 0.0
31.69 -1.89 0.0
31.69 -1.89 0.0
31.69 -1.89 0.0
31.69 -1.81 0.0
31.69 -2.09 0.0
31.69 -1.89 0.0
31.69 -1.81 0.0
31.70 -2.09 0.0
31.70 -1.89 0.0
31.69 -1.89 0.0
31.69 -1.81 0.0
31.69 -1.81 0.0
31.69 -1.97 0.0
31.69 -1.81 0.0
31.69 -1.90 0.0
31.68 -1.82 0.0
31.68 -1.90 0.0
31.68 -1.90 0.0
31.69 -2.03 0.0
31.70 -2.09 0.0
31.70 -1.89 0.0
31.69 -1.89 0.0
31.69 -1.81 0.0
31.69 -1.89 0.0
31.69 -1.89 0.0
31.69 -1.81 0.0
31.69 -1.90 0.0
31.68 -1.90 0.0
31.69 -2.03 0.0
31.69 -1.89 0.0
31.69 -1.81 0.0
31.69 -1.98 0.0
31.70 -2.02 0.0
31.69 -1.81 0.0
31.69 -1.89 0.0
31.69 -1.89 0.0
31.69 -1.89 0.0
31.69 -1.81 0.0
31.68 -1.98 0.0
31.68 -1.82 0.0
31.68 -1.82 0.0
31.68 -1.90 0.0
31.68 -1.90 0.0
31.68 -1.90 0.0
31.68 -1.82 0.0
31.69 -2.03 0.0
31.69 -1.98 0.0
31.69 -1.82 0.0
31.68 -1.90 0.0
31.68 -1.82 0.0
31.68 -1.98 0.0
31.68 -1.82 0.0
31.68 -1.82 0.0
31.68 -1.98 0.0
31.68 -1.82 0.0
31.69 -2.10 0.0
31.69 -1.81 0.0
31.69 -1.90 0.0
31.68 -1.90 0.0
31.67 -1.61 0.0
31.67 -1.91 0.0
31.67 -1.91 0.0
31.67 -1.91 0.0
31.67 -1.83 0.0
31.67 -1.83 0.0
31.67 -1.99 0.0
31.67 -1.83 0.0
31.67 -1.91 0.0
31.67 -1.91 0.0
31.67 -1.83 0.0
31.67 -1.91 0.0
31.67 -1.83 0.0
31.67 -1.99 0.0
31.67 -1.83 0.0
31.67 -1.83 0.0
31.67 -1.91 0.0
31.67 -1.91 0.0
31.67 -1.91 0.0
31.67 -1.83 0.0
31.67 -1.91 0.0
31.67 -1.91 0.0
31.67 -1.83 0.0
31.67 -1.91 0.0
31.67 -1.91 0.0
31.67 -1.91 0.0
31.67 -1.83 0.0
31.67 -1.83 0.0
31.67 -1.99 0.0
31.67 -1.83 0.0
31.67 -1.91 0.0
31.67 -1.83 0.0
31.67 -1.99 0.0
31.67 -1.83 0.0
31.67 -1.83 0.0
31.66 -1.71 0.0
31.66 -1.92 0.0
31.67 -1.92 0.0
31.67 -1.84 0.0
31.67 -1.84 0.0
31.67 -1.99 0.0
31.67 -1.84 0.0
31.67 -1.91 0.0
31.67 -1.91 0.0
31.67 -1.83 0.0
31.68 -2.11 0.0
31.68 -1.82 0.0
31.68 -1.98 0.0
31.68 -1.83 0.0
31.68 -1.91 0.0
31.68 -1.83 0.0
31.68 -1.91 0.0
31.68 -1.91 0.0
31.68 -1.83 0.0
31.68 -1.91 0.0
31.68 -1.91 0.0
31.68 -1.83 0.0
31.68 -2.10 0.0
31.68 -1.90 0.0
31.68 -1.90 0.0
31.68 -1.82 0.0
31.68 -1.90 0.0
31.68 -1.90 0.0
31.68 -1.82 0.0
31.68 -1.90 0.0
31.68 -1.82 0.0
31.68 -1.98 0.0
31.68 -1.83 0.0
31.68 -1.83 0.0
31.68 -1.91 0.0
31.68 -1.91 0.0
31.68 -1.91 0.0
31.68 -1.83 0.0
31.68 -1.99 0.0
31.67 -1.83 0.0
31.67 -1.83 0.0
31.67 -1.91 0.0
31.67 -1.91 0.0
31.67 -1.91 0.0
31.67 -1.83 0.0
31.67 -1.83 0.0
31.67 -1.99 0.0
31.67 -1.83 0.0
31.67 -1.91 0.0
31.67 -1.83 0.0
31.67 -1.91 0.0
31.67 -1.91 0.0
31.67 -1.83 0.0
31.67 -1.91 0.0
31.67 -1.91 0.0
31.67 -1.91 0.0
31.67 -1.83 0.0
31.67 -1.91 0.0
31.67 -1.91 0.0
31.67 -1.83 0.0
31.67 -1.91 0.0
31.67 -1.91 0.0
31.67 -1.83 0.0
31.67 -1.91 0.0
31.67 -1.83 0.0
31.67 -1.99 0.0
31.67 -1.83 0.0
31.67 -1.91 0.0
31.67 -1.83 0.0
31.67 -1.91 0.0
31.67 -1.91 0.0
31.67 -1.83 0.0
31.67 -1.99 0.0
31.67 -1.83 0.0
31.67 -1.83 0.0
31.67 -1.91 0.0
31.67 -1.91 0.0
31.67 -1.91 0.0
31.67 -1.83 0.0
31.67 -1.83 0.0
31.67 -1.99 0.0
31.67 -1.83 0.0
31.67 -1.91 0.0
31.67 -1.83 0.0
31.67 -1.99 0.0
31.67 -1.83 0.0
31.67 -1.83 0.0
31.67 -1.99 0.0
31.67 -1.83 0.0
31.67 -1.91 0.0
31.67 -1.83 0.0
31.66 -1.71 0.0
31.66 -1.92 0.0
31.67 -1.84 0.0
31.67 -1.92 0.0
31.67 -1.92 0.0
31.67 -1.92 0.0
31.67 -1.84 0.0
31.67 -1.84 0.0
31.67 -1.99 0.0
31.67 -1.83 0.0
31.67 -1.91 0.0
31.66 -1.72 0.0
31.66 -1.84 0.0
31.66 -1.92 0.0
31.66 -1.84 0.0
31.66 -1.81 0.0
31.66 -1.85 0.0
31.66 -1.92 0.0
31.66 -1.85 0.0
31.66 -1.92 0.0
31.66 -1.92 0.0
31.65 -1.64 0.0
31.66 -1.93 0.0
31.65 -1.73 0.0
31.65 -1.86 0.0
31.64 -1.73 0.0
31.65 -1.94 0.0
31.65 -1.93 0.0
31.66 -2.06 0.0
31.65 -1.64 0.0
31.65 -1.82 0.0
31.65 -1.86 0.0
31.65 -1.93 0.0
31.64 -1.65 0.0
31.65 -2.01 0.0
31.65 -1.86 0.0
31.65 -1.86 0.0
31.65 -1.93 0.0
31.66 -1.93 0.0
31.65 -1.73 0.0
31.65 -1.86 0.0
31.65 -1.86 0.0
31.65 -2.00 0.0
31.65 -1.64 0.0
31.65 -1.93 0.0
31.64 -1.74 0.0
31.65 -1.94 0.0
31.64 -1.65 0.0
31.64 -1.87 0.0
31.65 -2.01 0.0
31.65 -1.86 0.0
31.64 -1.74 0.0
31.64 -1.87 0.0
31.65 -1.94 0.0
31.65 -1.93 0.0
31.65 -1.86 0.0
31.65 -1.93 0.0
31.65 -1.73 0.0
31.65 -1.93 0.0
31.65 -1.86 0.0
31.65 -1.93 0.0
31.65 -1.73 0.0
31.65 -1.86 0.0
31.65 -1.93 0.0
31.65 -1.93 0.0
31.66 -1.85 0.0
31.65 -1.73 0.0
31.65 -1.86 0.0
31.65 -2.01 0.0
31.65 -1.85 0.0
31.66 -1.85 0.0
31.66 -1.92 0.0
31.66 -1.92 0.0
31.65 -1.73 0.0
31.65 -1.85 0.0
31.65 -1.82 0.0
31.65 -1.86 0.0
31.64 -1.65 0.0
31.65 -1.94 0.0
31.65 -1.94 0.0
31.64 -1.74 0.0
31.63 -1.66 0.0
31.64 -1.87 0.0
31.64 -2.02 0.0
31.65 -1.86 0.0
31.65 -1.94 0.0
31.64 -1.65 0.0
31.63 -1.83 0.0
31.63 -1.67 0.0
31.63 -1.88 0.0
31.63 -1.83 0.0
31.63 -1.88 0.0
31.64 -1.95 0.0
31.64 -1.87 0.0
31.64 -1.94 0.0
31.65 -1.94 0.0
31.65 -1.86 0.0
31.65 -1.93 0.0
31.64 -1.73 0.0
31.65 -1.86 0.0
31.65 -1.93 0.0
31.64 -1.65 0.0
31.65 -2.01 0.0
31.65 -1.86 0.0
31.65 -1.93 0.0
31.65 -1.85 0.0
31.66 -1.93 0.0
31.66 -1.93 0.0
31.65 -1.64 0.0
31.64 -1.82 0.0
31.64 -1.66 0.0
31.64 -1.87 0.0
31.63 -1.74 0.0
31.63 -1.75 0.0
31.62 -1.76 0.0
31.63 -1.89 0.0
31.63 -1.95 0.0
31.64 -1.95 0.0
31.64 -1.87 0.0
31.63 -1.74 0.0
31.63 -1.67 0.0
31.63 -2.02 0.0
31.63 -1.67 0.0
31.63 -1.88 0.0
31.64 -2.02 0.0
31.64 -1.87 0.0
31.63 -1.74 0.0
31.64 -1.87 0.0
31.63 -1.83 0.0
31.63 -1.67 0.0
31.63 -1.88 0.0
31.64 -1.95 0.0
31.63 -1.75 0.0
31.63 -1.95 0.0
31.63 -1.67 0.0
31.62 -1.67 0.0
31.63 -2.03 0.0
31.62 -1.67 0.0
31.63 -1.96 0.0
31.63 -1.95 0.0
31.64 -1.87 0.0
31.63 -1.75 0.0
31.63 -1.67 0.0
31.63 -2.03 0.0
31.63 -1.67 0.0
31.63 -1.95 0.0
31.62 -1.67 0.0
31.63 -1.95 0.0
31.62 -1.75 0.0
31.62 -1.68 0.0
31.63 -1.96 0.0
31.62 -1.76 0.0
31.63 -1.89 0.0
31.63 -1.95 0.0
31.63 -1.67 0.0
31.63 -2.03 0.0
31.63 -1.67 0.0
31.62 -1.76 0.0
31.62 -1.76 0.0
31.61 -1.69 0.0
31.62 -1.97 0.0
31.61 -1.68 0.0
31.62 -2.03 0.0
31.62 -1.68 0.0
31.62 -1.89 0.0
31.63 -1.96 0.0
31.62 -1.76 0.0
31.62 -1.76 0.0
31.62 -1.89 0.0
31.62 -1.68 0.0
31.61 -1.84 0.0
31.61 -1.69 0.0
31.61 -1.77 0.0
31.61 -1.97 0.0
31.61 -1.77 0.0
31.62 -1.90 0.0
31.61 -1.69 0.0
31.61 -1.85 0.0
31.62 -1.90 0.0
31.61 -1.77 0.0
31.61 -1.69 0.0
31.61 -1.77 0.0
31.61 -1.97 0.0
31.61 -1.69 0.0
31.61 -1.77 0.0
31.60 -1.78 0.0
31.60 -1.78 0.0
31.60 -1.70 0.0
31.60 -1.78 0.0
31.59 -1.78 0.0
31.59 -1.71 0.0
31.59 -1.79 0.0
31.59 -1.79 0.0
31.59 -1.71 0.0
31.59 -1.79 0.0
31.59 -1.72 0.0
31.59 -1.87 0.0
31.59 -1.72 0.0
31.58 -1.79 0.0
31.58 -1.72 0.0
31.59 -1.99 0.0
31.59 -1.79 0.0
31.59 -1.71 0.0
31.59 -1.87 0.0
31.59 -1.72 0.0
31.59 -1.72 0.0
31.59 -1.79 0.0
31.60 -1.99 0.0
31.59 -1.79 0.0
31.59 -1.71 0.0
31.60 -1.92 0.0
31.60 -1.86 0.0
31.60 -1.71 0.0
31.59 -1.79 0.0
31.59 -1.71 0.0
31.59 -1.86 0.0
31.59 -1.71 0.0
31.59 -1.71 0.0
31.59 -1.87 0.0
31.59 -1.72 0.0
31.59 -1.79 0.0
31.59 -1.72 0.0
31.58 -1.80 0.0
31.58 -1.80 0.0
31.58 -1.72 0.0
31.58 -1.80 0.0
31.58 -1.80 0.0
31.58 -1.80 0.0
31.58 -1.72 0.0
31.58 -1.72 0.0
31.58 -1.87 0.0
31.58 -1.72 0.0
31.58 -1.80 0.0
31.58 -1.72 0.0
31.58 -1.80 0.0
31.58 -1.80 0.0
31.58 -1.73 0.0
31.58 -1.87 0.0
31.58 -1.73 0.0
31.59 -2.00 0.0
31.58 -1.51 0.0
31.58 -1.80 0.0
31.58 -1.80 0.0
31.58 -1.73 0.0
31.58 -1.80 0.0
31.58 -1.80 0.0
31.59 -1.93 0.0
31.59 -1.79 0.0
31.59 -1.72 0.0
31.59 -1.87 0.0
31.58 -1.72 0.0
31.58 -1.72 0.0
31.58 -1.87 0.0
31.58 -1.72 0.0
31.58 -1.80 0.0
31.58 -1.72 0.0
31.58 -1.87 0.0
31.58 -1.72 0.0
31.58 -1.72 0.0
31.58 -1.80 0.0
31.58 -1.80 0.0
31.58 -1.80 0.0
31.58 -1.73 0.0
31.58 -1.73 0.0
31.58 -1.87 0.0
31.59 -1.93 0.0
31.59 -1.79 0.0
31.59 -1.79 0.0
31.59 -1.79 0.0
31.59 -1.72 0.0
31.58 -1.72 0.0
31.58 -1.87 0.0
31.58 -1.72 0.0
31.59 -1.99 0.0
31.59 -1.71 0.0
31.59 -1.79 0.0
31.59 -1.79 0.0
31.59 -1.72 0.0
31.59 -1.79 0.0
31.59 -1.79 0.0
31.59 -1.72 0.0
31.58 -1.80 0.0
31.58 -1.80 0.0
31.58 -1.80 0.0
31.58 -1.72 0.0
31.58 -1.80 0.0
31.57 -1.60 0.0
31.57 -1.73 0.0
31.57 -1.81 0.0
31.58 -1.94 0.0
31.57 -1.69 0.0
31.57 -1.73 0.0
31.57 -1.73 0.0
31.58 -1.81 0.0
31.58 -1.80 0.0
31.58 -1.80 0.0
31.58 -1.73 0.0
31.58 -1.80 0.0
31.58 -1.80 0.0
31.58 -1.73 0.0
31.58 -1.80 0.0
31.58 -1.80 0.0
31.58 -1.80 0.0
31.58 -1.73 0.0
31.58 -1.73 0.0
31.58 -1.88 0.0
31.58 -1.73 0.0
31.58 -1.80 0.0
31.58 -1.73 0.0
31.58 -1.88 0.0
31.58 -1.73 0.0
31.58 -1.73 0.0
31.58 -1.80 0.0
31.58 -1.80 0.0
31.58 -1.80 0.0
31.57 -1.52 0.0
31.57 -1.81 0.0
31.57 -1.81 0.0
31.57 -1.74 0.0
31.57 -1.81 0.0
31.57 -1.81 0.0
31.57 -1.73 0.0
31.57 -1.81 0.0
31.56 -1.53 0.0
31.57 -1.89 0.0
31.57 -1.74 0.0
31.57 -1.81 0.0
31.57 -1.74 0.0
31.57 -1.81 0.0
31.57 -1.81 0.0
31.57 -1.74 0.0
31.57 -1.88 0.0
31.57 -1.73 0.0
31.57 -1.73 0.0
31.57 -1.81 0.0
31.57 -1.81 0.0
31.58 -2.00 0.0
31.58 -1.72 0.0
31.58 -1.80 0.0
31.57 -1.60 0.0
31.57 -1.73 0.0
31.57 -1.81 0.0
31.57 -1.73 0.0
31.58 -1.88 0.0
31.57 -1.52 0.0
31.57 -1.74 0.0
31.57 -1.88 0.0
31.57 -1.74 0.0
31.57 -1.81 0.0
31.57 -1.74 0.0
31.57 -1.88 0.0
31.57 -1.73 0.0
31.57 -1.73 0.0
31.57 -1.81 0.0
31.57 -1.81 0.0
31.57 -1.81 0.0
31.58 -1.73 0.0
31.58 -1.73 0.0
31.58 -1.88 0.0
31.58 -1.73 0.0
31.58 -1.80 0.0
31.58 -1.73 0.0
31.58 -1.80 0.0
31.58 -1.80 0.0
31.58 -1.73 0.0
31.58 -1.88 0.0
31.58 -1.73 0.0
31.58 -1.80 0.0
31.58 -1.73 0.0
31.58 -1.80 0.0
31.58 -1.80 0.0
31.58 -1.73 0.0
31.58 -1.80 0.0
31.57 -1.61 0.0
31.57 -1.74 0.0
31.57 -1.81 0.0
31.57 -1.74 0.0
31.57 -1.88 0.0
31.57 -1.73 0.0
31.57 -1.81 0.0
31.57 -1.81 0.0
31.58 -1.94 0.0
31.57 -1.60 0.0
31.57 -1.73 0.0
31.57 -1.88 0.0
31.58 -1.73 0.0
31.58 -1.73 0.0
31.58 -1.80 0.0
31.58 -1.80 0.0
31.58 -1.80 0.0
31.58 -1.73 0.0
31.58 -1.73 0.0
31.58 -1.88 0.0
31.58 -1.73 0.0
31.58 -1.80 0.0
31.58 -1.80 0.0
31.58 -1.80 0.0
31.57 -1.52 0.0
31.57 -1.74 0.0
31.57 -1.88 0.0
31.57 -1.74 0.0
31.57 -1.81 0.0
31.57 -1.73 0.0
31.57 -1.81 0.0
31.57 -1.81 0.0
31.57 -1.73 0.0
31.57 -1.81 0.0
31.58 -1.81 0.0
31.58 -1.80 0.0
31.58 -1.73 0.0
31.58 -1.80 0.0
31.58 -1.80 0.0
31.58 -1.73 0.0
31.57 -1.61 0.0
31.57 -1.81 0.0
31.57 -1.74 0.0
31.57 -1.81 0.0
31.57 -1.74 0.0
31.57 -1.88 0.0
31.57 -1.73 0.0
31.57 -1.81 0.0
31.57 -1.73 0.0
31.57 -1.81 0.0
31.57 -1.81 0.0
31.58 -1.73 0.0
31.58 -1.80 0.0
31.58 -1.80 0.0
31.58 -1.73 0.0
31.58 -1.80 0.0
31.58 -1.80 0.0
31.58 -1.80 0.0
31.58 -1.73 0.0
31.58 -1.73 0.0
31.58 -1.88 0.0
31.58 -1.73 0.0
31.58 -1.80 0.0
31.57 -1.52 0.0
31.56 -1.70 0.0
31.56 -1.75 0.0
31.55 -1.54 0.0
31.56 -1.82 0.0
31.56 -1.82 0.0
31.56 -1.82 0.0
31.56 -1.75 0.0
31.56 -1.82 0.0
31.57 -1.82 0.0
31.56 -1.54 0.0
31.56 -1.82 0.0
31.56 -1.82 0.0
31.56 -1.82 0.0
31.56 -1.74 0.0
31.57 -1.74 0.0
31.57 -1.89 0.0
31.57 -1.74 0.0
31.57 -1.81 0.0
31.57 -1.74 0.0
31.57 -1.81 0.0
31.57 -1.81 0.0
31.56 -1.53 0.0
31.56 -1.89 0.0
31.56 -1.54 0.0
31.56 -1.75 0.0
31.55 -1.62 0.0
31.54 -1.63 0.0
31.55 -1.83 0.0
31.55 -1.76 0.0
31.54 -1.63 0.0
31.55 -1.83 0.0
31.54 -1.55 0.0
31.55 -1.84 0.0
31.55 -1.76 0.0
31.55 -1.90 0.0
31.54 -1.55 0.0
31.55 -1.76 0.0
31.55 -1.90 0.0
31.55 -1.76 0.0
31.55 -1.63 0.0
31.54 -1.56 0.0
31.54 -1.72 0.0
31.54 -1.77 0.0
31.53 -1.56 0.0
31.54 -1.84 0.0
31.54 -1.84 0.0
31.55 -1.84 0.0
31.55 -1.76 0.0
31.54 -1.55 0.0
31.54 -1.72 0.0
31.54 -1.77 0.0
31.54 -1.84 0.0
31.55 -1.76 0.0
31.54 -1.71 0.0
31.54 -1.56 0.0
31.54 -1.77 0.0
31.54 -1.91 0.0
31.55 -1.76 0.0
31.54 -1.63 0.0
31.54 -1.56 0.0
31.54 -1.84 0.0
31.54 -1.84 0.0
31.55 -1.77 0.0
31.54 -1.64 0.0
31.54 -1.64 0.0
31.53 -1.57 0.0
31.54 -1.85 0.0
31.53 -1.57 0.0
31.53 -1.91 0.0
31.54 -1.78 0.0
31.53 -1.64 0.0
31.54 -1.84 0.0
31.53 -1.57 0.0
31.53 -1.65 0.0
31.53 -1.78 0.0
31.53 -1.73 0.0
31.53 -1.78 0.0
31.54 -1.78 0.0
31.54 -1.84 0.0
31.55 -1.84 0.0
31.55 -1.83 0.0
31.54 -1.55 0.0
31.55 -1.84 0.0
31.55 -1.83 0.0
31.55 -1.76 0.0
31.55 -1.63 0.0
31.55 -1.83 0.0
31.55 -1.83 0.0
31.54 -1.55 0.0
31.55 -1.76 0.0
31.54 -1.71 0.0
31.54 -1.56 0.0
31.54 -1.84 0.0
31.54 -1.77 0.0
31.55 -1.90 0.0
31.54 -1.55 0.0
31.54 -1.56 0.0
31.54 -1.84 0.0
31.53 -1.64 0.0
31.53 -1.65 0.0
31.53 -1.78 0.0
31.54 -1.84 0.0
31.53 -1.64 0.0
31.53 -1.57 0.0
31.52 -1.65 0.0
31.53 -1.85 0.0
31.52 -1.57 0.0
31.52 -1.66 0.0
31.53 -1.79 0.0
31.52 -1.73 0.0
31.53 -1.79 0.0
31.53 -1.85 0.0
31.54 -1.78 0.0
31.54 -1.84 0.0
31.55 -1.84 0.0
31.55 -1.76 0.0
31.54 -1.63 0.0
31.55 -1.84 0.0
31.54 -1.56 0.0
31.54 -1.84 0.0
31.55 -1.83 0.0
31.54 -1.64 0.0
31.54 -1.56 0.0
31.53 -1.65 0.0
31.53 -1.65 0.0
31.52 -1.58 0.0
31.52 -1.66 0.0
31.52 -1.79 0.0
31.52 -1.73 0.0
31.52 -1.59 0.0
31.51 -1.59 0.0
31.52 -1.86 0.0
31.52 -1.66 0.0
31.51 -1.66 0.0
31.51 -1.59 0.0
31.52 -1.93 0.0
31.51 -1.59 0.0
31.51 -1.59 0.0
31.51 -1.67 0.0
31.51 -1.67 0.0
31.50 -1.67 0.0
31.50 -1.60 0.0
31.50 -1.61 0.0
31.50 -1.75 0.0
31.50 -1.61 0.0
31.51 -1.88 0.0
31.50 -1.60 0.0
31.50 -1.68 0.0
31.50 -1.68 0.0
31.50 -1.61 0.0
31.51 -1.94 0.0
31.50 -1.60 0.0
31.50 -1.68 0.0
31.51 -1.81 0.0
31.51 -1.67 0.0
31.50 -1.67 0.0
31.50 -1.60 0.0
31.50 -1.68 0.0
31.50 -1.68 0.0
31.51 -1.81 0.0
31.50 -1.67 0.0
31.50 -1.60 0.0
31.50 -1.75 0.0
31.50 -1.61 0.0
31.50 -1.68 0.0
31.50 -1.61 0.0
31.50 -1.68 0.0
31.49 -1.68 0.0
31.49 -1.61 0.0
31.49 -1.76 0.0
31.49 -1.62 0.0
31.49 -1.62 0.0
31.49 -1.69 0.0
31.49 -1.69 0.0
31.49 -1.69 0.0
31.49 -1.62 0.0
31.49 -1.62 0.0
31.49 -1.76 0.0
31.49 -1.62 0.0
31.49 -1.69 0.0
31.49 -1.62 0.0
31.49 -1.76 0.0
31.49 -1.62 0.0
31.49 -1.62 0.0
31.49 -1.76 0.0
31.49 -1.62 0.0
31.49 -1.69 0.0
31.49 -1.62 0.0
31.49 -1.69 0.0
31.49 -1.69 0.0
31.49 -1.62 0.0
31.49 -1.69 0.0
31.49 -1.89 0.0
31.49 -1.68 0.0
31.50 -1.82 0.0
31.50 -1.60 0.0
31.50 -1.75 0.0
31.50 -1.61 0.0
31.50 -1.68 0.0
31.49 -1.68 0.0
31.49 -1.61 0.0
31.49 -1.69 0.0
31.49 -1.61 0.0
31.49 -1.76 0.0
31.49 -1.62 0.0
31.49 -1.62 0.0
31.49 -1.69 0.0
31.49 -1.69 0.0
31.49 -1.69 0.0
31.49 -1.62 0.0
31.49 -1.69 0.0
31.49 -1.69 0.0
31.49 -1.62 0.0
31.49 -1.69 0.0