.6
30.42 -0.35 2.5
30.42 -0.55 2.6
30.42 -0.35 2.5
30.41 -0.33 2.6
30.41 -0.34 2.5
30.41 -0.58 2.5
30.41 -0.54 2.5
3.05 15.00 0.0
5.80 -15.00 0.0
8.27 -15.00 0.4
10.50 -15.00 1.1
12.51 -15.00 1.8
14.32 -15.00 6.4
15.94 -15.00 11.8
17.42 -8.73 16.9
18.73 -12.88 20.9
19.91 -8.39 22.7
20.99 -9.22 25.8
21.94 -8.19 26.8
22.80 -8.66 28.2
23.59 -6.94 29.0
24.29 -6.32 30.1
24.93 -6.66 30.4
25.50 -5.26 30.1
26.01 -4.81 30.8
26.47 -4.41 30.3
26.89 -4.62 30.0
27.27 -3.71 29.0
27.60 -3.42 28.7
27.91 -3.15 27.9
28.18 -3.28 27.3
28.44 -2.88 26.2
28.66 -2.50 25.6
28.85 -2.58 24.8
29.03 -2.17 23.8
29.19 -2.03 23.1
29.34 -1.90 22.3
29.48 -2.14 21.5
29.59 -1.55 20.5
29.70 -1.71 20.1
29.79 -1.61 18.9
29.88 -1.43 18.2
29.95 -1.36 17.7
30.02 -1.30 16.7
30.08 -1.31 16.2
30.14 -1.20 15.5
30.18 -0.97 14.9
30.23 -1.16 14.3
30.28 -1.27 13.4
30.30 -0.86 13.1
30.33 -0.84 12.7
30.36 -1.02 12.0
30.39 -0.98 11.7
30.40 -0.77 11.0
30.43 -0.95 10.7
30.44 -0.74 10.0
30.45 -0.73 9.7
30.47 -0.91 9.3
30.48 -0.68 9.0
30.49 -0.88 8.8
30.51 -0.87 8.5
30.51 -0.64 8.3
30.51 -0.66 8.1
30.52 -0.63 7.6
30.52 -0.67 7.4
30.52 -0.63 6.9
30.53 -0.65 6.8
30.53 -0.62 6.7
30.53 -0.64 6.4
30.53 -0.64 6.2
30.53 -0.61 6.1
30.53 -0.66 5.8
30.54 -0.61 5.7
30.54 -0.61 5.5
30.54 -0.63 5.4
30.54 -0.63 5.3
30.54 -0.63 5.1
30.53 -0.40 5.0
30.53 -0.64 4.8
30.52 -0.44 4.7
30.52 -0.42 4.6
30.51 -0.46 4.4
30.50 -0.43 4.3
30.50 -0.50 4.1
30.50 -0.44 4.0
30.49 -0.45 4.0
30.49 -0.51 4.0
30.48 -0.46 3.6
30.48 -0.49 3.7
30.48 -0.47 3.7
30.48 -0.52 3.6
30.47 -0.47 3.4
30.47 -0.47 3.3
30.47 -0.50 3.4
30.47 -0.50 3.3
30.47 -0.50 3.3
30.47 -0.48 3.2
30.46 -0.48 3.2
30.46 -0.53 3.3
30.46 -0.49 3.2
30.46 -0.51 3.2
30.46 -0.51 3.2
30.46 -0.49 3.0
30.46 -0.51 3.2
30.46 -0.49 2.9
30.46 -0.53 3.0
30.45 -0.29 3.0
30.45 -0.52 2.9
30.45 -0.50 2.9
30.44 -0.33 2.7
30.43 -0.34 2.9
30.42 -0.32 2.7
30.42 -0.35 2.7
30.41 -0.36 2.7
30.41 -0.34 2.6
30.40 -0.37 2.6
30.40 -0.35 2.7
30.39 -0.40 2.3
30.39 -0.36 2.5
30.39 -0.38 2.5
30.39 -0.38 2.5
30.38 -0.37 2.5
30.38 -0.39 2.3
30.38 -0.37 2.3
30.38 -0.41 2.2
30.37 -0.38 2.2
30.37 -0.38 2.3
30.37 -0.40 2.3
30.37 -0.40 2.2
30.37 -0.40 2.3
30.37 -0.38 2.3
30.37 -0.38 2.3
30.37 -0.42 2.0
30.37 -0.39 2.2
30.37 -0.40 2.2
30.37 -0.41 2.3
30.36 -0.41 2.2
30.36 -0.39 2.2
30.36 -0.39 2.2
30.36 -0.42 2.2
30.36 -0.39 2.2
30.36 -0.41 2.2
30.36 -0.39 2.2
30.36 -0.41 2.3
30.36 -0.41 2.2
30.36 -0.39 2.2
30.36 -0.41 2.0
30.36 -0.41 2.3
30.36 -0.41 2.2
30.36 -0.39 2.2
30.36 -0.41 2.2
30.36 -0.41 2.2
30.36 -0.39 2.2
30.36 -0.41 2.2
30.36 -0.41 2.2
30.36 -0.39 2.0
30.36 -0.41 2.2
30.36 -0.39 2.0
30.36 -0.43 2.0
30.36 -0.39 2.0
30.36 -0.41 2.2
30.35 -0.19 2.2
30.35 -0.42 2.0
30.35 -0.42 1.9
30.35 -0.40 2.2
30.34 -0.25 2.0
30.34 -0.21 2.2
30.33 -0.22 2.2
30.33 -0.44 2.2
30.33 -0.24 2.0
30.33 -0.44 2.0
30.32 -0.22 1.9
30.32 -0.23 2.0
30.32 -0.46 2.0
30.32 -0.23 1.8
30.32 -0.45 1.9
30.32 -0.23 1.6
30.32 -0.46 1.9
30.31 -0.23 1.8
30.31 -0.24 1.9
30.31 -0.46 1.9
30.31 -0.26 1.8
30.31 -0.26 1.9
30.30 -0.25 1.9
30.31 -0.47 1.8
30.30 -0.27 1.6
30.30 -0.25 1.9
30.30 -0.27 1.8
30.29 -0.28 1.8
30.29 -0.28 1.9
30.29 -0.27 1.8
30.29 -0.27 1.8
30.28 -0.30 1.6
30.28 -0.27 1.6
30.28 -0.29 1.6
30.28 -0.28 1.9
30.28 -0.29 1.6
30.28 -0.29 1.4
30.29 -0.48 1.8
30.28 -0.30 1.6
30.28 -0.27 1.6
30.28 -0.28 1.6
30.28 -0.29 1.8
30.28 -0.29 1.6
30.28 -0.29 1.6
30.28 -0.28 1.6
30.27 -0.30 1.6
30.27 -0.30 1.6
30.28 -0.49 1.8
30.28 -0.29 1.6
30.28 -0.28 1.6
30.28 -0.31 1.8
30.28 -0.28 1.6
30.28 -0.28 1.8
30.28 -0.31 1.5
30.27 -0.28 1.6
30.27 -0.30 1.6
30.27 -0.28 1.8
30.27 -0.31 1.6
30.28 -0.49 1.6
30.28 -0.28 1.9
30.28 -0.29 1.6
30.28 -0.29 1.8
30.28 -0.29 1.8
30.28 -0.28 1.8
30.27 -0.28 1.8
30.27 -0.31 1.8
30.27 -0.28 1.5
30.27 -0.30 1.6
30.27 -0.30 1.6
30.27 -0.30 1.6
30.27 -0.29 1.6
30.27 -0.29 1.6
30.27 -0.31 1.6
30.26 -0.09 1.6
30.26 -0.31 1.6
30.26 -0.30 1.5
30.26 -0.31 1.6
30.26 -0.31 1.9
30.27 -0.50 1.5
30.27 -0.30 1.6
30.27 -0.30 1.8
30.27 -0.29 1.8
30.27 -0.30 1.8
30.27 -0.29 1.5
30.27 -0.31 1.8
30.27 -0.29 1.6
30.27 -0.30 1.6
30.27 -0.30 1.8
30.27 -0.29 1.6
30.28 -0.50 1.8
30.29 -0.48 1.6
30.29 -0.49 1.9
30.29 -0.26 1.8
30.29 -0.27 1.9
30.29 -0.28 1.9
30.28 -0.29 2.0
30.28 -0.29 1.9
30.28 -0.27 1.6
30.28 -0.29 1.8
30.28 -0.29 1.6
30.28 -0.28 1.6
30.28 -0.29 1.6
30.28 -0.30 1.4
30.27 -0.30 1.6
30.27 -0.28 1.6
30.27 -0.28 1.6
30.27 -0.31 1.8
30.27 -0.29 1.6
30.27 -0.30 1.6
30.27 -0.29 1.8
30.28 -0.50 1.9
30.28 -0.28 1.6
30.28 -0.28 1.8
30.28 -0.29 1.9
30.28 -0.30 1.6
30.27 -0.30 1.8
30.27 -0.28 1.6
30.27 -0.30 1.9
30.27 -0.30 1.5
30.27 -0.29 1.8
30.27 -0.30 1.6
30.27 -0.30 1.6
30.27 -0.29 1.8
30.27 -0.30 1.9
30.26 -0.09 1.5
30.25 -0.14 1.5
30.25 -0.31 1.8
30.25 -0.32 1.8
30.26 -0.31 1.5
30.24 0.07 1.4
30.24 -0.32 1.6
30.23 -0.12 1.5
30.23 -0.16 1.4
30.22 -0.13 1.5
30.22 -0.14 1.6
30.22 -0.35 0.0
30.23 -0.35 1.1
30.23 -0.34 1.5
30.23 15.00 1.5
30.24 15.00 1.8
30.24 15.00 6.9
30.25 15.00 12.2
30.25 15.00 16.7
30.26 15.00 21.3
30.27 15.00 25.0
30.27 15.00 29.0
30.27 15.00 31.9
30.27 15.00 35.0
30.27 15.00 38.2
30.27 15.00 40.5
30.27 15.00 43.0
30.27 15.00 44.8
30.27 15.00 46.7
30.27 15.00 48.4
30.27 15.00 50.1
30.27 15.00 51.6
30.27 15.00 53.0
30.27 15.00 54.3
30.28 15.00 55.3
30.29 15.00 56.7
30.29 15.00 57.6
30.30 15.00 58.3
30.30 15.00 59.2
30.29 15.00 59.7
30.28 15.00 60.6
30.28 15.00 61.1
30.29 15.00 61.4
30.29 15.00 62.1
30.29 15.00 62.2
30.29 15.00 62.8
30.29 15.00 63.2
30.29 15.00 63.5
30.28 15.00 63.8
30.27 15.00 64.2
30.27 15.00 64.2
30.27 15.00 64.5
30.27 15.00 64.5
30.27 15.00 64.9
30.28 15.00 64.9
30.28 15.00 64.8
30.27 15.00 65.0
30.27 15.00 65.0
30.27 15.00 65.3
30.27 15.00 65.7
30.27 15.00 65.3
30.27 15.00 65.3
30.28 15.00 65.0
30.28 15.00 65.3
30.28 15.00 65.4
30.27 15.00 65.2
30.27 15.00 65.4
30.28 15.00 65.0
30.28 15.00 65.3
30.28 15.00 65.4
30.28 15.00 64.9
30.27 15.00 65.2
30.27 15.00 64.9
30.27 15.00 65.0
30.27 15.00 64.9
30.27 15.00 64.6
30.26 15.00 64.6
30.25 15.00 64.8
30.24 15.00 64.5
30.24 15.00 64.3
30.25 15.00 64.5
30.25 15.00 64.1
30.24 15.00 64.2
30.24 15.00 63.9
30.26 15.00 63.6
30.26 15.00 64.1
30.26 15.00 63.6
30.26 15.00 63.5
30.26 15.00 63.6
30.26 15.00 63.5
30.25 15.00 63.2
30.25 15.00 63.1
30.25 15.00 63.2
30.27 15.00 62.9
30.27 15.00 62.9
30.27 15.00 62.8
30.26 15.00 62.7
30.25 15.00 62.7
30.25 15.00 62.7
30.25 15.00 62.5
30.25 15.00 62.4
30.25 15.00 62.4
30.26 15.00 62.1
30.27 15.00 61.8
30.26 15.00 62.0
30.26 15.00 61.8
30.26 15.00 62.1
30.26 15.00 61.7
30.26 15.00 61.7
30.26 15.00 61.4
30.26 15.00 61.4
30.26 15.00 61.3
30.25 15.00 61.3
30.26 15.00 61.1
30.26 15.00 61.1
30.26 15.00 61.0
30.26 15.00 60.7
30.25 15.00 60.6
30.25 15.00 60.6
30.24 15.00 60.4
30.25 15.00 60.4
30.25 15.00 60.4
30.25 15.00 60.4
30.25 15.00 60.1
30.25 15.00 60.1
30.25 15.00 59.9
30.26 15.00 60.0
30.25 15.00 59.6
30.24 15.00 59.4
30.24 15.00 59.9
30.24 15.00 59.4
30.24 15.00 59.3
30.24 15.00 59.4
30.24 15.00 59.0
30.23 15.00 59.2
30.23 15.00 59.3
30.25 15.00 58.9
30.24 15.00 58.9
30.24 15.00 58.7
30.24 15.00 59.2
30.24 15.00 58.7
30.23 15.00 58.5
30.23 15.00 58.6
30.23 15.00 58.6
30.22 15.00 58.5
30.23 15.00 58.2
30.23 15.00 58.3
30.23 15.00 58.0
30.23 15.00 58.0
30.23 15.00 58.2
30.24 15.00 57.9
30.23 15.00 57.9
30.23 15.00 57.8
30.23 15.00 57.6
30.23 15.00 57.8
30.24 15.00 57.5
30.24 15.00 57.2
30.23 15.00 57.6
30.24 15.00 57.3
30.24 15.00 57.2
30.23 15.00 57.3
30.23 15.00 57.2
30.23 15.00 57.2
30.23 15.00 57.1
30.23 15.00 56.9
30.23 15.00 56.7
30.24 15.00 56.9
30.23 15.00 56.9
30.23 15.00 56.8
30.24 15.00 56.5
30.24 15.00 56.7
30.24 15.00 56.5
30.24 15.00 56.5
30.25 15.00 56.8
30.25 15.00 56.4
30.26 15.00 56.1
30.26 15.00 56.1
30.25 15.00 56.2
30.24 15.00 56.0
30.23 15.00 56.0
30.23 15.00 56.0
30.24 15.00 55.8
30.24 15.00 55.7
30.24 15.00 55.8
30.24 15.00 55.7
30.25 15.00 55.5
30.24 15.00 55.4
30.24 15.00 55.3
30.24 15.00 55.5
30.23 15.00 55.5
30.22 15.00 55.4
30.22 15.00 55.3
30.22 15.00 55.1
30.23 15.00 55.0
30.22 15.00 55.0
30.23 15.00 55.0
30.22 15.00 55.1
30.22 15.00 54.8
30.22 15.00 54.8
30.23 15.00 54.8
30.22 15.00 54.8
30.22 15.00 54.7
30.22 15.00 54.6
30.23 15.00 54.4
30.23 15.00 54.4
30.23 15.00 54.4
30.23 15.00 54.1
30.23 15.00 54.1
30.24 15.00 54.1
30.23 15.00 54.1
30.23 15.00 54.1
30.23 15.00 54.1
30.23 15.00 54.1
30.23 15.00 53.9
30.24 15.00 54.1
30.24 15.00 53.9
30.24 15.00 54.0
30.25 15.00 53.7
30.24 15.00 53.9
30.24 15.00 53.7
30.24 15.00 53.6
30.25 15.00 53.9
30.25 15.00 53.6
30.25 15.00 53.4
30.25 15.00 53.6
30.25 15.00 53.3
30.25 15.00 53.6
30.25 15.00 53.4
30.24 15.00 53.4
30.24 15.00 53.4
30.25 15.00 53.2
30.24 15.00 53.2
30.24 15.00 53.0
30.23 15.00 53.0
30.23 15.00 53.2
30.23 15.00 53.0
30.23 15.00 53.2
30.23 15.00 52.9
30.23 15.00 53.0
30.23 15.00 52.9
30.23 15.00 52.7
30.23 15.00 52.6
30.22 15.00 52.5
30.22 15.00 52.7
30.21 15.00 52.7
30.23 15.00 52.5
30.22 15.00 52.6
30.22 15.00 52.5
30.22 15.00 52.3
30.22 15.00 52.5
30.22 15.00 52.5
30.22 15.00 52.3
30.21 15.00 52.2
30.22 15.00 52.2
30.21 15.00 52.0
30.21 15.00 52.2
30.21 15.00 52.2
30.20 15.00 52.0
30.21 15.00 52.0
30.22 15.00 52.0
30.21 15.00 51.9
30.22 15.00 51.8
30.21 15.00 51.8
30.21 15.00 51.5
30.21 15.00 51.9
30.20 15.00 51.8
30.21 15.00 51.6
30.21 15.00 51.6
30.22 15.00 51.8
30.22 15.00 51.8
30.22 15.00 51.6
30.22 15.00 51.5
30.22 15.00 51.6
30.21 15.00 51.6
30.22 15.00 51.3
30.22 15.00 51.3
30.22 15.00 51.3
30.23 15.00 51.2
30.23 15.00 51.2
30.21 15.00 51.2
30.22 15.00 51.2
30.22 15.00 51.2
30.22 15.00 51.5
30.21 15.00 51.2
30.22 15.00 51.1
30.22 15.00 51.2
30.22 15.00 51.1
30.21 15.00 50.9
30.21 15.00 51.1
30.22 15.00 50.9
30.21 15.00 50.9
30.22 15.00 50.9
30.21 15.00 50.9
30.21 15.00 51.1
30.22 15.00 50.8
30.21 15.00 51.1
30.21 15.00 50.6
30.21 15.00 50.6
30.21 15.00 50.8
30.22 15.00 50.6
30.21 15.00 50.6
30.21 15.00 50.6
30.21 15.00 50.6
30.22 15.00 50.8
30.22 15.00 50.5
30.23 15.00 50.5
30.23 15.00 50.5
30.24 15.00 50.5
30.25 15.00 50.5
30.25 15.00 50.4
30.25 15.00 50.5
30.26 15.00 50.2
30.25 15.00 50.4
30.25 15.00 50.4
30.26 15.00 50.2
30.25 15.00 50.2
30.25 15.00 50.5
30.25 15.00 50.2
30.24 15.00 50.1
30.26 15.00 50.2
30.26 15.00 49.9
30.26 15.00 50.2
30.26 15.00 49.9
30.27 15.00 49.9
30.27 15.00 50.2
30.27 15.00 49.8
30.27 15.00 50.1
30.27 15.00 50.1
30.27 15.00 49.7
30.27 15.00 49.9
30.27 15.00 49.9
30.27 15.00 49.8
30.27 15.00 49.9
30.26 15.00 49.8
30.26 15.00 49.8
30.26 15.00 49.8
30.26 15.00 49.5
30.26 15.00 49.9
30.26 15.00 49.8
30.26 15.00 49.7
30.26 15.00 49.8
30.26 15.00 49.5
30.26 15.00 49.7
30.27 15.00 49.5
30.27 15.00 49.7
30.27 15.00 49.5
30.27 15.00 49.4
30.26 15.00 49.5
30.26 15.00 49.7
30.26 15.00 49.8
30.26 15.00 49.5
30.26 15.00 49.5
30.26 15.00 49.5
30.26 15.00 49.5
30.26 15.00 49.4
30.27 15.00 49.2
30.27 15.00 49.4
30.28 15.00 49.4
30.28 15.00 49.4
30.28 15.00 49.7
30.28 15.00 49.2
30.28 15.00 49.2
30.28 15.00 49.4
30.28 15.00 49.2
30.29 15.00 49.1
30.29 15.00 49.1
30.29 15.00 49.2
30.29 15.00 49.4
30.28 15.00 49.4
30.28 15.00 49.0
30.29 15.00 49.1
30.30 15.00 49.1
30.30 15.00 49.4
30.31 15.00 49.1
30.30 15.00 49.0
30.30 15.00 49.1
30.30 15.00 49.2
30.29 15.00 48.8
30.29 15.00 49.0
30.30 15.00 49.0
30.30 15.00 49.1
30.31 15.00 48.8
30.31 15.00 48.8
30.31 15.00 49.0
30.31 15.00 49.0
30.30 15.00 49.0
30.31 15.00 49.0
30.30 15.00 48.4
30.31 15.00 49.0
30.31 15.00 48.7
30.31 15.00 49.0
30.32 15.00 49.2
30.32 15.00 48.8
30.32 15.00 48.8
30.33 15.00 49.0
30.33 15.00 48.8
30.33 15.00 48.6
30.34 15.00 48.7
30.34 15.00 48.7
30.34 15.00 48.7
30.34 15.00 48.7
30.34 15.00 48.7
30.35 15.00 48.7
30.35 15.00 48.8
30.35 15.00 48.6
30.35 15.00 48.8
30.35 15.00 48.8
30.35 15.00 48.4
30.35 15.00 48.6
30.35 15.00 48.4
30.34 15.00 48.6
30.34 15.00 48.4
30.34 15.00 48.4
30.34 15.00 48.4
30.34 15.00 48.6
30.34 15.00 48.6
30.35 15.00 48.4
30.35 15.00 48.4
30.35 15.00 48.3
30.35 15.00 48.1
30.35 15.00 48.3
30.35 15.00 48.6
30.35 15.00 48.4
30.36 15.00 48.3
30.37 15.00 48.3
30.37 15.00 48.4
30.36 15.00 48.4
30.36 15.00 48.3
30.36 15.00 48.1
30.36 15.00 48.4
30.36 15.00 48.1
30.36 15.00 48.3
30.36 15.00 48.3
30.37 15.00 48.1
30.38 15.00 48.1
30.39 15.00 48.3
30.39 15.00 48.1
30.40 15.00 48.1
30.40 15.00 48.4
30.40 15.00 48.1
30.40 15.00 48.0
30.41 15.00 48.3
30.41 15.00 48.0
30.42 15.00 48.3
30.42 15.00 48.0
30.42 15.00 48.0
30.42 15.00 48.0
30.41 15.00 48.0
30.41 15.00 48.0
30.41 15.00 48.3
30.42 15.00 48.0
30.42 15.00 48.0
30.41 15.00 48.1
30.42 15.00 48.0
30.42 15.00 48.0
30.42 15.00 48.0
30.42 15.00 47.9
30.41 15.00 47.9
30.42 15.00 47.9
30.42 15.00 48.1
30.42 15.00 48.0
30.44 15.00 47.7
30.44 15.00 47.9
30.45 15.00 47.9
30.45 15.00 47.7
30.46 15.00 47.6
30.46 15.00 47.7
30.47 15.00 47.7
30.47 15.00 47.6
30.46 15.00 47.9
30.47 15.00 47.7
30.47 15.00 47.7
30.47 15.00 47.7
30.47 15.00 47.7
30.47 15.00 48.0
30.47 15.00 47.6
30.48 15.00 47.7
30.49 15.00 47.6
30.48 15.00 47.7
30.48 15.00 47.7
30.49 15.00 48.0
30.49 15.00 47.4
30.50 15.00 47.6
30.50 15.00 47.6
30.51 15.00 47.4
30.51 15.00 47.6
30.52 15.00 47.4
30.51 15.00 47.6
30.51 15.00 47.6
30.52 15.00 47.6
30.52 15.00 47.6
30.52 15.00 47.7
30.52 15.00 47.3
30.53 15.00 47.6
30.53 15.00 47.4
30.53 15.00 47.7
30.53 15.00 47.7
30.54 15.00 47.4
30.54 15.00 47.4
30.54 15.00 47.7
30.54 15.00 47.4
30.54 15.00 47.4
30.54 15.00 47.3
30.54 15.00 47.3
30.54 15.00 47.6
30.54 15.00 47.4
30.54 15.00 47.4
30.54 15.00 47.4
30.55 15.00 47.4
30.55 15.00 47.3
30.55 15.00 47.6
30.55 15.00 47.6
30.56 15.00 47.3
30.57 15.00 47.3
30.57 15.00 47.2
30.58 15.00 47.4
30.59 15.00 47.3
30.58 15.00 47.2
30.59 15.00 47.3
30.58 15.00 47.2
30.58 15.00 47.4
30.59 15.00 47.3
30.58 15.00 47.3
30.58 15.00 47.4
30.58 15.00 47.0
30.59 15.00 47.2
30.60 15.00 47.3
30.60 15.00 47.2
30.59 15.00 47.2
30.60 15.00 47.2
30.60 15.00 47.3
30.61 15.00 47.2
30.61 15.00 47.3
30.62 15.00 47.3
30.62 15.00 47.2
30.63 15.00 47.3
30.63 15.00 46.9
30.63 15.00 47.2
30.63 15.00 47.0
30.63 15.00 47.2
30.63 15.00 47.2
30.64 15.00 47.0
30.64 15.00 47.2
30.65 15.00 47.2
30.66 15.00 47.3
30.66 15.00 47.3
30.66 15.00 47.2
30.65 15.00 47.2
30.66 15.00 46.9
30.66 15.00 47.0
30.66 15.00 47.2
30.67 15.00 47.2
30.67 15.00 47.0
30.67 15.00 47.0
30.68 15.00 47.0
30.68 15.00 47.0
30.68 15.00 47.0
30.68 15.00 47.0
30.69 15.00 47.2
30.68 15.00 47.0
30.69 15.00 47.0
30.68 15.00 47.2
30.68 15.00 47.2
30.68 15.00 47.0
30.69 15.00 47.0
30.69 15.00 47.0
30.70 15.00 46.7
30.70 15.00 47.0
30.70 15.00 46.9
30.71 15.00 47.0
30.71 15.00 47.2
30.71 15.00 46.9
30.71 15.00 47.2
30.72 15.00 46.9
30.72 15.00 47.0
30.72 15.00 46.9
30.73 15.00 46.9
30.73 15.00 46.9
30.73 15.00 46.7
30.73 15.00 47.0
30.74 15.00 46.7
30.75 15.00 46.7
30.76 15.00 46.7
30.75 15.00 46.9
30.75 15.00 47.2
30.75 15.00 47.0
30.76 15.00 47.0
30.76 15.00 47.2
30.77 15.00 46.7
30.77 15.00 46.9
30.77 15.00 46.7
30.77 15.00 46.9
30.77 15.00 46.9
30.76 15.00 46.7
30.77 15.00 46.7
30.77 15.00 46.9
30.78 15.00 46.9
30.78 15.00 46.7
30.79 15.00 46.7
30.79 15.00 46.6
30.80 15.00 46.6
30.79 15.00 46.9
30.79 15.00 46.7
30.80 15.00 46.7
30.80 15.00 46.9
30.81 15.00 47.0
30.82 15.00 46.7
30.83 15.00 46.6
30.83 15.00 46.9
30.83 15.00 46.7
30.83 15.00 46.9
30.83 15.00 46.7
30.83 15.00 46.6
30.83 15.00 46.7
30.83 15.00 46.6
30.83 15.00 46.6
30.83 15.00 46.7
30.83 15.00 46.7
30.84 15.00 46.7
30.85 15.00 46.9
30.85 15.00 46.6
30.85 15.00 46.7
30.85 15.00 46.9
30.87 15.00 46.7
30.87 15.00 46.7
30.87 15.00 46.6
30.87 15.00 46.6
30.88 15.00 46.7
30.87 15.00 46.7
30.88 15.00 46.7
30.88 15.00 46.7
30.88 15.00 46.7
30.89 15.00 46.7
30.89 15.00 46.6
30.90 15.00 46.6
30.91 15.00 46.5
30.91 15.00 46.6
30.90 15.00 46.7
30.90 15.00 46.6
30.90 15.00 46.7
30.90 15.00 46.6
30.91 15.00 46.6
30.92 15.00 46.5
30.92 15.00 46.6
30.93 15.00 46.6
30.93 15.00 46.5
30.94 15.00 46.6
30.93 15.00 46.6
30.93 15.00 46.7
30.94 15.00 46.7
30.95 15.00 46.5
30.95 15.00 46.7
30.95 15.00 46.6
30.96 15.00 46.6
30.96 15.00 46.6
30.97 15.00 46.6
30.98 15.00 46.6
30.99 15.00 46.5
30.99 15.00 46.6
30.99 15.00 46.5
30.99 15.00 46.5
31.00 15.00 46.7
31.00 15.00 46.5
30.99 15.00 46.6
30.99 15.00 46.6
31.00 15.00 46.3
31.00 15.00 46.5
31.01 15.00 46.3
31.02 15.00 46.6
31.02 15.00 46.5
31.02 15.00 46.5
31.02 15.00 46.6
31.02 15.00 46.6
31.03 15.00 46.5
31.03 15.00 46.6
31.04 15.00 46.6
31.05 15.00 46.6
31.05 15.00 46.3
31.06 15.00 46.5
31.05 15.00 46.5
31.05 15.00 46.2
31.05 15.00 46.5
31.04 15.00 46.6
31.05 15.00 46.5
31.05 15.00 46.6
31.05 15.00 46.3
31.06 15.00 46.5
31.06 15.00 46.3
31.07 15.00 46.6
31.07 15.00 46.3
31.07 15.00 46.5
31.07 15.00 46.2
31.07 15.00 46.3
31.07 15.00 46.6
31.07 15.00 46.3
31.08 15.00 46.5
31.08 15.00 46.0
31.08 15.00 46.5
31.08 15.00 46.6
31.09 15.00 46.5
31.09 15.00 46.3
31.10 15.00 46.2
31.11 15.00 46.5
31.11 15.00 46.3
31.12 15.00 46.3
31.13 15.00 46.3
31.13 15.00 46.5
31.12 15.00 46.3
31.13 15.00 46.6
31.13 15.00 46.5
31.14 15.00 46.3
31.14 15.00 46.6
31.15 15.00 46.3
31.15 15.00 46.3
31.16 15.00 46.3
31.16 15.00 46.3
31.16 15.00 46.5
31.16 15.00 46.3
31.17 15.00 46.2
31.17 15.00 46.5
31.17 15.00 46.3
31.17 15.00 46.2
31.17 15.00 46.3
31.17 15.00 46.3
31.18 15.00 46.3
31.18 15.00 46.3
31.18 15.00 46.5
31.18 15.00 46.3
31.19 15.00 46.2
31.20 15.00 46.3
31.20 15.00 46.3
31.21 15.00 46.0
31.22 15.00 46.5
31.23 15.00 46.3
31.24 15.00 46.5
31.24 15.00 46.3
31.24 15.00 46.5
31.24 15.00 46.3
31.25 15.00 46.3
31.25 15.00 46.2
31.26 15.00 46.3
31.26 15.00 46.3
31.27 15.00 46.2
31.27 15.00 46.5
31.27 15.00 46.2
31.27 15.00 46.2
31.28 15.00 46.3
31.28 15.00 46.2
31.28 15.00 46.3
31.29 15.00 46.0
31.29 15.00 46.2
31.29 15.00 46.2
31.30 15.00 46.0
31.30 15.00 46.2
31.30 15.00 46.2
31.30 15.00 46.2
31.30 15.00 46.2
31.30 15.00 46.0
31.30 15.00 46.3
31.31 15.00 46.5
31.31 15.00 46.0
31.31 15.00 46.2
31.30 15.00 46.3
31.30 15.00 46.0
31.31 15.00 46.2
31.31 15.00 46.2
31.32 15.00 46.2
31.32 15.00 46.0
31.32 15.00 46.2
31.33 15.00 46.2
31.34 15.00 46.2
31.33 15.00 46.3
31.34 15.00 46.0
31.34 15.00 46.3
31.35 15.00 46.5
31.35 15.00 46.2
31.36 15.00 46.2
31.36 15.00 46.2
31.36 15.00 46.2
31.37 15.00 45.9
31.37 15.00 46.2
31.37 15.00 46.0
31.37 15.00 46.5
31.37 15.00 46.3
31.38 15.00 46.2
31.39 15.00 46.2
31.39 15.00 46.2
31.39 15.00 46.2
31.39 15.00 46.3
31.40 15.00 46.2
31.40 15.00 46.2
31.40 15.00 46.3
31.40 15.00 46.2
31.40 15.00 46.5
31.40 15.00 46.0
31.41 15.00 46.0
31.41 15.00 45.9
31.41 15.00 46.2
31.41 15.00 46.0
31.40 15.00 46.2
31.40 15.00 46.2
31.41 15.00 46.3
31.42 15.00 46.2
31.42 15.00 46.2
31.42 15.00 46.2
31.42 15.00 46.2
31.43 15.00 46.0
31.42 15.00 46.3
31.44 15.00 46.3
31.44 15.00 46.3
31.45 15.00 46.0
31.44 15.00 46.2
31.45 15.00 46.0
31.46 15.00 46.0
31.47 15.00 46.0
31.47 15.00 46.2
31.47 15.00 46.2
31.47 15.00 46.2
31.47 15.00 46.0
31.48 15.00 45.9
31.49 15.00 46.0
31.49 15.00 46.0
31.50 15.00 46.2
31.50 15.00 46.0
31.51 15.00 46.0
31.51 15.00 46.2
31.52 15.00 46.0
31.51 15.00 46.2
31.52 15.00 46.0
31.52 15.00 45.9
31.52 15.00 46.2
31.53 15.00 46.2
31.52 15.00 46.0
31.53 15.00 46.0
31.53 15.00 46.0
31.54 15.00 46.0
31.54 15.00 46.0
31.55 15.00 46.0
31.55 15.00 46.2
31.55 15.00 45.9
31.55 15.00 46.2
31.57 15.00 45.9
31.57 15.00 46.0
31.57 15.00 46.0
31.57 15.00 46.0
31.57 15.00 45.9
31.57 15.00 45.9
31.57 15.00 46.2
31.58 15.00 46.3
31.58 15.00 46.0
31.59 15.00 46.3
31.60 15.00 46.0
31.61 15.00 45.9
31.62 15.00 46.0
31.63 15.00 45.8
31.62 15.00 45.9
31.63 15.00 46.2
31.62 15.00 46.2
31.63 15.00 46.0
31.63 15.00 46.0
31.64 15.00 46.0
31.63 15.00 46.0
31.63 15.00 46.0
31.65 15.00 45.8
31.65 15.00 45.6
31.65 15.00 46.0
31.65 15.00 45.9
31.66 15.00 46.0
31.66 15.00 45.8
31.66 15.00 45.9
31.65 15.00 46.0
31.65 15.00 46.0
31.66 15.00 46.0
31.67 15.00 45.8
31.67 15.00 45.9
31.68 15.00 46.0
31.68 15.00 46.0
31.69 15.00 45.9
31.68 15.00 45.9
31.69 15.00 46.0
31.70 15.00 45.9
31.70 15.00 45.9
31.70 15.00 46.0
31.69 15.00 46.0
31.70 15.00 46.3
31.71 15.00 45.9
31.70 15.00 46.0
31.70 15.00 46.0
31.71 15.00 45.9
31.71 15.00 45.9
31.72 15.00 45.9
31.73 15.00 45.9
31.74 15.00 46.2
31.74 15.00 46.0
31.73 15.00 46.0
31.74 15.00 45.9
31.75 15.00 46.2
31.75 15.00 46.0
31.75 15.00 46.0
31.75 15.00 45.9
31.76 15.00 45.9
31.76 15.00 46.0
31.76 15.00 45.8
31.76 15.00 46.0
31.77 15.00 46.0
31.78 15.00 46.0
31.79 15.00 45.9
31.79 15.00 46.2
31.80 15.00 45.9
31.80 15.00 46.0
31.80 15.00 45.9
31.81 15.00 46.0
31.81 15.00 45.9
31.81 15.00 46.0
31.82 15.00 46.0
31.83 15.00 45.8
31.83 15.00 46.0
31.84 15.00 45.9
31.84 15.00 46.0
31.84 15.00 45.9
31.83 15.00 46.0
31.84 15.00 45.8
31.84 15.00 45.9
31.84 15.00 45.8
31.85 15.00 45.9
31.85 15.00 46.0
31.86 15.00 45.9
31.86 15.00 46.0
31.86 15.00 46.2
31.87 15.00 45.8
31.88 15.00 45.8
31.87 15.00 46.0
31.87 15.00 46.0
31.87 15.00 45.9
31.88 15.00 45.8
31.89 15.00 45.9
31.90 15.00 46.0
31.90 15.00 45.9
31.91 15.00 45.8
31.91 15.00 45.9
31.92 15.00 45.9
31.91 15.00 46.0
31.92 15.00 45.9
31.92 15.00 45.9
31.91 15.00 45.9
31.92 15.00 45.9
31.91 15.00 45.9
31.92 15.00 45.9
31.92 15.00 45.8
31.92 15.00 46.0
31.93 15.00 45.9
31.93 15.00 45.9
31.92 15.00 46.0
31.93 15.00 45.8
31.93 15.00 45.9
31.93 15.00 46.0
31.94 15.00 45.9
31.95 15.00 46.0
31.96 15.00 45.9
31.96 15.00 45.9
31.97 15.00 46.0
31.97 15.00 45.9
31.97 15.00 45.8
31.96 15.00 45.9
31.96 15.00 46.0
31.96 15.00 45.9
31.96 15.00 46.0
31.96 15.00 45.9
31.97 15.00 45.9
31.97 15.00 46.0
31.98 15.00 45.9
31.99 15.00 46.0
31.99 15.00 45.9
32.00 15.00 46.2
32.00 15.00 45.9
32.00 15.00 45.9
31.99 15.00 45.9
31.99 15.00 45.9
32.00 15.00 45.8
32.00 15.00 46.2
32.01 15.00 45.9
32.01 15.00 45.8
32.02 15.00 45.8
32.02 15.00 45.9
32.02 15.00 45.8
32.03 15.00 45.9
32.03 15.00 45.8
32.03 15.00 45.9
32.04 15.00 46.0
32.04 15.00 46.0
32.04 15.00 45.8
32.04 15.00 46.0
32.05 15.00 45.9
32.05 15.00 46.0
32.05 15.00 45.8
32.05 15.00 45.9
32.06 15.00 46.2
32.07 15.00 45.8
32.07 15.00 45.6
32.07 15.00 46.0
32.07 15.00 46.0
32.07 15.00 45.9
32.08 15.00 46.0
32.07 15.00 45.9
32.07 15.00 46.0
32.08 15.00 45.9
32.09 15.00 45.9
32.09 15.00 45.8
32.10 15.00 45.8
32.10 15.00 45.9
32.10 15.00 45.9
32.09 15.00 45.9
32.10 15.00 45.9
32.10 15.00 45.9
32.11 15.00 46.0
32.12 15.00 45.8
32.12 15.00 45.9
32.13 15.00 45.8
32.14 15.00 45.6
32.13 15.00 46.0
32.13 15.00 45.8
32.13 15.00 45.9
32.13 15.00 45.9
32.14 15.00 45.9
32.14 15.00 46.0
32.14 15.00 45.9
32.14 15.00 45.8
32.14 15.00 45.9
32.14 15.00 45.9
32.14 15.00 45.8
32.14 15.00 45.9
32.15 15.00 45.9
32.15 15.00 45.8
32.16 15.00 45.6
32.17 15.00 45.8
32.17 15.00 45.9
32.17 15.00 46.0
32.17 15.00 45.8
32.18 15.00 45.6
32.18 15.00 45.9
32.19 15.00 45.8
32.19 15.00 45.6
32.19 15.00 46.0
32.19 15.00 46.0
32.19 15.00 45.6
32.19 15.00 45.6
32.19 15.00 45.5
32.20 15.00 46.0
32.20 15.00 45.8
32.21 15.00 45.8
32.21 15.00 45.8
32.20 15.00 45.9
32.21 15.00 45.8
32.21 15.00 45.9
32.21 15.00 45.9
32.22 15.00 45.8
32.21 15.00 45.9
32.21 15.00 45.9
32.22 15.00 45.8
32.22 15.00 45.8
32.22 15.00 45.8
32.22 15.00 45.8
32.22 15.00 45.8
32.23 15.00 46.0
32.23 15.00 45.9
32.23 15.00 45.9
32.23 15.00 45.9
32.23 15.00 45.5
32.23 15.00 45.9
32.23 15.00 45.9
32.24 15.00 45.8
32.24 15.00 45.9
32.24 15.00 45.8
32.24 15.00 45.8
32.24 15.00 45.8
32.24 15.00 45.9
32.25 15.00 45.8
32.26 15.00 45.8
32.27 15.00 45.8
32.28 15.00 45.8
32.28 15.00 45.8
32.28 15.00 45.3
32.27 15.00 45.9
32.28 15.00 45.9
32.29 15.00 45.9
32.29 15.00 45.9
32.30 15.00 45.6
32.30 15.00 45.6
32.30 15.00 45.6
32.31 15.00 45.8
32.31 15.00 45.9
32.31 15.00 45.9
32.32 15.00 45.9
32.32 15.00 46.0
32.32 15.00 45.9
32.32 15.00 46.0
32.32 15.00 45.6
32.32 15.00 45.8
32.32 15.00 45.8
32.33 15.00 45.6
32.33 15.00 45.8
32.33 15.00 45.8
32.33 15.00 45.8
32.33 15.00 45.8
32.33 15.00 45.9
32.33 15.00 45.6
32.33 15.00 45.6
32.34 15.00 45.9
32.34 15.00 45.6
32.34 15.00 45.5
32.34 15.00 45.9
32.34 15.00 45.8
32.34 15.00 45.8
32.34 15.00 45.6
32.34 15.00 45.6
32.35 15.00 45.9
32.35 15.00 45.8
32.35 15.00 45.9
32.36 15.00 45.6
32.36 15.00 45.6
32.36 15.00 45.9
32.36 15.00 45.9
32.37 15.00 45.8
32.36 15.00 45.8
32.37 15.00 45.9
32.38 15.00 45.8
32.38 15.00 45.8
32.38 15.00 45.6
32.39 15.00 45.6
32.41 15.00 45.9
32.41 15.00 45.9
32.41 15.00 45.6
32.41 15.00 45.8
32.41 15.00 45.9
32.42 15.00 45.6
32.42 15.00 46.0
32.42 15.00 45.8
32.42 15.00 45.8
32.43 15.00 45.8
32.43 15.00 45.8
32.44 15.00 45.9
32.44 15.00 45.9
32.44 15.00 45.8
32.44 15.00 45.9
32.45 15.00 45.8
32.45 15.00 45.8
32.44 15.00 46.0
32.44 15.00 45.8
32.45 15.00 45.8
32.46 15.00 45.8
32.46 15.00 45.9
32.45 15.00 45.9
32.46 15.00 45.8
32.46 15.00 45.9
32.47 15.00 45.9
32.47 15.00 45.9
32.47 15.00 45.6
32.47 15.00 45.9
32.48 15.00 45.8
32.48 15.00 45.8
32.49 15.00 45.6
32.49 15.00 45.6
32.51 15.00 45.6
32.51 15.00 45.6
32.51 15.00 45.9
32.51 15.00 45.9
32.51 15.00 46.0
32.51 15.00 45.9
32.51 15.00 45.9
32.51 15.00 45.8
32.51 15.00 45.8
32.51 15.00 45.6
32.51 15.00 45.8
32.52 15.00 45.8
32.52 15.00 45.9
32.52 15.00 45.8
32.52 15.00 45.8
32.52 15.00 45.8
32.52 15.00 45.6
32.52 15.00 45.6
32.52 15.00 45.8
32.52 15.00 46.0
32.52 15.00 45.9
32.53 15.00 45.9
32.54 15.00 46.0
32.54 15.00 45.9
32.55 15.00 45.8
32.55 15.00 45.6
32.55 15.00 45.6
32.54 15.00 45.6
32.54 15.00 45.8
32.54 15.00 45.6
32.55 15.00 45.8
32.55 15.00 45.9
32.55 15.00 45.6
32.55 15.00 45.8
32.56 15.00 45.6
32.57 15.00 45.8
32.57 15.00 45.8
32.58 15.00 45.8
32.57 15.00 45.9
32.58 15.00 45.6
32.58 15.00 45.8
32.59 15.00 45.6
32.59 15.00 45.9
32.59 15.00 45.8
32.60 15.00 45.6
32.60 15.00 45.8
32.60 15.00 45.8
32.60 15.00 45.6
32.61 15.00 45.6
32.60 15.00 45.8
32.60 15.00 45.9
32.60 15.00 45.8
32.60 15.00 45.9
32.61 15.00 45.6
32.61 15.00 45.8
32.61 15.00 45.6
32.60 15.00 45.6
32.60 15.00 45.6
32.61 15.00 45.8
32.61 15.00 45.8
32.61 15.00 45.8
32.61 15.00 45.6
32.61 15.00 45.6
32.61 15.00 45.8
32.61 15.00 45.6
32.62 15.00 45.8
32.63 15.00 45.9
32.63 15.00 45.8
32.63 15.00 45.8
32.62 15.00 45.6
32.62 15.00 45.3
32.63 15.00 45.8
32.64 15.00 45.8
32.65 15.00 45.8
32.65 15.00 45.8
32.65 15.00 45.8
32.65 15.00 45.5
32.66 15.00 45.9
32.65 15.00 45.9
32.65 15.00 45.6
32.66 15.00 45.8
32.66 15.00 45.9
32.66 15.00 45.5
32.67 15.00 45.9
32.67 15.00 45.8
32.67 15.00 45.6
32.66 15.00 45.6
32.67 15.00 45.8
32.67 15.00 45.6
32.68 15.00 45.8
32.68 15.00 45.9
32.68 15.00 45.8
32.68 15.00 45.8
32.68 15.00 46.0
32.68 15.00 45.8
32.69 15.00 45.9
32.69 15.00 45.8
32.70 15.00 45.8
32.70 15.00 45.6
32.70 15.00 45.9
32.70 15.00 45.8
32.70 15.00 45.9
32.71 15.00 45.8
32.71 15.00 45.8
32.71 15.00 45.6
32.72 15.00 45.3
32.72 15.00 45.9
32.72 15.00 45.6
32.72 15.00 45.8
32.72 15.00 45.8
32.72 15.00 45.9
32.72 15.00 45.6
32.72 15.00 45.6
32.72 15.00 45.6
32.72 15.00 45.8
32.72 15.00 45.8
32.72 15.00 45.9
32.72 15.00 45.8
32.72 15.00 45.6
32.73 15.00 45.8
32.74 15.00 45.8
32.75 15.00 45.8
32.74 15.00 45.6
32.75 15.00 45.8
32.76 15.00 45.6
32.76 15.00 45.8
32.77 15.00 45.8
32.77 15.00 45.6
32.78 15.00 45.9
32.78 15.00 45.8
32.78 15.00 45.9
32.79 15.00 45.8
32.79 15.00 45.8
32.78 15.00 45.8
32.79 15.00 45.8
32.79 15.00 45.8
32.78 15.00 45.6
32.79 15.00 45.5
32.79 15.00 45.8
32.78 15.00 45.8
32.78 15.00 45.6
32.79 15.00 45.8
32.78 15.00 45.5
32.77 15.00 45.5
32.78 15.00 45.8
32.79 15.00 45.5
32.79 15.00 45.6
32.79 15.00 45.6
32.79 15.00 45.8
32.79 15.00 45.9
32.79 15.00 45.8
32.80 15.00 45.8
32.80 15.00 45.9
32.80 15.00 45.6
32.80 15.00 45.8
32.80 15.00 45.8
32.80 15.00 45.6
32.81 15.00 45.8
32.81 15.00 45.8
32.81 15.00 45.8
32.81 15.00 45.6
32.82 15.00 45.8
32.82 15.00 45.8
32.82 15.00 46.0
32.81 15.00 45.5
32.81 15.00 46.0
32.81 15.00 45.5
32.82 15.00 45.5
32.82 15.00 46.0
32.83 15.00 45.6
32.83 15.00 45.6
32.84 15.00 45.9
32.83 15.00 45.6
32.84 15.00 45.8
32.85 15.00 45.8
32.84 15.00 45.9
32.84 15.00 45.8
32.84 15.00 45.6
32.84 15.00 45.8
32.83 15.00 45.6
32.84 15.00 45.6
32.84 15.00 45.9
32.84 15.00 45.8
32.84 15.00 45.8
32.84 15.00 45.9
32.85 15.00 45.6
32.85 15.00 45.9
32.86 15.00 45.8
32.87 15.00 45.8
32.87 15.00 45.8
32.86 15.00 45.8
32.86 15.00 45.8
32.86 15.00 45.8
32.87 15.00 45.6
32.87 15.00 45.8
32.88 15.00 45.6
32.89 15.00 45.8
32.89 15.00 45.5
32.89 15.00 45.3
32.90 15.00 45.3
32.90 15.00 45.8
32.90 15.00 45.9
32.90 15.00 45.8
32.90 15.00 45.6
32.90 15.00 45.3
32.90 15.00 45.8
32.90 15.00 45.8
32.90 15.00 45.3
32.90 15.00 45.9
32.91 15.00 45.8
32.90 15.00 45.6
32.89 15.00 46.0
32.88 15.00 45.9
32.87 15.00 46.0
32.88 15.00 45.8
32.88 15.00 45.8
32.87 15.00 45.8
32.87 15.00 46.0
32.87 15.00 45.6
32.87 15.00 45.9
32.86 15.00 46.0
32.87 15.00 45.5
32.86 15.00 46.0
32.86 15.00 45.9
32.85 15.00 45.9
32.86 15.00 45.6
32.86 15.00 45.6
32.87 15.00 45.8
32.87 15.00 45.9
32.89 15.00 45.8
32.90 15.00 45.6
32.91 15.00 45.8
32.91 15.00 45.8
32.92 15.00 45.8
32.93 15.00 45.3
32.93 15.00 45.9
32.93 15.00 45.8
32.94 15.00 45.3
32.95 15.00 45.8
32.94 15.00 45.9
32.94 15.00 45.8
32.95 15.00 45.8
32.95 15.00 45.8
32.96 15.00 45.8
32.96 15.00 45.8
32.96 15.00 45.9
32.96 15.00 45.6
32.97 15.00 45.6
32.97 15.00 45.8
32.98 15.00 45.6
32.98 15.00 45.8
32.98 15.00 45.9
32.97 15.00 45.8
32.98 15.00 45.8
32.97 15.00 45.8
32.97 15.00 45.8
32.98 15.00 45.8
32.97 15.00 45.8
32.97 15.00 45.8
32.98 15.00 45.6
32.98 15.00 45.8
32.97 15.00 45.8
32.97 15.00 45.8
32.96 15.00 45.8
32.96 15.00 45.6
32.96 15.00 45.6
32.96 15.00 45.8
32.96 15.00 45.6
32.96 15.00 45.9
32.95 15.00 45.9
32.96 15.00 45.9
32.95 15.00 45.9
32.96 15.00 45.8
32.96 15.00 45.6
32.97 15.00 45.8
32.97 15.00 45.6
32.97 15.00 45.8
32.98 15.00 45.6
32.97 15.00 45.8
32.98 15.00 45.8
33.00 15.00 45.9
33.00 15.00 45.6
33.00 15.00 45.8
33.00 15.00 45.8
33.00 15.00 45.9
33.00 15.00 45.8
33.00 15.00 45.6
33.00 15.00 45.6
32.99 15.00 45.9
32.99 15.00 45.8
33.01 15.00 45.5
33.01 15.00 45.6
33.01 15.00 45.6
33.00 15.00 45.9
33.01 15.00 45.6
33.02 15.00 45.5
33.02 15.00 45.6
33.02 15.00 45.8
33.02 15.00 45.8
33.03 15.00 45.9
33.03 15.00 45.6
33.03 15.00 46.0
33.04 15.00 45.6
33.04 15.00 45.8
33.03 15.00 45.6
33.03 15.00 45.6
33.03 15.00 45.8
33.04 15.00 45.8
33.03 15.00 45.6
33.04 15.00 45.8
33.04 15.00 46.0
33.04 15.00 45.6
33.04 15.00 45.6
33.05 15.00 45.5
33.06 15.00 45.8
33.07 15.00 45.6
33.06 15.00 45.6
33.05 15.00 45.8
33.06 15.00 45.6
33.06 15.00 45.6
33.06 15.00 45.8
33.05 15.00 45.8
33.06 15.00 45.8
33.05 15.00 45.8
33.06 15.00 45.6
33.06 15.00 45.8
33.06 15.00 45.6
33.05 15.00 45.8
33.06 15.00 45.6
33.06 15.00 45.6
33.07 15.00 45.8
33.06 15.00 45.8
33.06 15.00 45.8
33.07 15.00 45.8
33.06 15.00 45.6
33.07 15.00 45.8
33.07 15.00 45.8
33.06 15.00 45.6
33.07 15.00 45.6
33.07 15.00 45.6
33.06 15.00 45.6
33.07 15.00 45.9
33.07 15.00 45.6
33.07 15.00 45.6
33.08 15.00 46.0
33.08 15.00 45.8
33.09 15.00 46.0
33.13 15.00 46.0
33.19 15.00 46.0
33.23 15.00 45.9
33.25 15.00 46.0
33.27 15.00 45.8
33.30 15.00 46.2
33.30 15.00 45.8
33.28 15.00 45.9
33.28 15.00 45.8
33.27 15.00 45.6
33.26 15.00 45.8
33.24 15.00 45.8
33.24 15.00 45.8
33.22 15.00 45.9
33.22 15.00 45.6
33.22 15.00 45.6
33.21 15.00 45.8
33.21 15.00 45.6
33.20 15.00 45.9
33.19 15.00 45.9
33.19 15.00 45.6
33.18 15.00 45.9
33.18 15.00 45.8
33.18 15.00 45.8
33.18 15.00 45.8
33.18 15.00 45.8
33.17 15.00 45.8
33.17 15.00 45.8
33.17 15.00 45.6
33.17 15.00 45.6
33.16 15.00 45.9
33.16 15.00 45.9
33.16 15.00 45.8
33.16 15.00 45.5
33.16 15.00 45.9
33.16 15.00 45.9
33.17 15.00 45.6
33.17 15.00 45.6
33.17 15.00 45.8
33.18 15.00 45.9
33.18 15.00 45.5
33.17 15.00 46.0
33.17 15.00 45.6
33.17 15.00 45.5
33.17 15.00 45.6
33.17 15.00 45.5
33.18 15.00 45.8
33.17 15.00 45.6
33.16 15.00 45.9
33.16 15.00 46.0
33.16 15.00 45.5
33.16 15.00 45.8
33.17 15.00 45.8
33.17 15.00 45.9
33.17 15.00 45.8
33.17 15.00 45.9
33.17 15.00 45.6
33.16 15.00 45.9
33.17 15.00 45.6
33.16 15.00 45.8
33.16 15.00 45.6
33.17 15.00 45.6
33.17 15.00 45.8
33.17 15.00 45.6
33.19 15.00 45.6
33.19 15.00 45.8
33.20 15.00 45.6
33.20 15.00 45.8
33.20 15.00 45.9
33.20 15.00 45.8
33.20 15.00 45.6
33.20 15.00 45.8
33.20 15.00 45.8
33.21 15.00 45.6
33.21 15.00 45.5
33.21 15.00 45.5
33.21 15.00 45.6
33.21 15.00 45.8
33.20 15.00 45.9
33.21 15.00 45.5
33.21 15.00 45.8
33.21 15.00 45.6
33.21 15.00 45.6
33.21 15.00 45.8
33.21 15.00 45.8
33.21 15.00 45.6
33.21 15.00 45.6
33.22 15.00 45.5
33.21 15.00 45.6
33.22 15.00 45.9
33.22 15.00 45.9
33.22 15.00 45.8
33.22 15.00 45.8
33.21 15.00 45.5
33.21 15.00 45.8
33.21 15.00 45.5
33.21 15.00 45.6
33.21 15.00 45.8
33.21 15.00 45.9
33.22 15.00 45.8
33.21 15.00 45.6
33.22 15.00 45.8
33.22 15.00 45.9
33.22 15.00 45.6
33.22 15.00 45.6
33.21 15.00 45.8
33.22 15.00 45.8
33.22 15.00 45.8
33.23 15.00 45.6
33.23 15.00 45.8
33.22 15.00 45.8
33.22 15.00 45.5
33.22 15.00 45.8
33.23 15.00 45.5
33.23 15.00 46.0
33.24 15.00 45.6
33.24 15.00 45.6
33.24 15.00 45.9
33.25 15.00 45.6
33.24 15.00 45.8
33.24 15.00 45.8
33.23 15.00 45.8
33.23 15.00 45.5
33.25 15.00 45.8
33.24 15.00 45.9
33.25 15.00 45.8
33.25 15.00 45.8
33.26 15.00 45.6
33.26 15.00 45.8
33.26 15.00 45.5
33.26 15.00 45.6
33.26 15.00 45.6
33.26 15.00 45.8
33.27 15.00 45.6
33.26 15.00 45.5
33.25 15.00 45.6
33.26 15.00 45.6
33.26 15.00 45.8
33.27 15.00 45.6
33.27 15.00 45.9
33.27 15.00 45.8
33.28 15.00 45.6
33.28 15.00 45.8
33.29 15.00 45.6
33.29 15.00 45.8
33.28 15.00 45.6
33.28 15.00 45.6
33.28 15.00 45.5
33.28 15.00 45.8
33.28 15.00 45.8
33.29 15.00 45.9
33.29 15.00 45.8
33.29 15.00 45.8
33.29 15.00 45.8
33.29 15.00 45.6
33.29 15.00 45.8
33.29 15.00 45.6
33.29 15.00 45.6
33.29 15.00 45.6
33.29 15.00 45.8
33.29 15.00 45.8
33.29 15.00 45.8
33.29 15.00 46.0
33.29 15.00 45.5
33.30 15.00 45.6
33.31 15.00 45.5
33.31 15.00 45.6
33.31 15.00 45.6
33.31 15.00 45.8
33.31 15.00 45.8
33.31 15.00 45.8
33.30 15.00 45.6
33.31 15.00 45.8
33.32 15.00 45.8
33.32 15.00 45.6
33.32 15.00 45.5
33.32 15.00 45.6
33.32 15.00 45.6
33.33 15.00 45.9
33.32 15.00 45.6
33.33 15.00 45.6
33.33 15.00 45.8
33.32 15.00 45.8
33.32 15.00 45.9
33.32 15.00 45.6
33.32 15.00 45.8
33.31 15.00 45.6
33.32 15.00 45.8
33.33 15.00 45.6
33.33 15.00 45.8
33.32 15.00 45.6
33.33 15.00 45.6
33.33 15.00 45.8
33.32 15.00 45.6
33.33 15.00 45.9
33.33 15.00 45.8
33.32 15.00 45.6
33.32 15.00 45.8
33.32 15.00 45.8
33.33 15.00 45.6
33.32 15.00 45.8
33.32 15.00 45.8
33.33 15.00 45.8
33.32 15.00 45.8
33.33 15.00 45.8
33.34 15.00 45.3
33.34 15.00 45.9
33.35 15.00 45.6
33.35 15.00 45.6
33.37 15.00 45.8
33.37 15.00 45.6
33.37 15.00 45.8
33.37 15.00 45.8
33.37 15.00 45.8
33.38 15.00 45.6
33.38 15.00 45.6
33.38 15.00 45.8
33.37 15.00 45.8
33.37 15.00 45.8
33.38 15.00 45.6
33.38 15.00 45.6
33.38 15.00 45.9
33.38 15.00 45.8
33.38 15.00 45.8
33.39 15.00 45.8
33.39 15.00 45.8
33.39 15.00 45.6
33.39 15.00 45.8
33.39 15.00 45.6
33.40 15.00 45.8
33.40 15.00 45.8
33.40 15.00 45.6
33.39 15.00 45.8
33.38 15.00 45.8
33.38 15.00 45.8
33.38 15.00 45.8
33.38 15.00 45.9
33.39 15.00 45.8
33.39 15.00 45.6
33.39 15.00 45.8
33.40 15.00 45.6
33.40 15.00 45.6
33.41 15.00 45.6
33.41 15.00 45.6
33.40 15.00 45.8
33.40 15.00 45.9
33.41 15.00 45.5
33.40 15.00 45.8
33.40 15.00 45.8
33.40 15.00 45.8
33.41 15.00 45.5
33.42 15.00 45.8
33.43 15.00 45.8
33.42 15.00 45.9
33.42 15.00 45.8
33.42 15.00 45.8
33.41 15.00 45.9
33.41 15.00 45.8
33.41 15.00 45.5
33.42 15.00 45.8
33.42 15.00 45.6
33.43 15.00 45.6
33.44 15.00 45.8
33.44 15.00 46.0
33.44 15.00 45.6
33.44 15.00 45.8
33.44 15.00 45.9
33.44 15.00 45.3
33.45 15.00 45.6
33.45 15.00 45.6
33.45 15.00 45.8
33.46 15.00 45.8
33.46 15.00 45.6
33.45 15.00 45.9
33.46 15.00 45.5
33.46 15.00 45.9
33.46 15.00 45.6
33.47 15.00 45.8
33.47 15.00 45.3
33.47 15.00 45.6
33.46 15.00 45.9
33.47 15.00 45.8
33.47 15.00 45.8
33.47 15.00 45.6
33.46 15.00 45.9
33.46 15.00 45.8
33.47 15.00 45.6
33.47 15.00 45.8
33.47 15.00 45.6
33.47 15.00 45.8
33.46 15.00 45.9
33.47 15.00 45.8
33.47 15.00 45.6
33.47 15.00 45.6
33.47 15.00 45.6
33.47 15.00 45.8
33.48 15.00 45.6
33.49 15.00 45.6
33.49 15.00 45.6
33.49 15.00 45.6
33.49 15.00 45.6
33.49 15.00 45.8
33.49 15.00 45.8
33.49 15.00 45.5
33.49 15.00 45.8
33.49 15.00 45.8
33.49 15.00 45.6
33.49 15.00 45.6
33.49 15.00 45.8
33.49 15.00 45.6
33.49 15.00 45.6
33.50 15.00 45.8
33.49 15.00 46.0
33.49 15.00 45.5
33.49 15.00 45.6
33.49 15.00 45.9
33.49 15.00 45.8
33.49 15.00 45.6
33.49 15.00 45.8
33.49 15.00 45.9
33.49 15.00 45.8
33.48 15.00 45.9
33.48 15.00 45.6
33.48 15.00 45.6
33.48 15.00 45.6
33.48 15.00 45.8
33.49 15.00 45.9
33.50 15.00 45.6
33.50 15.00 45.6
33.50 15.00 45.8
33.51 15.00 45.6
33.52 15.00 45.8
33.52 15.00 45.9
33.53 15.00 45.6
33.52 15.00 45.8
33.52 15.00 45.6
33.52 15.00 45.6
33.52 15.00 45.6
33.51 15.00 45.6
33.52 15.00 45.8
33.52 15.00 45.6
33.51 15.00 45.8
33.51 15.00 45.9
33.52 15.00 45.5
33.52 15.00 45.9
33.51 15.00 45.5
33.51 15.00 45.6
33.52 15.00 45.8
33.52 15.00 45.6
33.52 15.00 45.8
33.52 15.00 45.8
33.52 15.00 45.8
33.53 15.00 45.8
33.54 15.00 45.6
33.54 15.00 45.8
33.54 15.00 45.8
33.53 15.00 45.5
33.54 15.00 45.6
33.54 15.00 45.5
33.55 15.00 45.5
33.55 15.00 45.6
33.55 15.00 45.8
33.56 15.00 45.8
33.56 15.00 45.6
33.56 15.00 45.8
33.56 15.00 45.8
33.57 15.00 45.8
33.56 15.00 46.0
33.56 15.00 45.6
33.56 15.00 45.8
33.57 15.00 45.5
33.57 15.00 45.8
33.56 15.00 45.8
33.56 15.00 45.6
33.56 15.00 45.6
33.57 15.00 45.9
33.56 15.00 45.6
33.56 15.00 45.8
33.56 15.00 45.5
33.57 15.00 45.8
33.56 15.00 45.9
33.56 15.00 45.8
33.55 15.00 45.6
33.56 15.00 45.8
33.56 15.00 45.8
33.56 15.00 45.6
33.56 15.00 45.8
33.57 15.00 45.9
33.57 15.00 45.9
33.57 15.00 45.6
33.57 15.00 45.6
33.57 15.00 46.0
33.57 15.00 45.6
33.59 15.00 45.8
33.59 15.00 45.6
33.59 15.00 45.8
33.59 15.00 45.9
33.59 15.00 45.8
33.58 15.00 45.6
33.59 15.00 45.9
33.59 15.00 45.5
33.59 15.00 45.8
33.59 15.00 45.8
33.59 15.00 45.6
33.59 15.00 45.8
33.59 15.00 45.5
33.59 15.00 45.8
33.58 15.00 45.5
33.57 15.00 45.5
33.58 15.00 45.6
33.58 15.00 45.6
33.58 15.00 45.8
33.58 15.00 45.6
33.58 15.00 45.6
33.58 15.00 45.8
33.59 15.00 45.9
33.59 15.00 45.8
33.59 15.00 45.8
33.59 15.00 45.6
33.60 15.00 45.6
33.61 15.00 45.6
33.61 15.00 45.8
33.60 15.00 45.8
33.61 15.00 45.6
33.62 15.00 45.6
33.62 15.00 45.8
33.61 15.00 45.9
33.61 15.00 45.9
33.61 15.00 45.8
33.60 15.00 45.9
33.61 15.00 45.8
33.62 15.00 45.6
33.62 15.00 45.8
33.61 15.00 45.8
33.61 15.00 45.6
33.61 15.00 45.9
33.62 15.00 45.6
33.62 15.00 45.6
33.62 15.00 45.6
33.62 15.00 45.6
33.63 15.00 45.5
33.64 15.00 45.8
33.63 15.00 45.6
33.63 15.00 45.8
33.63 15.00 45.6
33.64 15.00 45.8
33.64 15.00 45.6
33.65 15.00 45.5
33.65 15.00 45.6
33.65 15.00 45.8
33.65 15.00 45.6
33.64 15.00 45.8
33.64 15.00 45.9
33.65 15.00 45.5
33.64 15.00 45.8
33.65 15.00 45.8
33.65 15.00 45.9
33.65 15.00 45.6
33.66 15.00 45.8
33.66 15.00 45.6
33.66 15.00 46.0
33.66 15.00 45.6
33.66 15.00 45.8
33.67 15.00 45.6
33.67 15.00 45.6
33.67 15.00 45.5
33.67 15.00 45.6
33.67 15.00 45.6
33.67 15.00 45.6
33.67 15.00 45.8
33.67 15.00 45.8
33.68 15.00 45.8
33.68 15.00 45.5
33.68 15.00 45.6
33.68 15.00 45.6
33.69 15.00 45.6
33.69 15.00 45.6
33.69 15.00 45.9
33.69 15.00 45.9
33.69 15.00 45.8
33.68 15.00 45.6
33.67 15.00 45.8
33.67 15.00 45.8
33.68 15.00 45.8
33.68 15.00 45.8
33.68 15.00 45.8
33.68 15.00 45.8
33.68 15.00 45.5
33.68 15.00 45.6
33.68 15.00 45.5
33.68 15.00 45.9
33.68 15.00 45.9
33.68 15.00 45.8
33.68 15.00 45.8
33.68 15.00 45.8
33.67 15.00 45.6
33.67 15.00 45.8
33.67 15.00 46.0
33.67 15.00 45.6
33.69 15.00 45.9
33.68 15.00 45.8
33.69 15.00 45.8
33.69 15.00 45.8
33.69 15.00 45.8
33.69 15.00 45.8
33.69 15.00 45.8
33.69 15.00 45.8
33.69 15.00 45.6
33.70 15.00 45.6
33.70 15.00 45.8
33.69 15.00 45.8
33.70 15.00 45.8
33.71 15.00 45.8
33.71 15.00 45.6
33.72 15.00 45.5
33.72 15.00 45.8
33.73 15.00 45.8
33.72 15.00 45.6
33.72 15.00 45.8
33.72 15.00 45.6
33.72 15.00 45.8
33.73 15.00 45.9
33.72 15.00 45.8
33.73 15.00 45.9
33.72 15.00 45.5
33.73 15.00 45.8
33.72 15.00 45.8
33.72 15.00 45.8
33.73 15.00 45.6
33.73 15.00 45.6
33.74 15.00 45.8
33.73 15.00 45.8
33.74 15.00 45.6
33.74 15.00 45.9
33.73 15.00 45.6
33.73 15.00 45.8
33.73 15.00 45.8
33.73 15.00 45.5
33.72 15.00 45.8
33.73 15.00 45.5
33.73 15.00 45.8
33.72 15.00 45.8
33.73 15.00 45.8
33.73 15.00 45.5
33.74 15.00 45.8
33.73 15.00 45.6
33.74 15.00 45.6
33.74 15.00 45.9
33.74 15.00 45.8
33.74 15.00 45.8
33.74 15.00 45.6
33.75 15.00 45.9
33.75 15.00 45.8
33.75 15.00 45.6
33.75 15.00 45.8
33.75 15.00 45.6
33.74 15.00 45.8
33.74 15.00 45.6
33.75 15.00 45.9
33.75 15.00 45.6
33.74 15.00 45.8
33.74 15.00 45.6
33.74 15.00 45.8
33.75 15.00 45.8
33.74 15.00 45.8
33.73 15.00 45.6
33.75 15.00 45.8
33.75 15.00 45.6
33.75 15.00 45.8
33.76 15.00 45.6
33.76 15.00 45.5
33.76 15.00 45.6
33.75 15.00 45.9
33.76 15.00 45.9
33.76 15.00 45.8
33.75 15.00 45.8
33.75 15.00 45.9
33.76 15.00 45.5
33.76 15.00 45.5
33.76 15.00 45.8
33.77 15.00 45.6
33.77 15.00 45.8
33.77 15.00 45.5
33.77 15.00 45.9
33.77 15.00 45.9
33.77 15.00 45.8
33.77 15.00 45.8
33.77 15.00 45.8
33.77 15.00 45.6
33.77 15.00 45.5
33.77 15.00 45.8
33.77 15.00 45.6
33.77 15.00 45.6
33.78 15.00 45.6
33.78 15.00 45.6
33.79 15.00 45.6
33.79 15.00 45.6
33.78 15.00 45.5
33.79 15.00 45.6
33.79 15.00 45.6
33.79 15.00 45.8
33.79 15.00 45.8
33.79 15.00 45.8
33.79 15.00 45.9
33.78 15.00 45.5
33.78 15.00 45.8
33.78 15.00 45.8
33.78 15.00 45.9
33.78 15.00 45.8
33.77 15.00 45.6
33.77 15.00 45.6
33.77 15.00 45.6
33.78 15.00 45.6
33.78 15.00 45.6
33.78 15.00 45.6
33.79 15.00 45.6
33.80 15.00 45.6
33.80 15.00 45.8
33.80 15.00 45.8
33.80 15.00 45.5
33.80 15.00 45.8
33.79 15.00 45.6
33.80 15.00 45.6
33.81 15.00 45.6
33.81 15.00 45.9
33.81 15.00 45.6
33.81 15.00 45.6
33.80 15.00 45.9
33.81 15.00 45.5
33.81 15.00 45.5
33.82 15.00 45.6
33.81 15.00 45.9
33.81 15.00 45.8
33.81 15.00 45.6
33.80 15.00 45.9
33.80 15.00 45.6
33.81 15.00 45.6
33.81 15.00 45.8
33.81 15.00 45.8
33.81 15.00 45.8
33.81 15.00 45.6
33.81 15.00 45.8
33.82 15.00 45.6
33.83 15.00 45.6
33.82 15.00 45.8
33.83 15.00 45.6
33.82 15.00 45.8
33.83 15.00 45.8
33.83 15.00 45.8
33.84 15.00 45.6
33.84 15.00 45.6
33.84 15.00 45.3
33.85 15.00 45.6
33.84 15.00 45.8
33.84 15.00 45.6
33.85 15.00 45.8
33.84 15.00 45.9
33.84 15.00 45.6
33.85 15.00 45.9
33.84 15.00 45.8
33.83 15.00 45.9
33.84 15.00 45.8
33.84 15.00 45.6
33.85 15.00 45.6
33.85 15.00 45.3
33.85 15.00 45.6
33.84 15.00 45.8
33.85 15.00 45.6
33.84 15.00 45.8
33.83 15.00 45.6
33.84 15.00 45.6
33.83 15.00 45.8
33.83 15.00 45.5
33.83 15.00 45.8
33.83 15.00 45.8
33.83 15.00 45.8
33.84 15.00 45.6
33.83 15.00 45.9
33.84 15.00 45.6
33.84 15.00 45.6
33.84 15.00 45.9
33.85 15.00 45.6
33.85 15.00 45.8
33.85 15.00 45.6
33.85 15.00 45.8
33.86 15.00 45.6
33.85 15.00 45.6
33.85 15.00 46.0
33.85 15.00 45.6
33.86 15.00 45.6
33.86 15.00 45.9
33.86 15.00 45.6
33.86 15.00 45.9
33.86 15.00 45.5
33.85 15.00 45.6
33.86 15.00 45.6
33.85 15.00 45.6
33.84 15.00 45.5
33.85 15.00 45.8
33.84 15.00 46.0
33.84 15.00 45.8
33.85 15.00 45.8
33.85 15.00 45.6
33.85 15.00 45.6
33.85 15.00 45.9
33.86 15.00 45.6
33.86 15.00 45.8
33.86 15.00 45.8
33.86 15.00 45.6
33.86 15.00 45.6
33.86 15.00 45.8
33.87 15.00 45.8
33.87 15.00 46.0
33.87 15.00 45.5
33.87 15.00 45.6
33.87 15.00 45.5
33.87 15.00 45.6
33.87 15.00 45.6
33.87 15.00 45.3
33.87 15.00 45.5
33.87 15.00 45.8
33.87 15.00 45.8
33.88 15.00 45.6
33.88 15.00 45.6
33.87 15.00 45.9
33.87 15.00 45.6
33.87 15.00 45.9
33.87 15.00 45.6
33.87 15.00 45.5
33.87 15.00 45.6
33.87 15.00 45.9
33.87 15.00 45.6
33.87 15.00 45.6
33.87 15.00 45.5
33.88 15.00 45.8
33.88 15.00 45.8
33.88 15.00 45.9
33.88 15.00 45.8
33.88 15.00 45.6
33.88 15.00 45.8
33.88 15.00 45.6
33.88 15.00 45.8
33.89 15.00 45.8
33.89 15.00 45.8
33.89 15.00 45.8
33.90 15.00 45.6
33.90 15.00 45.8
33.90 15.00 45.8
33.90 15.00 45.6
33.90 15.00 45.6
33.89 15.00 45.6
33.90 15.00 45.6
33.91 15.00 45.8
33.92 15.00 45.8
33.91 15.00 45.8
33.92 15.00 45.8
33.91 15.00 45.6
33.91 15.00 45.6
33.91 15.00 45.6
33.90 15.00 45.6
33.90 15.00 45.8
33.90 15.00 45.9
33.90 15.00 45.6
33.90 15.00 45.6
33.90 15.00 45.9
33.90 15.00 45.6
33.91 15.00 45.6
33.91 15.00 45.8
33.91 15.00 45.5
33.92 15.00 45.8
33.91 15.00 45.8
33.91 15.00 45.9
33.91 15.00 45.6
33.91 15.00 45.6
33.92 15.00 45.6
33.91 15.00 45.8
33.92 15.00 45.8
33.92 15.00 45.6
33.92 15.00 45.6
33.93 15.00 45.6
33.92 15.00 45.8
33.92 15.00 45.6
33.92 15.00 45.5
33.92 15.00 45.8
33.91 15.00 45.5
33.91 15.00 45.8
33.92 15.00 45.8
33.91 15.00 45.8
33.93 15.00 45.8
33.93 15.00 45.8
33.94 15.00 45.8
33.94 15.00 45.5
33.94 15.00 45.6
33.94 15.00 45.5
33.94 15.00 45.8
33.93 15.00 45.8
33.94 15.00 45.6
33.94 15.00 45.8
33.94 15.00 45.6
33.93 15.00 45.9
33.92 15.00 45.8
33.93 15.00 45.5
33.93 15.00 45.6
33.94 15.00 45.5
33.93 15.00 45.6
33.94 15.00 45.6
33.93 15.00 45.8
33.92 15.00 45.6
33.92 15.00 45.8
33.93 15.00 45.5
33.92 15.00 45.6
33.93 15.00 45.9
33.92 15.00 45.6
33.93 15.00 45.8
33.92 15.00 45.8
33.92 15.00 45.8
33.92 15.00 45.6
33.93 15.00 45.5
33.93 15.00 45.8
33.94 15.00 45.8
33.94 15.00 45.6
33.93 15.00 45.9
33.93 15.00 45.8
33.93 15.00 45.6
33.94 15.00 45.5
33.93 15.00 45.6
33.93 15.00 45.6
33.93 15.00 45.5
33.92 15.00 45.8
33.93 15.00 45.8
33.93 15.00 45.6
33.94 15.00 45.6
33.94 15.00 46.0
33.93 15.00 45.5
33.94 15.00 45.5
33.94 15.00 45.6
33.95 15.00 45.8
33.94 15.00 45.8
33.93 15.00 45.8
33.94 15.00 45.8
33.94 15.00 45.5
33.94 15.00 45.9
33.95 15.00 45.6
33.95 15.00 45.9
33.95 15.00 45.8
33.95 15.00 45.6
33.96 15.00 45.8
33.96 15.00 45.8
33.96 15.00 45.6
33.96 15.00 45.6
33.97 15.00 45.6
33.97 15.00 45.5
33.97 15.00 45.3
33.97 15.00 45.9
33.97 15.00 45.5
33.96 15.00 45.8
33.96 15.00 45.6
33.96 15.00 45.6
33.97 15.00 45.5
33.98 15.00 45.6
33.98 15.00 45.8
33.97 15.00 45.8
33.97 15.00 45.8
33.97 15.00 45.6
33.97 15.00 45.8
33.97 15.00 45.8
33.97 15.00 45.6
33.97 15.00 45.8
33.97 15.00 45.5
33.96 15.00 45.8
33.96 15.00 45.6
33.97 15.00 45.6
33.97 15.00 45.6
33.97 15.00 45.5
33.96 15.00 45.8
33.96 15.00 45.9
33.97 15.00 45.6
33.97 15.00 45.8
33.97 15.00 45.5
33.97 15.00 45.6
33.97 15.00 45.8
33.97 15.00 45.8
33.97 15.00 45.6
33.97 15.00 45.5
33.97 15.00 45.9
33.97 15.00 45.8
33.98 15.00 45.6
33.99 15.00 45.6
33.99 15.00 45.8
34.00 15.00 45.9
34.00 15.00 45.9
34.01 15.00 45.6
34.02 15.00 45.6
34.01 15.00 45.5
34.01 15.00 45.9
34.00 15.00 45.6
34.00 15.00 45.6
34.00 15.00 45.8
34.00 15.00 45.6
34.00 15.00 45.6
34.01 15.00 45.8
34.01 15.00 45.8
34.00 15.00 45.9
34.00 15.00 45.6
34.01 15.00 45.8
34.00 15.00 45.9
34.01 15.00 45.5
34.01 15.00 45.8
34.00 15.00 45.6
34.00 15.00 45.8
34.00 15.00 45.6
34.00 15.00 45.6
33.99 15.00 45.9
34.00 15.00 45.6
34.01 15.00 45.6
34.01 15.00 45.9
34.01 15.00 45.8
34.02 15.00 45.8
34.01 15.00 45.6
34.01 15.00 45.5
34.01 15.00 45.8
34.02 15.00 45.9
34.03 15.00 45.6
34.02 15.00 45.9
34.03 15.00 45.6
34.02 15.00 45.6
34.03 15.00 45.6
34.02 15.00 45.6
34.03 15.00 45.6
34.02 15.00 45.8
34.03 15.00 45.8
34.03 15.00 45.6
34.03 15.00 45.6
34.04 15.00 45.6
34.03 15.00 45.9
34.04 15.00 45.5
34.03 15.00 45.6
34.03 15.00 45.6
34.04 15.00 45.5
34.04 15.00 45.8
34.04 15.00 45.9
34.05 15.00 45.6
34.05 15.00 45.6
34.05 15.00 45.6
34.04 15.00 45.8
34.05 15.00 45.8
34.05 15.00 45.6
34.05 15.00 45.6
34.05 15.00 45.3
34.05 15.00 45.6
34.06 15.00 45.5
34.06 15.00 45.6
34.05 15.00 45.9
34.05 15.00 45.6
34.05 15.00 45.8
34.05 15.00 45.8
34.05 15.00 45.8
34.05 15.00 45.9
34.05 15.00 45.8
34.05 15.00 45.6
34.06 15.00 45.9
34.06 15.00 45.6
34.05 15.00 45.8
34.04 15.00 45.5
34.04 15.00 45.6
34.05 15.00 45.8
34.04 15.00 45.8
34.04 15.00 45.8
34.06 15.00 46.0
34.06 15.00 45.5
34.06 15.00 45.6
34.06 15.00 45.8
34.06 15.00 45.6
34.07 15.00 45.8
34.08 15.00 45.6
34.08 15.00 45.9
34.08 15.00 45.6
34.08 15.00 45.6
34.08 15.00 45.8
34.08 15.00 45.6
34.08 15.00 45.6
34.08 15.00 45.6
34.08 15.00 45.8
34.07 15.00 45.8
34.07 15.00 45.5
34.07 15.00 45.8
34.07 15.00 45.8
34.07 15.00 45.6
34.06 15.00 45.6
34.06 15.00 45.9
34.06 15.00 45.9
34.07 15.00 45.5
34.08 15.00 45.6
34.09 15.00 45.6
34.09 15.00 45.6
34.09 15.00 45.6
34.08 15.00 45.5
34.08 15.00 45.6
34.09 15.00 45.8
34.09 15.00 45.9
34.10 15.00 45.6
34.09 15.00 45.8
34.10 15.00 45.6
34.10 15.00 45.8
34.10 15.00 45.8
34.09 15.00 45.6
34.10 15.00 45.8
34.10 15.00 45.8
34.11 15.00 45.5
34.10 15.00 45.9
34.10 15.00 45.8
34.10 15.00 45.8
34.10 15.00 45.6
34.10 15.00 45.6
34.10 15.00 45.8
34.09 15.00 45.6
34.09 15.00 45.6
34.09 15.00 45.6
34.09 15.00 45.9
34.10 15.00 45.8
34.09 15.00 45.8
34.10 15.00 45.8
34.11 15.00 45.8
34.10 15.00 45.8
34.10 15.00 45.8
34.10 15.00 45.8
34.10 15.00 45.8
34.10 15.00 45.8
34.10 15.00 45.6
34.11 15.00 45.5
34.11 15.00 45.8
34.11 15.00 45.9
34.10 15.00 45.6
34.11 15.00 45.8
34.12 15.00 45.6
34.12 15.00 45.8
34.13 15.00 45.8
34.13 15.00 45.6
34.12 15.00 45.8
34.13 15.00 45.9
34.12 15.00 45.8
34.12 15.00 45.8
34.11 15.00 45.6
34.11 15.00 45.3
34.11 15.00 45.3
34.12 15.00 45.9
34.13 15.00 45.9
34.12 15.00 45.6
34.12 15.00 45.6
34.12 15.00 45.5
34.12 15.00 45.8
34.12 15.00 45.8
34.11 15.00 45.6
34.12 15.00 45.8
34.11 15.00 45.6
34.12 15.00 45.8
34.12 15.00 45.8
34.12 15.00 45.6
34.13 15.00 45.8
34.13 15.00 45.5
34.13 15.00 45.6
34.14 15.00 45.8
34.13 15.00 45.6
34.13 15.00 45.8
34.14 15.00 45.9
34.14 15.00 45.6
34.14 15.00 45.6
34.15 15.00 45.8
34.15 15.00 45.8
34.15 15.00 45.6
e 54.84449219703674