09:25:56.987949
40.0  23.5
40.0 0.00 0 23.5
40.0 0.00 0 23.5
40.0 0.00 0 23.5
40.0 0.00 0 23.5
40.0 0.00 0 23.5
40.0 
40.0 0.00 5.50 23.5
40.0 0.00 5.50 23.5
40.0 0.00 5.50 23.5
40.0 0.00 5.50 23.5
40.0 0.00 5.50 23.5
40.0 0.00 5.50 23.5
40.0 0.00 5.50 23.5
40.0 0.00 5.50 23.5
40.0 0.00 5.50 23.5
40.0 0.00 5.50 23.5
40.0 0.00 5.50 23.5
40.0 0.00 5.50 23.5
40.0 0.00 5.50 23.5
40.0 0.00 5.50 23.5
40.0 0.00 5.50 23.5
40.0 0.00 5.50 23.5
40.0 0.00 5.50 23.5
40.0 0.00 5.50 23.5
40.0 0.00 5.50 23.5
40.0 0.00 5.50 23.5
40.0 0.00 5.50 23.5
40.0 0.00 5.50 23.5
40.0 0.00 5.50 23.5
40.0 0.00 5.50 23.5
40.0 0.00 5.50 23.5
40.0 0.00 5.50 23.5
40.0 0.00 5.50 23.5
40.0 0.00 5.50 23.5
40.0 0.00 5.50 23.5
40.0 0.00 5.50 23.5
40.0 0.00 5.50 23.5
40.0 0.00 5.50 23.5
40.0 0.00 5.50 23.5
40.0 0.00 5.50 23.5
40.0 0.00 5.50 23.5
40.0 0.00 5.50 23.5
40.0 0.00 5.50 23.5
40.0 0.00 5.50 23.5
40.0 0.00 5.50 23.5
40.0 0.00 5.50 23.5
40.0 0.00 5.50 23.5
40.0 0.00 5.50 23.5
40.0 0.00 5.50 23.5
40.0 0.00 5.50 23.5
40.0 0.00 5.50 23.5
40.0 0.00 5.50 23.5
40.0 0.00 5.50 23.5
40.0 0.00 5.50 23.5
40.0 0.00 5.50 23.5
40.0 0.00 5.50 23.5
40.0 0.00 5.50 23.5
40.0 0.00 5.50 23.5
40.0 0.00 5.50 23.5
40.0 0.00 5.50 23.5
40.0 0.00 5.50 23.5
40.0 0.00 5.50 23.5
40.0 0.00 5.50 23.5
40.0 0.00 5.50 23.5
40.0 0.00 5.50 23.5
40.0 0.00 5.50 23.5
40.0 0.00 5.50 23.5
40.0 0.00 5.50 23.5
40.0 0.00 5.50 23.5
40.0 0.00 5.50 23.5
40.0 0.00 5.50 23.5
40.0 0.00 5.50 23.5
40.0 0.00 5.50 23.5
40.0 0.00 5.50 23.5
40.0 0.00 5.50 23.5
40.0 0.00 5.50 23.5
40.0 0.00 5.50 23.5
40.0 0.00 5.50 23.5
40.0 0.00 5.50 23.5
40.0 0.00 5.50 23.5
40.0 0.00 5.50 23.5
40.0 0.00 5.50 23.5
40.0 0.00 5.50 23.5
40.0 0.00 5.50 23.5
40.0 0.00 5.50 23.5
40.0 0.00 5.50 23.5
40.0 0.00 5.50 23.5
40.0 0.00 5.50 23.5
40.0 0.00 5.50 23.5
40.0 0.00 5.50 23.5
40.0 0.00 5.50 23.5
40.0 0.00 5.50 23.5
40.0 0.00 5.50 23.5
40.0 0.00 5.50 23.5
40.0 0.00 5.50 23.5
40.0 0.00 5.50 23.5
40.0 0.00 5.50 23.5
40.0 0.00 5.50 23.5
40.0 0.00 5.50 23.5
40.0 0.00 5.50 23.5
40.0 0.00 5.50 23.5
40.0 0.00 5.50 23.5
40.0 0.00 5.50 23.5
40.0 0.00 5.50 23.5
40.0 0.00 5.50 23.5
40.0 0.00 5.50 23.5
40.0 0.00 5.50 23.5
40.0 0.00 5.50 23.5
40.0 0.00 5.50 23.5
40.0 0.00 5.50 23.5
40.0 0.00 5.50 23.5
40.0 0.00 5.50 23.5
40.0 0.00 5.50 23.5
e 11.747257709503174