09:33:15.937318
40 23.5
40 0.00 0 23.5
40 0.00 0 23.5
40 0.00 0 23.5
40 0.00 0 23.5
40 0.00 0 23.5
40 
40 0.10 39.90 23.5
40 0.20 39.80 23.5
40 0.30 39.70 23.5
40 0.40 39.60 23.5
40 0.50 39.50 23.5
40 0.60 39.40 23.5
40 0.70 39.30 23.5
40 0.80 39.20 23.5
40 0.90 39.10 23.5
40 1.00 39.00 23.5
40 1.10 38.90 23.5
40 1.20 38.80 23.5
40 1.30 38.70 23.5
40 1.40 38.60 23.5
40 1.50 38.50 23.5
40 1.60 38.40 23.5
40 1.70 38.30 23.5
40 1.80 38.20 23.5
40 1.90 38.10 23.5
40 2.00 38.00 23.5
40 2.10 37.90 23.5
40 2.20 37.80 23.5
40 2.30 37.70 23.5
40 2.40 37.60 23.5
40 2.50 37.50 23.5
40 2.60 37.40 23.5
40 2.70 37.30 23.5
40 2.80 37.20 23.5
40 2.90 37.10 23.5
40 3.00 37.00 23.5
40 3.10 36.90 23.5
40 3.20 36.80 23.5
40 3.30 36.70 23.5
40 3.40 36.60 23.5
40 3.50 36.50 23.5
40 3.60 36.40 23.5
40 3.70 36.30 23.5
40 3.80 36.20 23.5
40 3.90 36.10 23.5
40 4.00 36.00 23.5
40 4.10 35.90 23.5
40 4.20 35.80 23.5
40 4.30 35.70 23.5
40 4.40 35.60 23.5
40 4.50 35.50 23.5
40 4.60 35.40 23.5
40 4.70 35.30 23.5
40 4.80 35.20 23.5
40 4.90 35.10 23.5
40 5.00 35.00 23.5
40 5.10 34.90 23.5
40 5.20 34.80 23.5
40 5.30 34.70 23.5
40 5.40 34.60 23.5
40 5.50 34.50 23.5
40 5.60 34.40 23.5
40 5.70 34.30 23.5
40 5.80 34.20 23.5
40 5.90 34.10 23.5
40 6.00 34.00 23.5
40 6.10 33.90 23.5
40 6.20 33.80 23.5
40 6.30 33.70 23.5
40 6.40 33.60 23.5
40 6.50 33.50 23.5
40 6.60 33.40 23.5
40 6.70 33.30 23.5
e 7.697024583816528