10:34:35.063385
40 
40 40.00 0 23.5
40 40.00 0 23.5
40 40.00 0 23.5
40 40.00 0 23.5
40 40.00 0 23.5
40 
40 40.00 0.00 23.5
40 40.00 0.00 23.5
40 40.00 0.00 23.5
40 40.00 0.00 23.5
40 40.00 0.00 23.5
40 40.00 0.00 23.5
40 40.00 0.00 23.5
40 40.00 0.00 23.5
40 40.00 0.00 23.5
40 40.00 0.00 23.5
40 40.00 0.00 23.5
40 40.00 0.00 23.5
40 40.00 0.00 23.5
40 40.00 0.00 23.5
40 40.00 0.00 23.5
40 40.00 0.00 23.5
40 40.00 0.00 23.5
40 40.00 0.00 23.5
40 40.00 0.00 23.5
40 40.00 0.00 23.5
40 40.00 0.00 23.5
40 40.00 0.00 23.5
40 40.00 0.00 23.5
40 40.00 0.00 23.5
40 40.00 0.00 23.5
40 40.00 0.00 23.5
40 40.00 0.00 23.5
40 40.00 0.00 23.5
40 40.00 0.00 23.5
40 40.00 0.00 23.5
40 40.00 0.00 23.5
40 40.00 0.00 23.5
40 40.00 0.00 23.5
40 40.00 0.00 23.5
40 40.00 0.00 23.5
40 40.00 0.00 23.5
40 40.00 0.00 23.5
40 40.00 0.00 23.5
40 40.00 0.00 23.5
40 40.00 0.00 23.5
40 40.00 0.00 23.5
40 40.00 0.00 23.5
40 40.00 0.00 23.5
40 40.00 0.00 23.5
40 40.00 0.00 23.5
40 40.00 0.00 23.5
40 40.00 0.00 23.5
40 40.00 0.00 23.5
40 40.00 0.00 23.5
40 40.00 0.00 23.5
40 40.00 0.00 23.5
40 40.00 0.00 23.5
40 40.00 0.00 23.5
40 40.00 0.00 23.5
40 40.00 0.00 23.5
40 40.00 0.00 23.5
40 40.00 0.00 23.5
40 40.00 0.00 23.5
40 40.00 0.00 23.5
40 40.00 0.00 23.5
40 40.00 0.00 23.5
40 40.00 0.00 23.5
40 40.00 0.00 23.5
40 40.00 0.00 23.5
40 40.00 0.00 23.5
40 40.00 0.00 23.5
40 40.00 0.00 23.5
40 40.00 0.00 23.5
40 40.00 0.00 23.5
40 40.00 0.00 23.5
40 40.00 0.00 23.5
40 40.00 0.00 23.5
40 40.00 0.00 23.5
40 40.00 0.00 23.5
40 40.00 0.00 23.5
40 40.00 0.00 23.5
40 40.00 0.00 23.5
40 40.00 0.00 23.5
40 40.00 0.00 23.5
40 40.00 0.00 23.5
40 40.00 0.00 23.5
40 40.00 0.00 23.5
40 40.00 0.00 23.5
40 40.00 0.00 23.5
40 40.00 0.00 23.5
40 40.00 0.00 23.5
40 40.00 0.00 23.5
40 40.00 0.00 23.5
40 40.00 0.00 23.5
40 40.00 0.00 23.5
40 40.00 0.00 23.5
40 40.00 0.00 23.5
40 40.00 0.00 23.5
40 40.00 0.00 23.5
40 40.00 0.00 23.5
40 40.00 0.00 23.5
40 40.00 0.00 23.5
40 40.00 0.00 23.5
40 40.00 0.00 23.5
e 2.7786006927490234