10:31:42.532176
40  23.5
40 39.30 0 23.5
40 39.30 0 23.5
40 39.30 0 23.5
40 39.30 0 23.5
40 39.30 0 23.5
40 
40 39.34 0.66 23.5
40 39.37 0.63 23.5
40 39.40 0.60 23.5
40 39.43 0.57 23.5
40 39.46 0.54 23.5
40 39.49 0.51 23.5
40 39.51 0.49 23.5
40 39.54 0.46 23.5
40 39.56 0.44 23.5
40 39.58 0.42 23.5
40 39.60 0.40 23.5
40 39.62 0.38 23.5
40 39.64 0.36 23.5
40 39.66 0.34 23.5
40 39.68 0.32 23.5
40 39.69 0.31 23.5
40 39.71 0.29 23.5
40 39.72 0.28 23.5
40 39.74 0.26 23.5
40 39.75 0.25 23.5
40 39.76 0.24 23.5
40 39.78 0.22 23.5
40 39.79 0.21 23.5
40 39.80 0.20 23.5
40 39.81 0.19 23.5
40 39.82 0.18 23.5
40 39.83 0.17 23.5
40 39.83 0.17 23.5
40 39.84 0.16 23.5
40 39.85 0.15 23.5
40 39.86 0.14 23.5
40 39.87 0.13 23.5
40 39.87 0.13 23.5
40 39.88 0.12 23.5
40 39.88 0.12 23.5
40 39.89 0.11 23.5
40 39.90 0.10 23.5
40 39.90 0.10 23.5
40 39.91 0.09 23.5
40 39.91 0.09 23.5
40 39.92 0.08 23.5
40 39.92 0.08 23.5
40 39.92 0.08 23.5
40 39.93 0.07 23.5
40 39.93 0.07 23.5
40 39.93 0.07 23.5
40 39.94 0.06 23.5
40 39.94 0.06 23.5
40 39.94 0.06 23.5
40 39.95 0.05 23.5
40 39.95 0.05 23.5
40 39.95 0.05 23.5
40 39.95 0.05 23.5
40 39.96 0.04 23.5
40 39.96 0.04 23.5
e 6.497204065322876