09:26:54.319265
40.0 0.00 0 23.5
40.0 0.00 0 23.5
40.0 0.00 0 23.5
40.0 0.00 0 23.5
40.0 0.00 0 23.5
40.0 0.00 0 23.5
40.0 
40.0 20.00 5.50 23.5
40.0 30.00 5.50 23.5
40.0 35.00 5.50 23.5
40.0 37.50 5.50 23.5
40.0 38.75 5.50 23.5
40.0 39.38 5.50 23.5
40.0 39.69 5.50 23.5
40.0 39.84 5.50 23.5
40.0 39.92 5.50 23.5
40.0 39.96 5.50 23.5
40.0 39.98 5.50 23.5
40.0 39.99 5.50 23.5
40.0 40.00 5.50 23.5
40.0 40.00 5.50 23.5
40.0 40.00 5.50 23.5
40.0 40.00 5.50 23.5
40.0 40.00 5.50 23.5
40.0 40.00 5.50 23.5
40.0 40.00 5.50 23.5
40.0 40.00 5.50 23.5
40.0 40.00 5.50 23.5
40.0 40.00 5.50 23.5
40.0 40.00 5.50 23.5
40.0 40.00 5.50 23.5
40.0 40.00 5.50 23.5
40.0 40.00 5.50 23.5
40.0 40.00 5.50 23.5
40.0 40.00 5.50 23.5
40.0 40.00 5.50 23.5
40.0 40.00 5.50 23.5
40.0 40.00 5.50 23.5
40.0 40.00 5.50 23.5
40.0 40.00 5.50 23.5
40.0 40.00 5.50 23.5
40.0 40.00 5.50 23.5
40.0 40.00 5.50 23.5
40.0 40.00 5.50 23.5
40.0 40.00 5.50 23.5
40.0 40.00 5.50 23.5
40.0 40.00 5.50 23.5
40.0 40.00 5.50 23.5
40.0 40.00 5.50 23.5
40.0 40.00 5.50 23.5
40.0 40.00 5.50 23.5
40.0 40.00 5.50 23.5
40.0 40.00 5.50 23.5
40.0 40.00 5.50 23.5
40.0 40.00 5.50 23.5
40.0 40.00 5.50 23.5
40.0 40.00 5.50 23.5
40.0 40.00 5.50 23.5
40.0 40.00 5.50 23.5
40.0 40.00 5.50 23.5
40.0 40.00 5.50 23.5
40.0 40.00 5.50 23.5
40.0 40.00 5.50 23.5
40.0 40.00 5.50 23.5
40.0 40.00 5.50 23.5
40.0 40.00 5.50 23.5
40.0 40.00 5.50 23.5
40.0 40.00 5.50 23.5
40.0 40.00 5.50 23.5
40.0 40.00 5.50 23.5
40.0 40.00 5.50 23.5
40.0 40.00 5.50 23.5
40.0 40.00 5.50 23.5
40.0 40.00 5.50 23.5
40.0 40.00 5.50 23.5
e 7.807223320007324