09:32:21.998558
40 0 0 23.5
40 0.00 0 23.5
40 0.00 0 23.5
40 0.00 0 23.5
40 0.00 0 23.5
40 0.00 0 23.5
40 
40 0.10 39.90 23.5
40 0.20 39.80 23.5
40 0.30 39.70 23.5
40 0.40 39.60 23.5
40 0.50 39.50 23.5
40 0.60 39.40 23.5
40 0.70 39.30 23.5
40 0.80 39.20 23.5
40 0.90 39.10 23.5
40 1.00 39.00 23.5
40 1.10 38.90 23.5
40 1.20 38.80 23.5
40 1.30 38.70 23.5
40 1.40 38.60 23.5
40 1.50 38.50 23.5
40 1.60 38.40 23.5
40 1.70 38.30 23.5
40 1.80 38.20 23.5
40 1.90 38.10 23.5
40 2.00 38.00 23.5
40 2.10 37.90 23.5
40 2.20 37.80 23.5
40 2.30 37.70 23.5
40 2.40 37.60 23.5
40 2.50 37.50 23.5
40 2.60 37.40 23.5
40 2.70 37.30 23.5
40 2.80 37.20 23.5
40 2.90 37.10 23.5
40 3.00 37.00 23.5
40 3.10 36.90 23.5
40 3.20 36.80 23.5
40 3.30 36.70 23.5
40 3.40 36.60 23.5
40 3.50 36.50 23.5
40 3.60 36.40 23.5
40 3.70 36.30 23.5
40 3.80 36.20 23.5
40 3.90 36.10 23.5
40 4.00 36.00 23.5
40 4.10 35.90 23.5
40 4.20 35.80 23.5
40 4.30 35.70 23.5
40 4.40 35.60 23.5
40 4.50 35.50 23.5
40 4.60 35.40 23.5
40 4.70 35.30 23.5
40 4.80 35.20 23.5
40 4.90 35.10 23.5
40 5.00 35.00 23.5
40 5.10 34.90 23.5
40 5.20 34.80 23.5
40 5.30 34.70 23.5
40 5.40 34.60 23.5
40 5.50 34.50 23.5
40 5.60 34.40 23.5
40 5.70 34.30 23.5
40 5.80 34.20 23.5
40 5.90 34.10 23.5
40 6.00 34.00 23.5
40 6.10 33.90 23.5
40 6.20 33.80 23.5
40 6.30 33.70 23.5
40 6.40 33.60 23.5
40 6.50 33.50 23.5
40 6.60 33.40 23.5
40 6.70 33.30 23.5
40 6.80 33.20 23.5
40 6.90 33.10 23.5
40 7.00 33.00 23.5
40 7.10 32.90 23.5
40 7.20 32.80 23.5
40 7.30 32.70 23.5
40 7.40 32.60 23.5
40 7.50 32.50 23.5
40 7.60 32.40 23.5
40 7.70 32.30 23.5
40 7.80 32.20 23.5
40 7.90 32.10 23.5
40 8.00 32.00 23.5
40 8.10 31.90 23.5
40 8.20 31.80 23.5
40 8.30 31.70 23.5
40 8.40 31.60 23.5
40 8.50 31.50 23.5
40 8.60 31.40 23.5
40 8.70 31.30 23.5
40 8.80 31.20 23.5
40 8.90 31.10 23.5
40 9.00 31.00 23.5
40 9.10 30.90 23.5
40 9.20 30.80 23.5
40 9.30 30.70 23.5
40 9.40 30.60 23.5
40 9.50 30.50 23.5
40 9.60 30.40 23.5
40 9.70 30.30 23.5
40 9.80 30.20 23.5
40 9.90 30.10 23.5
40 10.00 30.00 23.5
40 10.10 29.90 23.5
40 10.20 29.80 23.5
40 10.30 29.70 23.5
40 10.40 29.60 23.5
40 10.50 29.50 23.5
40 10.60 29.40 23.5
40 10.70 29.30 23.5
40 10.80 29.20 23.5
40 10.90 29.10 23.5
40 11.00 29.00 23.5
40 11.10 28.90 23.5
40 11.20 28.80 23.5
40 11.30 28.70 23.5
40 11.40 28.60 23.5
40 11.50 28.50 23.5
40 11.60 28.40 23.5
40 11.70 28.30 23.5
40 11.80 28.20 23.5
40 11.90 28.10 23.5
40 12.00 28.00 23.5
40 12.10 27.90 23.5
40 12.20 27.80 23.5
40 12.30 27.70 23.5
40 12.40 27.60 23.5
