10:30:36.085802
40 3 0 23.5
40 39.93 0 23.5
40 39.93 0 23.5
40 39.93 0 23.5
40 39.93 0 23.5
40 39.93 0 23.5
40 
40 39.93 0.07 23.5
40 39.94 0.06 23.5
40 39.94 0.06 23.5
40 39.94 0.06 23.5
40 39.95 0.05 23.5
40 39.95 0.05 23.5
40 39.95 0.05 23.5
40 39.95 0.05 23.5
40 39.96 0.04 23.5
40 39.96 0.04 23.5
40 39.96 0.04 23.5
40 39.96 0.04 23.5
40 39.96 0.04 23.5
40 39.97 0.03 23.5
40 39.97 0.03 23.5
40 39.97 0.03 23.5
40 39.97 0.03 23.5
40 39.97 0.03 23.5
40 39.97 0.03 23.5
40 39.98 0.02 23.5
40 39.98 0.02 23.5
40 39.98 0.02 23.5
40 39.98 0.02 23.5
40 39.98 0.02 23.5
40 39.98 0.02 23.5
40 39.98 0.02 23.5
40 39.98 0.02 23.5
40 39.98 0.02 23.5
40 39.98 0.02 23.5
40 39.99 0.01 23.5
40 39.99 0.01 23.5
40 39.99 0.01 23.5
40 39.99 0.01 23.5
40 39.99 0.01 23.5
40 39.99 0.01 23.5
40 39.99 0.01 23.5
40 39.99 0.01 23.5
40 39.99 0.01 23.5
40 39.99 0.01 23.5
40 39.99 0.01 23.5
40 39.99 0.01 23.5
40 39.99 0.01 23.5
40 39.99 0.01 23.5
40 39.99 0.01 23.5
40 39.99 0.01 23.5
40 39.99 0.01 23.5
40 39.99 0.01 23.5
40 39.99 0.01 23.5
40 39.99 0.01 23.5
40 39.99 0.01 23.5
40 39.99 0.01 23.5
40 40.00 0.00 23.5
40 40.00 0.00 23.5
40 40.00 0.00 23.5
40 40.00 0.00 23.5
40 40.00 0.00 23.5
40 40.00 0.00 23.5
40 40.00 0.00 23.5
40 40.00 0.00 23.5
40 40.00 0.00 23.5
40 40.00 0.00 23.5
40 40.00 0.00 23.5
40 40.00 0.00 23.5
40 40.00 0.00 23.5
40 40.00 0.00 23.5
40 40.00 0.00 23.5
40 40.00 0.00 23.5
40 40.00 0.00 23.5
40 40.00 0.00 23.5
40 40.00 0.00 23.5
40 40.00 0.00 23.5
40 40.00 0.00 23.5
40 40.00 0.00 23.5
40 40.00 0.00 23.5
40 40.00 0.00 23.5
40 40.00 0.00 23.5
40 40.00 0.00 23.5
40 40.00 0.00 23.5
40 40.00 0.00 23.5
40 40.00 0.00 23.5
40 40.00 0.00 23.5
e 9.129312515258789