09:30:25.048269
40 .00 0 23.5
40 0.00 0 23.5
40 0.00 0 23.5
40 0.00 0 23.5
40 0.00 0 23.5
40 0.00 0 23.5
40 
40 2.00 38.00 23.5
40 3.90 36.10 23.5
40 5.71 34.29 23.5
40 7.42 32.58 23.5
40 9.05 30.95 23.5
40 10.60 29.40 23.5
40 12.07 27.93 23.5
40 13.46 26.54 23.5
40 14.79 25.21 23.5
40 16.05 23.95 23.5
40 17.25 22.75 23.5
40 18.39 21.61 23.5
40 19.47 20.53 23.5
40 20.49 19.51 23.5
40 21.49 18.51 23.5
40 22.49 17.51 23.5
40 23.49 16.51 23.5
40 24.49 15.51 23.5
40 25.49 14.51 23.5
40 26.49 13.51 23.5
40 27.49 12.51 23.5
40 28.49 11.51 23.5
40 29.49 10.51 23.5
40 30.49 9.51 23.5
40 31.49 8.51 23.5
40 32.49 7.51 23.5
40 33.49 6.51 23.5
40 34.49 5.51 23.5
40 35.49 4.51 23.5
40 36.49 3.51 23.5
40 37.49 2.51 23.5
40 38.49 1.51 23.5
40 39.49 0.51 23.5
40 40.49 -0.49 23.5
40 41.49 -1.49 23.5
40 42.49 -2.49 23.5
40 43.49 -3.49 23.5
40 44.49 -4.49 23.5
40 45.49 -5.49 23.5
40 46.49 -6.49 23.5
40 47.49 -7.49 23.5
40 48.49 -8.49 23.5
40 49.49 -9.49 23.5
40 50.49 -10.49 23.5
40 51.49 -11.49 23.5
40 52.49 -12.49 23.5
40 53.49 -13.49 23.5
40 54.49 -14.49 23.5
40 55.49 -15.49 23.5
40 56.49 -16.49 23.5
40 57.49 -17.49 23.5
40 58.49 -18.49 23.5
40 59.49 -19.49 23.5
40 60.49 -20.49 23.5
40 61.49 -21.49 23.5
40 62.49 -22.49 23.5
40 63.49 -23.49 23.5
40 64.49 -24.49 23.5
40 65.49 -25.49 23.5
40 66.49 -26.49 23.5
40 67.49 -27.49 23.5
40 68.49 -28.49 23.5
40 69.49 -29.49 23.5
40 70.49 -30.49 23.5
40 71.49 -31.49 23.5
40 72.49 -32.49 23.5
40 73.49 -33.49 23.5
40 74.49 -34.49 23.5
40 75.49 -35.49 23.5
40 76.49 -36.49 23.5
40 77.49 -37.49 23.5
40 78.49 -38.49 23.5
40 79.49 -39.49 23.5
40 80.49 -40.49 23.5
40 81.49 -41.49 23.5
40 82.49 -42.49 23.5
40 83.49 -43.49 23.5
40 84.49 -44.49 23.5
40 85.49 -45.49 23.5
40 86.49 -46.49 23.5
40 87.49 -47.49 23.5
40 88.49 -48.49 23.5
40 89.49 -49.49 23.5
40 90.49 -50.49 23.5
40 91.49 -51.49 23.5
40 92.49 -52.49 23.5
40 93.49 -53.49 23.5
40 94.49 -54.49 23.5
40 95.49 -55.49 23.5
40 96.49 -56.49 23.5
40 97.49 -57.49 23.5
40 98.49 -58.49 23.5
40 99.49 -59.49 23.5
40 100.49 -60.49 23.5
40 101.49 -61.49 23.5
40 102.49 -62.49 23.5
40 103.49 -63.49 23.5
40 104.49 -64.49 23.5
40 105.49 -65.49 23.5
40 106.49 -66.49 23.5
40 107.49 -67.49 23.5
40 108.49 -68.49 23.5
40 109.49 -69.49 23.5
40 110.49 -70.49 23.5
40 111.49 -71.49 23.5
40 112.49 -72.49 23.5
40 113.49 -73.49 23.5
40 114.49 -74.49 23.5
40 115.49 -75.49 23.5
40 116.49 -76.49 23.5
40 117.49 -77.49 23.5
40 118.49 -78.49 23.5
40 119.49 -79.49 23.5
40 120.49 -80.49 23.5
40 121.49 -81.49 23.5
40 122.49 -82.49 23.5
40 123.49 -83.49 23.5
40 124.49 -84.49 23.5
40 125.49 -85.49 23.5
40 126.49 -86.49 23.5
40 127.49 -87.49 23.5
40 128.49 -88.49 23.5
40 129.49 -89.49 23.5
40 130.49 -90.49 23.5
40 131.49 -91.49 23.5
40 132.49 -92.49 23.5
40 133.49 -93.49 23.5
40 134.49 -94.49 23.5
40 135.49 -95.49 23.5
40 136.49 -96.49 23.5
40 137.49 -97.49 23.5
40 138.49 -98.49 23.5
40 139.49 -99.49 23.5
40 140.49 -100.49 23.5
40 141.49 -101.49 23.5
40 142.49 -102.49 23.5
40 143.49 -103.49 23.5
40 144.49 -104.49 23.5
40 145.49 -105.49 23.5
40 146.49 -106.49 23.5
40 147.49 -107.49 23.5
40 148.49 -108.49 23.5
40 149.49 -109.49 23.5
40 150.49 -110.49 23.5
40 151.49 -111.49 23.5
40 152.49 -112.49 23.5
40 153.49 -113.49 23.5
40 154.49 -114.49 23.5
40 155.49 -115.49 23.5
40 156.49 -116.49 23.5
40 157.49 -117.49 23.5
40 158.49 -118.49 23.5
40 159.49 -119.49 23.5
40 160.49 -120.49 23.5
40 161.49 -121.49 23.5
40 162.49 -122.49 23.5
40 163.49 -123.49 23.5
40 164.49 -124.49 23.5
40 165.49 -125.49 23.5
40 166.49 -126.49 23.5
40 167.49 -127.49 23.5
40 168.49 -128.49 23.5
40 169.49 -129.49 23.5
40 170.49 -130.49 23.5
40 171.49 -131.49 23.5
40 172.49 -132.49 23.5
40 173.49 -133.49 23.5
40 174.49 -134.49 23.5
40 175.49 -135.49 23.5
40 176.49 -136.49 23.5
40 177.49 -137.49 23.5
40 178.49 -138.49 23.5
40 179.49 -139.49 23.5
40 180.49 -140.49 23.5
40 181.49 -141.49 23.5
40 182.49 -142.49 23.5
40 183.49 -143.49 23.5
40 184.49 -144.49 23.5
40 185.49 -145.49 23.5
40 186.49 -146.49 23.5
40 187.49 -147.49 23.5
40 188.49 -148.49 23.5
40 189.49 -149.49 23.5
40 190.49 -150.49 23.5
40 191.49 -151.49 23.5
40 192.49 -152.49 23.5
40 193.49 -153.49 23.5
40 194.49 -154.49 23.5
40 195.49 -155.49 23.5
40 196.49 -156.49 23.5
40 197.49 -157.49 23.5
40 198.49 -158.49 23.5
40 199.49 -159.49 23.5
40 200.49 -160.49 23.5
40 201.49 -161.49 23.5
40 202.49 -162.49 23.5
40 203.49 -163.49 23.5
40 204.49 -164.49 23.5
40 205.49 -165.49 23.5
40 206.49 -166.49 23.5
40 207.49 -167.49 23.5
40 208.49 -168.49 23.5
40 209.49 -169.49 23.5
40 210.49 -170.49 23.5
40 211.49 -171.49 23.5
40 212.49 -172.49 23.5
40 213.49 -173.49 23.5
40 214.49 -174.49 23.5
40 215.49 -175.49 23.5
40 216.49 -176.49 23.5
40 217.49 -177.49 23.5
40 218.49 -178.49 23.5
40 219.49 -179.49 23.5
40 220.49 -180.49 23.5
40 221.49 -181.49 23.5
40 222.49 -182.49 23.5
40 223.49 -183.49 23.5
40 224.49 -184.49 23.5
40 225.49 -185.49 23.5
40 226.49 -186.49 23.5
40 227.49 -187.49 23.5
40 228.49 -188.49 23.5
40 229.49 -189.49 23.5
40 230.49 -190.49 23.5
40 231.49 -191.49 23.5
40 232.49 -192.49 23.5
40 233.49 -193.49 23.5
40 234.49 -194.49 23.5
40 235.49 -195.49 23.5
40 236.49 -196.49 23.5
40 237.49 -197.49 23.5
40 238.49 -198.49 23.5
40 239.49 -199.49 23.5
40 240.49 -200.49 23.5
40 241.49 -201.49 23.5
40 242.49 -202.49 23.5
40 243.49 -203.49 23.5
40 244.49 -204.49 23.5
40 245.49 -205.49 23.5
40 246.49 -206.49 23.5
40 247.49 -207.49 23.5
40 248.49 -208.49 23.5
40 249.49 -209.49 23.5
40 250.49 -210.49 23.5
40 251.49 -211.49 23.5
40 252.49 -212.49 23.5
40 253.49 -213.49 23.5
40 254.49 -214.49 23.5
40 255.49 -215.49 23.5
40 256.49 -216.49 23.5
40 257.49 -217.49 23.5
40 258.49 -218.49 23.5
40 259.49 -219.49 23.5
40 260.49 -220.49 23.5
40 261.49 -221.49 23.5
40 262.49 -222.49 23.5
40 263.49 -223.49 23.5
40 264.49 -224.49 23.5
40 265.49 -225.49 23.5
40 266.49 -226.49 23.5
40 267.49 -227.49 23.5
40 268.49 -228.49 23.5
40 269.49 -229.49 23.5
40 270.49 -230.49 23.5
40 271.49 -231.49 23.5
40 272.49 -232.49 23.5
40 273.49 -233.49 23.5
40 274.49 -234.49 23.5
40 275.49 -235.49 23.5
40 276.49 -236.49 23.5
40 277.49 -237.49 23.5
40 278.49 -238.49 23.5
40 279.49 -239.49 23.5
40 280.49 -240.49 23.5
40 281.49 -241.49 23.5
40 282.49 -242.49 23.5
40 283.49 -243.49 23.5
40 284.49 -244.49 23.5
40 285.49 -245.49 23.5
40 286.49 -246.49 23.5
40 287.49 -247.49 23.5
40 288.49 -248.49 23.5
40 289.49 -249.49 23.5
40 290.49 -250.49 23.5
40 291.49 -251.49 23.5
40 292.49 -252.49 23.5
40 293.49 -253.49 23.5
40 294.49 -254.49 23.5
40 295.49 -255.49 23.5
40 296.49 -256.49 23.5
40 297.49 -257.49 23.5
40 298.49 -258.49 23.5
40 299.49 -259.49 23.5
40 300.49 -260.49 23.5
40 301.49 -261.49 23.5
40 302.49 -262.49 23.5
40 303.49 -263.49 23.5
40 304.49 -264.49 23.5
40 305.49 -265.49 23.5
40 306.49 -266.49 23.5
40 307.49 -267.49 23.5
40 308.49 -268.49 23.5
40 309.49 -269.49 23.5
40 310.49 -270.49 23.5
40 311.49 -271.49 23.5
40 312.49 -272.49 23.5
40 313.49 -273.49 23.5
40 314.49 -274.49 23.5
40 315.49 -275.49 23.5
40 316.49 -276.49 23.5
40 317.49 -277.49 23.5
40 318.49 -278.49 23.5
40 319.49 -279.49 23.5
40 320.49 -280.49 23.5
40 321.49 -281.49 23.5
40 322.49 -282.49 23.5
40 323.49 -283.49 23.5
40 324.49 -284.49 23.5
40 325.49 -285.49 23.5
40 326.49 -286.49 23.5
40 327.49 -287.49 23.5
40 328.49 -288.49 23.5
40 329.49 -289.49 23.5
40 330.49 -290.49 23.5
40 331.49 -291.49 23.5
40 332.49 -292.49 23.5
40 333.49 -293.49 23.5
40 334.49 -294.49 23.5
40 335.49 -295.49 23.5
40 336.49 -296.49 23.5
40 337.49 -297.49 23.5
40 338.49 -298.49 23.5
40 339.49 -299.49 23.5
40 340.49 -300.49 23.5
40 341.49 -301.49 23.5
40 342.49 -302.49 23.5
40 343.49 -303.49 23.5
40 344.49 -304.49 23.5
40 345.49 -305.49 23.5
40 346.49 -306.49 23.5
40 347.49 -307.49 23.5
40 348.49 -308.49 23.5
40 349.49 -309.49 23.5
40 350.49 -310.49 23.5
40 351.49 -311.49 23.5
40 352.49 -312.49 23.5
40 353.49 -313.49 23.5
40 354.49 -314.49 23.5
40 355.49 -315.49 23.5
40 356.49 -316.49 23.5
40 357.49 -317.49 23.5
40 358.49 -318.49 23.5
40 359.49 -319.49 23.5
40 360.49 -320.49 23.5
40 361.49 -321.49 23.5
40 362.49 -322.49 23.5
40 363.49 -323.49 23.5
40 364.49 -324.49 23.5
40 365.49 -325.49 23.5
40 366.49 -326.49 23.5
40 367.49 -327.49 23.5
40 368.49 -328.49 23.5
40 369.49 -329.49 23.5
40 370.49 -330.49 23.5
40 371.49 -331.49 23.5
40 372.49 -332.49 23.5
40 373.49 -333.49 23.5
40 374.49 -334.49 23.5
40 375.49 -335.49 23.5
40 376.49 -336.49 23.5
40 377.49 -337.49 23.5
40 378.49 -338.49 23.5
40 379.49 -339.49 23.5
40 380.49 -340.49 23.5
40 381.49 -341.49 23.5
40 382.49 -342.49 23.5
40 383.49 -343.49 23.5
40 384.49 -344.49 23.5
40 385.49 -345.49 23.5
40 386.49 -346.49 23.5
40 387.49 -347.49 23.5
40 388.49 -348.49 23.5
40 389.49 -349.49 23.5
40 390.49 -350.49 23.5
40 391.49 -351.49 23.5
40 392.49 -352.49 23.5
40 393.49 -353.49 23.5
40 394.49 -354.49 23.5
