09:31:21.035979
40 0 0 23.5
40 0.00 0 23.5
40 0.00 0 23.5
40 0.00 0 23.5
40 0.00 0 23.5
40 0.00 0 23.5
40 
40 0.10 39.90 23.5
40 0.20 39.80 23.5
40 0.30 39.70 23.5
40 0.40 39.60 23.5
40 0.50 39.50 23.5
40 0.60 39.40 23.5
40 0.70 39.30 23.5
40 0.80 39.20 23.5
40 0.90 39.10 23.5
40 1.00 39.00 23.5
40 1.10 38.90 23.5
40 1.20 38.80 23.5
40 1.30 38.70 23.5
40 1.40 38.60 23.5
40 1.50 38.50 23.5
40 1.60 38.40 23.5
40 1.70 38.30 23.5
40 1.80 38.20 23.5
40 1.90 38.10 23.5
40 2.00 38.00 23.5
40 2.10 37.90 23.5
40 2.20 37.80 23.5
40 2.30 37.70 23.5
40 2.40 37.60 23.5
40 2.50 37.50 23.5
40 2.60 37.40 23.5
40 2.70 37.30 23.5
40 2.80 37.20 23.5
40 2.90 37.10 23.5
40 3.00 37.00 23.5
40 3.10 36.90 23.5
40 3.20 36.80 23.5
40 3.30 36.70 23.5
40 3.40 36.60 23.5
40 3.50 36.50 23.5
40 3.60 36.40 23.5
40 3.70 36.30 23.5
40 3.80 36.20 23.5
40 3.90 36.10 23.5
40 4.00 36.00 23.5
40 4.10 35.90 23.5
40 4.20 35.80 23.5
40 4.30 35.70 23.5
40 4.40 35.60 23.5
40 4.50 35.50 23.5
40 4.60 35.40 23.5
40 4.70 35.30 23.5
40 4.80 35.20 23.5
40 4.90 35.10 23.5
40 5.00 35.00 23.5
40 5.10 34.90 23.5
40 5.20 34.80 23.5
40 5.30 34.70 23.5
40 5.40 34.60 23.5
40 5.50 34.50 23.5
40 5.60 34.40 23.5
40 5.70 34.30 23.5
40 5.80 34.20 23.5
40 5.90 34.10 23.5
40 6.00 34.00 23.5
40 6.10 33.90 23.5
40 6.20 33.80 23.5
40 6.30 33.70 23.5
40 6.40 33.60 23.5
40 6.50 33.50 23.5
40 6.60 33.40 23.5
40 6.70 33.30 23.5
40 6.80 33.20 23.5
40 6.90 33.10 23.5
40 7.00 33.00 23.5
40 7.10 32.90 23.5
40 7.20 32.80 23.5
40 7.30 32.70 23.5
40 7.40 32.60 23.5
40 7.50 32.50 23.5
40 7.60 32.40 23.5
40 7.70 32.30 23.5
40 7.80 32.20 23.5
40 7.90 32.10 23.5
40 8.00 32.00 23.5
40 8.10 31.90 23.5
40 8.20 31.80 23.5
40 8.30 31.70 23.5
40 8.40 31.60 23.5
40 8.50 31.50 23.5
40 8.60 31.40 23.5
40 8.70 31.30 23.5
40 8.80 31.20 23.5
40 8.90 31.10 23.5
40 9.00 31.00 23.5
40 9.10 30.90 23.5
40 9.20 30.80 23.5
40 9.30 30.70 23.5
40 9.40 30.60 23.5
40 9.50 30.50 23.5
40 9.60 30.40 23.5
40 9.70 30.30 23.5
40 9.80 30.20 23.5
40 9.90 30.10 23.5
40 10.00 30.00 23.5
40 10.10 29.90 23.5
40 10.20 29.80 23.5
40 10.30 29.70 23.5
40 10.40 29.60 23.5
40 10.50 29.50 23.5
40 10.60 29.40 23.5
40 10.70 29.30 23.5
40 10.80 29.20 23.5
40 10.90 29.10 23.5
40 11.00 29.00 23.5
40 11.10 28.90 23.5
40 11.20 28.80 23.5
40 11.30 28.70 23.5
40 11.40 28.60 23.5
40 11.50 28.50 23.5
40 11.60 28.40 23.5
40 11.70 28.30 23.5
40 11.80 28.20 23.5
40 11.90 28.10 23.5
40 12.00 28.00 23.5
40 12.10 27.90 23.5
40 12.20 27.80 23.5
40 12.30 27.70 23.5
40 12.40 27.60 23.5
40 12.50 27.50 23.5
40 12.60 27.40 23.5
40 12.70 27.30 23.5
40 12.80 27.20 23.5
40 12.90 27.10 23.5
40 13.00 27.00 23.5
40 13.10 26.90 23.5
40 13.20 26.80 23.5
40 13.30 26.70 23.5
40 13.40 26.60 23.5
40 13.50 26.50 23.5
40 13.60 26.40 23.5
40 13.70 26.30 23.5
40 13.80 26.20 23.5
40 13.90 26.10 23.5
40 14.00 26.00 23.5
40 14.10 25.90 23.5
40 14.20 25.80 23.5
40 14.30 25.70 23.5
40 14.40 25.60 23.5
40 14.50 25.50 23.5
40 14.60 25.40 23.5
40 14.70 25.30 23.5
40 14.80 25.20 23.5
40 14.90 25.10 23.5
40 15.00 25.00 23.5
40 15.10 24.90 23.5
40 15.20 24.80 23.5
40 15.30 24.70 23.5
40 15.40 24.60 23.5
40 15.50 24.50 23.5
40 15.60 24.40 23.5
40 15.70 24.30 23.5
40 15.80 24.20 23.5
40 15.90 24.10 23.5
40 16.00 24.00 23.5
40 16.10 23.90 23.5
40 16.20 23.80 23.5
40 16.30 23.70 23.5
40 16.40 23.60 23.5
40 16.50 23.50 23.5
40 16.60 23.40 23.5
40 16.70 23.30 23.5
40 16.80 23.20 23.5
40 16.90 23.10 23.5
40 17.00 23.00 23.5
40 17.10 22.90 23.5
40 17.20 22.80 23.5
40 17.30 22.70 23.5
40 17.40 22.60 23.5
40 17.50 22.50 23.5
40 17.60 22.40 23.5
40 17.70 22.30 23.5
40 17.80 22.20 23.5
40 17.90 22.10 23.5
40 18.00 22.00 23.5
40 18.10 21.90 23.5
40 18.20 21.80 23.5
40 18.30 21.70 23.5
40 18.40 21.60 23.5
40 18.50 21.50 23.5
40 18.60 21.40 23.5
40 18.70 21.30 23.5
40 18.80 21.20 23.5
40 18.90 21.10 23.5
40 19.00 21.00 23.5
40 19.10 20.90 23.5
40 19.20 20.80 23.5
40 19.30 20.70 23.5
40 19.40 20.60 23.5
40 19.50 20.50 23.5
40 19.60 20.40 23.5
40 19.70 20.30 23.5
40 19.80 20.20 23.5
40 19.90 20.10 23.5
40 20.00 20.00 23.5
40 20.10 19.90 23.5
40 20.20 19.80 23.5
40 20.30 19.70 23.5
40 20.40 19.60 23.5
40 20.50 19.50 23.5
40 20.60 19.40 23.5
40 20.70 19.30 23.5
40 20.80 19.20 23.5
40 20.90 19.10 23.5
40 21.00 19.00 23.5
40 21.10 18.90 23.5
40 21.20 18.80 23.5
40 21.30 18.70 23.5
40 21.40 18.60 23.5
40 21.50 18.50 23.5
40 21.60 18.40 23.5
40 21.70 18.30 23.5
40 21.80 18.20 23.5
40 21.90 18.10 23.5
40 22.00 18.00 23.5
40 22.10 17.90 23.5
40 22.20 17.80 23.5
40 22.30 17.70 23.5
40 22.40 17.60 23.5
40 22.50 17.50 23.5
40 22.60 17.40 23.5
40 22.70 17.30 23.5
40 22.80 17.20 23.5
40 22.90 17.10 23.5
40 23.00 17.00 23.5
40 23.10 16.90 23.5
40 23.20 16.80 23.5
40 23.30 16.70 23.5
40 23.40 16.60 23.5
40 23.50 16.50 23.5
40 23.60 16.40 23.5
40 23.70 16.30 23.5
40 23.80 16.20 23.5
40 23.90 16.10 23.5
40 24.00 16.00 23.5
40 24.10 15.90 23.5
40 24.20 15.80 23.5
40 24.30 15.70 23.5
40 24.40 15.60 23.5
40 24.50 15.50 23.5
40 24.60 15.40 23.5
40 24.70 15.30 23.5
40 24.80 15.20 23.5
40 24.90 15.10 23.5
40 25.00 15.00 23.5
40 25.10 14.90 23.5
40 25.20 14.80 23.5
40 25.30 14.70 23.5
40 25.40 14.60 23.5
40 25.50 14.50 23.5
40 25.60 14.40 23.5
40 25.70 14.30 23.5
40 25.80 14.20 23.5
40 25.90 14.10 23.5
40 26.00 14.00 23.5
40 26.10 13.90 23.5
40 26.20 13.80 23.5
40 26.30 13.70 23.5
40 26.40 13.60 23.5
40 26.50 13.50 23.5
40 26.60 13.40 23.5
40 26.70 13.30 23.5
40 26.80 13.20 23.5
40 26.90 13.10 23.5
40 27.00 13.00 23.5
40 27.10 12.90 23.5
40 27.20 12.80 23.5
40 27.30 12.70 23.5
40 27.40 12.60 23.5
40 27.50 12.50 23.5
40 27.60 12.40 23.5
40 27.70 12.30 23.5
40 27.80 12.20 23.5
40 27.90 12.10 23.5
40 28.00 12.00 23.5
40 28.10 11.90 23.5
40 28.20 11.80 23.5
40 28.30 11.70 23.5
