10:32:47.657672
40 0 0 23.5
40 40.00 0 23.5
40 40.00 0 23.5
40 40.00 0 23.5
40 40.00 0 23.5
40 40.00 0 23.5
40 
40 40.00 0.00 23.5
40 40.00 0.00 23.5
40 40.00 0.00 23.5
40 40.00 0.00 23.5
40 40.00 0.00 23.5
40 40.00 0.00 23.5
40 40.00 0.00 23.5
40 40.00 0.00 23.5
40 40.00 0.00 23.5
40 40.00 0.00 23.5
40 40.00 0.00 23.5
40 40.00 0.00 23.5
40 40.00 0.00 23.5
40 40.00 0.00 23.5
40 40.00 0.00 23.5
40 40.00 0.00 23.5
40 40.00 0.00 23.5
40 40.00 0.00 23.5
40 40.00 0.00 23.5
40 40.00 0.00 23.5
40 40.00 0.00 23.5
40 40.00 0.00 23.5
40 40.00 0.00 23.5
40 40.00 0.00 23.5
40 40.00 0.00 23.5
40 40.00 0.00 23.5
40 40.00 0.00 23.5
40 40.00 0.00 23.5
40 40.00 0.00 23.5
40 40.00 0.00 23.5
40 40.00 0.00 23.5
40 40.00 0.00 23.5
40 40.00 0.00 23.5
40 40.00 0.00 23.5
40 40.00 0.00 23.5
40 40.00 0.00 23.5
40 40.00 0.00 23.5
40 40.00 0.00 23.5
40 40.00 0.00 23.5
40 40.00 0.00 23.5
40 40.00 0.00 23.5
40 40.00 0.00 23.5
40 40.00 0.00 23.5
40 40.00 0.00 23.5
40 40.00 0.00 23.5
40 40.00 0.00 23.5
40 40.00 0.00 23.5
40 40.00 0.00 23.5
40 40.00 0.00 23.5
40 40.00 0.00 23.5
40 40.00 0.00 23.5
40 40.00 0.00 23.5
40 40.00 0.00 23.5
40 40.00 0.00 23.5
40 40.00 0.00 23.5
40 40.00 0.00 23.5
40 40.00 0.00 23.5
40 40.00 0.00 23.5
40 40.00 0.00 23.5
40 40.00 0.00 23.5
40 40.00 0.00 23.5
40 40.00 0.00 23.5
40 40.00 0.00 23.5
40 40.00 0.00 23.5
40 40.00 0.00 23.5
40 40.00 0.00 23.5
40 40.00 0.00 23.5
40 40.00 0.00 23.5
40 40.00 0.00 23.5
40 40.00 0.00 23.5
40 40.00 0.00 23.5
40 40.00 0.00 23.5
40 40.00 0.00 23.5
40 40.00 0.00 23.5
40 40.00 0.00 23.5
40 40.00 0.00 23.5
40 40.00 0.00 23.5
40 40.00 0.00 23.5
40 40.00 0.00 23.5
40 40.00 0.00 23.5
40 40.00 0.00 23.5
40 40.00 0.00 23.5
40 40.00 0.00 23.5
40 40.00 0.00 23.5
40 40.00 0.00 23.5
40 40.00 0.00 23.5
40 40.00 0.00 23.5
40 40.00 0.00 23.5
40 40.00 0.00 23.5
40 40.00 0.00 23.5
40 40.00 0.00 23.5
40 40.00 0.00 23.5
40 40.00 0.00 23.5
40 40.00 0.00 23.5
40 40.00 0.00 23.5
40 40.00 0.00 23.5
40 40.00 0.00 23.5
40 40.00 0.00 23.5
40 40.00 0.00 23.5
40 40.00 0.00 23.5
40 40.00 0.00 23.5
40 40.00 0.00 23.5
40 40.00 0.00 23.5
40 40.00 0.00 23.5
40 40.00 0.00 23.5
40 40.00 0.00 23.5
40 40.00 0.00 23.5
40 40.00 0.00 23.5
40 40.00 0.00 23.5
40 40.00 0.00 23.5
40 40.00 0.00 23.5
40 40.00 0.00 23.5
40 40.00 0.00 23.5
40 40.00 0.00 23.5
40 40.00 0.00 23.5
40 40.00 0.00 23.5
40 40.00 0.00 23.5
40 40.00 0.00 23.5
40 40.00 0.00 23.5
40 40.00 0.00 23.5
40 40.00 0.00 23.5
40 40.00 0.00 23.5
40 40.00 0.00 23.5
40 40.00 0.00 23.5
40 40.00 0.00 23.5
40 40.00 0.00 23.5
40 40.00 0.00 23.5
40 40.00 0.00 23.5
40 40.00 0.00 23.5
40 40.00 0.00 23.5
40 40.00 0.00 23.5
40 40.00 0.00 23.5
40 40.00 0.00 23.5
40 40.00 0.00 23.5
40 40.00 0.00 23.5
40 40.00 0.00 23.5
e 3.4323697090148926